2.191799393465098389e-01 1.550982308316407554e+01 3.683535669800713658e+06
2.249551468746391059e-01 1.530544858334388003e+01 3.274099537635020446e+06
2.308895066132503338e-01 1.508323779308447676e+01 2.857083246129711159e+06
2.370154163560148630e-01 1.487405384322599922e+01 2.523605452419898473e+06
2.433313089596487455e-01 1.468993882086313008e+01 2.220549438388250768e+06
2.498196650094874072e-01 1.451308551931565383e+01 1.939545084726745263e+06
2.564983606050951770e-01 1.434942461532475910e+01 1.729590402176223230e+06
2.633711060149260819e-01 1.420256940024651904e+01 1.521965898485017708e+06
2.704408070484756177e-01 1.405336949266602353e+01 1.341905099054530263e+06
2.777081547090834435e-01 1.391629422701310403e+01 1.184690424001162406e+06
2.851808171814860238e-01 1.378449011939508928e+01 1.047247776592952781e+06
2.928648133983519086e-01 1.366001753309494049e+01 9.224283737426984590e+05
3.007376325637954317e-01 1.354871766505449848e+01 8.129665175553150475e+05
3.088256664173762434e-01 1.343444365095686877e+01 7.183883793157435721e+05
3.171311789742422005e-01 1.333469409482768597e+01 6.335913069592696847e+05
3.256622920278302580e-01 1.323600442599552629e+01 5.591023382499236614e+05
3.343855494971813003e-01 1.314447906724123882e+01 4.934494841546191601e+05
3.433377448296238699e-01 1.305958712466780547e+01 4.348241250979623292e+05
3.525144907953298157e-01 1.298500279393132928e+01 3.855143916818514699e+05
3.619242326124647580e-01 1.290509945673927206e+01 3.396590482757112477e+05
3.715517388053963255e-01 1.282881308604211412e+01 3.003181945281968219e+05
3.814327782571810821e-01 1.275915567551212781e+01 2.652486096654534340e+05
3.915077461245115575e-01 1.269673846114144666e+01 2.346986522775699559e+05
4.018411247797286090e-01 1.263688510198069892e+01 2.072828115296664473e+05
4.123888475686158794e-01 1.257407712364605956e+01 1.835805798990271287e+05
4.231843765140805846e-01 1.252316202114267440e+01 1.624000681200675608e+05
4.342208170924900523e-01 1.247106643421604133e+01 1.434407359971532424e+05
4.454910694220973744e-01 1.242174772701097574e+01 1.271547095680304919e+05
4.569869192565632066e-01 1.237907309724537441e+01 1.124849864327630639e+05
4.687384000520177230e-01 1.233332362312638253e+01 9.910022924934425100e+04
4.807161830128785507e-01 1.229403599436374783e+01 8.828892173475302116e+04
4.929145988965753511e-01 1.225574698389652006e+01 7.813875884915280039e+04
5.053528793158135191e-01 1.221785926506462339e+01 6.937356379312841455e+04
5.180335313126064323e-01 1.218315965969888914e+01 6.152366761690140265e+04
5.309494908213830966e-01 1.215141738406887129e+01 5.456912105851418892e+04
5.440998729445724047e-01 1.211931484571084106e+01 4.844499958707430051e+04
5.574848055834494831e-01 1.209077055967202874e+01 4.296512217579397839e+04
5.710757289159608119e-01 1.206323852023485976e+01 3.818485015457403642e+04
5.848667178917297260e-01 1.203604277991011173e+01 3.392167919699104095e+04
5.984637582670199185e-01 1.201138601253369131e+01 3.031077401066510720e+04
6.118273233836859504e-01 1.198736940983063803e+01 2.707107706658964889e+04
6.250817329385106591e-01 1.196355721164372632e+01 2.430336707925843803e+04
6.382729158340849640e-01 1.194124943708486697e+01 2.189725748003909393e+04
6.515093013069942485e-01 1.191791662695522014e+01 1.966257150889200420e+04
6.648525374756940609e-01 1.189550514574037443e+01 1.767266948325664271e+04
6.783583350475119733e-01 1.187357544322154190e+01 1.592685146654487835e+04
6.920389321167640384e-01 1.184989559438931650e+01 1.431251334501844394e+04
7.059726496877758439e-01 1.182899456645882452e+01 1.287697129623050569e+04
7.201595979445892803e-01 1.180643235821150761e+01 1.155747570694093156e+04
7.346873774825727343e-01 1.178498673946813469e+01 1.038587072086212356e+04
7.494487640550900887e-01 1.176307300267701272e+01 9.324662610855775711e+03
7.646029329163990251e-01 1.174045698257304693e+01 8.362490918937193783e+03
7.801209603595861131e-01 1.172185104626256802e+01 7.490495642595906247e+03
7.960243047037426356e-01 1.170238581009196999e+01 6.704847729731656727e+03
8.123352426902663570e-01 1.168187860705058334e+01 5.999567340947332923e+03
8.290669798344010299e-01 1.166339668759629333e+01 5.364316068357960830e+03
8.462281835097221760e-01 1.164460546800835061e+01 4.789286121146253208e+03
8.638156342502921747e-01 1.162696475102668892e+01 4.272673915578176093e+03
8.818617250253996120e-01 1.161072514930015664e+01 3.780226909395919847e+03
9.003659417556464373e-01 1.159316488744191531e+01 3.393943181298915533e+03
9.193375230521537711e-01 1.157574494603697701e+01 3.020580594910508808e+03
9.387790715272219533e-01 1.156286162295615760e+01 2.690771825730810633e+03
9.586780324989389035e-01 1.155479889681096139e+01 2.391446808713013525e+03
9.790607181592916319e-01 1.153595364903090115e+01 2.123753977193406172e+03
9.999080396601572884e-01 1.152248435567794971e+01 1.888010277999679602e+03
1.021223896908700413e+00 1.151445797246137204e+01 1.676793666815887718e+03
1.043002367502237293e+00 1.150016495531046345e+01 1.487991164968281055e+03
1.065241681644419458e+00 1.149087411840167405e+01 1.321207147142440817e+03
1.087929749561706183e+00 1.148007740037222035e+01 1.172826365077064338e+03
1.111062740783032465e+00 1.147300079899974357e+01 1.039859990583481022e+03
1.134543395311406577e+00 1.146394728735746327e+01 9.223932605045208675e+02
1.158236684971581720e+00 1.145765834840974584e+01 8.200324932446807225e+02
1.182120657689304632e+00 1.144909823507458491e+01 7.287685964726380234e+02
1.206217641602603141e+00 1.144132674149827444e+01 6.479497527114606328e+02
1.230479296939816169e+00 1.143940342802444121e+01 5.771829592459689593e+02
1.254889564195753815e+00 1.143122850606701135e+01 5.133402105914796039e+02
1.279483540334806158e+00 1.142358807703984525e+01 4.579944146200468253e+02
1.304211686513889745e+00 1.141653388593760887e+01 4.062620899735716762e+02
1.329099835749245839e+00 1.141133953559416270e+01 3.648886166567614850e+02
1.354032744553494760e+00 1.140501012341665898e+01 3.257867007951726350e+02
1.379137294645814249e+00 1.140003961707555113e+01 2.911387000782924019e+02
1.404246928233532588e+00 1.139591207731404765e+01 2.604408606131682404e+02
1.429482629172170949e+00 1.138798427501229327e+01 2.331262681148447484e+02
1.454748288146345825e+00 1.138153869045974886e+01 2.075838786845625918e+02
1.480059459678557676e+00 1.137421710861197965e+01 1.871658083976535352e+02
1.505385668799892773e+00 1.136760611741977556e+01 1.677399180905770208e+02
1.530640009736017326e+00 1.136104949020293731e+01 1.505097372063429759e+02
1.555913876994285294e+00 1.135336659153932359e+01 1.351703906186889697e+02
1.581137147591180403e+00 1.134586703744655978e+01 1.215658998941871118e+02
1.606350948574523985e+00 1.133883946239603269e+01 1.092782060478499773e+02
1.631318238766543249e+00 1.133055364688585342e+01 9.839262953748159646e+01
1.656272195363620137e+00 1.132220092204099693e+01 8.862818954431075724e+01
1.681148149766132249e+00 1.131412714825627042e+01 7.946880289150638532e+01
1.705689125121356620e+00 1.130451002397581384e+01 7.209092225726143965e+01
1.730157577395467161e+00 1.129487286266342672e+01 6.508801620810572786e+01
1.754445373998537505e+00 1.128520986099856138e+01 5.880751942847232527e+01
1.778471667451318572e+00 1.127467770852752160e+01 5.298816223398864622e+01
1.802333934528660420e+00 1.126443506817305007e+01 4.797063655037887031e+01
1.825805805305826368e+00 1.125261820552462488e+01 4.364439478419578933e+01
1.849052622280096703e+00 1.124118437092774414e+01 3.961020962280758795e+01
