2.191799393465098389e-01 1.550982308316407554e+01 3.683535669800713658e+06
2.280029660448611994e-01 1.518508011711305805e+01 3.049845085546525195e+06
2.372353851142685044e-01 1.487156609358915382e+01 2.509452836879360024e+06
2.468884656182442905e-01 1.459590830739154477e+01 2.072500457517636940e+06
2.569702635182150585e-01 1.434450507771118666e+01 1.711349487307730829e+06
2.674944338589126391e-01 1.409535300703275951e+01 1.418040864098872757e+06
2.784786556454859063e-01 1.391040231453438558e+01 1.173261645354469307e+06
2.899288840943615164e-01 1.370829194755340197e+01 9.662207458350560628e+05
3.018604695004594718e-01 1.353185307185727204e+01 7.992594695813986473e+05
3.142435398114059031e-01 1.337632435408812626e+01 6.610003664963773917e+05
3.271520832289268599e-01 1.322817211136421811e+01 5.456462690731752664e+05
3.405500474444445591e-01 1.308494708303227405e+01 4.526938801387959975e+05
3.544624777102187707e-01 1.296196087629709126e+01 3.751005847561029950e+05
3.688992141003935576e-01 1.284981542385870945e+01 3.106148615610579727e+05
3.838591260292075757e-01 1.274308502969421397e+01 2.576922685278680874e+05
3.993416516297293439e-01 1.264690840417138240e+01 2.134144488570926478e+05
4.153799393325245948e-01 1.256192340504433425e+01 1.771932251935543027e+05
4.319413962430705411e-01 1.248265205046750026e+01 1.470531981159850839e+05
4.490715593676173900e-01 1.240829326416764822e+01 1.225357906549174804e+05
4.667305470337336781e-01 1.234111274428868299e+01 1.018790786274121638e+05
4.849159245931646267e-01 1.227784710837857496e+01 8.465052932324486028e+04
5.036602471619248123e-01 1.222146274743376715e+01 7.059177347158666817e+04
5.229459426945141098e-01 1.217013500421761663e+01 5.883085044026295509e+04
5.427727406827650425e-01 1.212337625538789077e+01 4.897170230769905174e+04
5.631394737879081847e-01 1.207915650796619644e+01 4.089477964661343867e+04
5.839595114988541669e-01 1.203760761962739601e+01 3.420529377005142305e+04
6.041944097093662203e-01 1.200018987423803551e+01 2.885468124937730681e+04
6.234986958494792564e-01 1.196503581814328143e+01 2.461102572816947213e+04
6.423742999776890228e-01 1.193065659837660952e+01 2.106521480869922379e+04
6.610985099466936132e-01 1.189367192037928334e+01 1.811289150091744887e+04
6.798792672304808660e-01 1.185643136629589733e+01 1.556009422748339603e+04
6.988884191199852269e-01 1.182038528028058977e+01 1.328500033928828452e+04
7.183159154290764681e-01 1.178262827878840824e+01 1.151202592081511284e+04
7.380753104761225147e-01 1.174608984473156603e+01 9.890147802004963523e+03
7.584707469539189173e-01 1.170854656789455461e+01 8.468688349082358400e+03
7.795177275671737460e-01 1.166957535947612890e+01 7.249927557656441422e+03
8.012676986141115121e-01 1.163276014702692152e+01 6.139612103341468355e+03
8.237826841650024434e-01 1.159542520138278476e+01 5.276492938070411583e+03
8.471084183988307759e-01 1.155692325550267796e+01 4.491805347612082187e+03
8.712877231104431131e-01 1.152240717260094449e+01 3.811783174849922489e+03
8.963476098203188025e-01 1.148790038834999905e+01 3.230293762161136783e+03
9.223007667011123845e-01 1.146184809807898652e+01 2.732914454375881178e+03
9.491650835870841796e-01 1.142528904557407188e+01 2.309309004641004776e+03
9.769461464311314236e-01 1.139612819499743246e+01 1.946471819663196584e+03
1.005638280300847898e+00 1.136643996571608461e+01 1.630125313133308964e+03
1.035234941840737166e+00 1.133828819117304576e+01 1.381865678581833208e+03
1.065712452148287248e+00 1.131181784145591429e+01 1.163418318894984850e+03
1.097049413340944524e+00 1.128667621766097540e+01 9.781151754345665950e+02
1.129214631933666890e+00 1.126545382718176569e+01 8.213588463660840944e+02
1.162168671693813105e+00 1.124206208083896286e+01 6.907305826608979942e+02
1.195874353783332289e+00 1.122096271310094906e+01 5.768536566527333207e+02
1.230262414777513413e+00 1.119803212147997229e+01 4.879009524831660656e+02
1.265293720382510978e+00 1.118007476457083982e+01 4.099990322599937258e+02
1.300893673865622047e+00 1.116346071002844731e+01 3.431908843636834376e+02
1.337002188253273216e+00 1.114304836153477396e+01 2.905963645106817239e+02
1.373550023308374390e+00 1.112777843233811303e+01 2.450582861117897266e+02
1.410446938337855061e+00 1.110911146333597621e+01 2.068791134419337254e+02
1.447628324708204683e+00 1.109202095536963917e+01 1.747610371709488959e+02
1.485005961377161343e+00 1.107672102752215970e+01 1.478396563331882874e+02
1.522492910660260046e+00 1.106079942479198230e+01 1.251457162260811913e+02
1.560009680950531719e+00 1.104539217144438012e+01 1.060169804831328406e+02
1.597458824217347306e+00 1.102856583721805528e+01 9.026169785775196885e+01
1.634265665954202529e+00 1.101238978623717202e+01 7.692436653031461447e+01
1.668007722804780046e+00 1.099495063530011052e+01 6.640162073132528064e+01
1.698528414512994189e+00 1.097447817248576918e+01 5.789550931906524767e+01
1.726060091261895302e+00 1.095042769577754349e+01 5.095268193876719209e+01
1.750864087343573017e+00 1.092311985054816681e+01 4.491865298902298065e+01
1.773141420374707122e+00 1.089220332245627176e+01 4.029829277109107721e+01
1.793101199495680920e+00 1.085674641079140379e+01 3.593795421091404307e+01
1.810909678424292846e+00 1.081982336058803007e+01 3.244603223370055645e+01
1.826733266343110618e+00 1.077812057365480314e+01 2.948554906243664675e+01
1.840720485566786246e+00 1.073419155114704537e+01 2.679331693555763394e+01
1.852970985183757913e+00 1.068674640495753714e+01 2.436529884284448855e+01
1.863621447865464020e+00 1.063784665972809407e+01 2.236203245611724100e+01
1.872769930468948241e+00 1.058530799898695918e+01 2.045868961945574682e+01
1.880506860607804587e+00 1.053156824822244886e+01 1.889032663338479878e+01
1.886921378514228032e+00 1.047505360639953942e+01 1.736980869129198979e+01
1.892087420720347968e+00 1.041629394799790376e+01 1.610515746524418645e+01
1.896080994812264553e+00 1.035666138726925389e+01 1.488703781885415545e+01
1.898962319578968883e+00 1.029478627622242115e+01 1.381919447827890579e+01
1.900802847883762858e+00 1.023179134605550544e+01 1.290580182841169865e+01
1.901824026864838979e+00 1.016819662834529403e+01 1.202580563335795105e+01
1.901561294603163255e+00 1.010130705299133957e+01 1.124477651059182115e+01
1.900592101181933780e+00 1.003433332261717403e+01 1.052343466319407206e+01
1.898798209227735567e+00 9.966613886641935594e+00 9.868618826749562700e+00
1.896190563073658408e+00 9.898892064858070938e+00 9.280107848725316799e+00
1.892839572319354513e+00 9.829384763537730052e+00 8.720930638218797881e+00
1.888786869475994612e+00 9.759727994432957132e+00 8.216529285494464929e+00
1.884230951493352180e+00 9.689764354943067204e+00 7.759846123198951950e+00
1.878705994161123494e+00 9.619081153701285913e+00 7.329856929735227844e+00
1.872940133971263910e+00 9.548541747100857791e+00 6.949650458289204913e+00
1.866249009589641572e+00 9.477169530786447638e+00 6.579825601655166167e+00
1.859204051825041892e+00 9.406336269157705487e+00 6.260478112998030475e+00
1.851662507581846917e+00 9.335265513807293303e+00 5.971216148516567124e+00
1.843700465464908511e+00 9.263330406897336999e+00 5.686989323150148046e+00
1.835371879152254415e+00 9.192112432439065728e+00 5.405869943420584356e+00
1.826857603344977043e+00 9.121155184276574346e+00 5.175146342125651167e+00
1.817683789480629697e+00 9.048983076072804721e+00 4.934560008468385384e+00
1.808413743047552646e+00 8.977901941129934116e+00 4.715888883298325673e+00
1.798903036207230910e+00 8.906944170664933935e+00 4.525829721024893004e+00
