2.191799393465098389e-01 1.550982308316407554e+01 3.683535669800713658e+06
2.249100263809457045e-01 1.528603924478088416e+01 3.216651482603737619e+06
2.307881660224936349e-01 1.511015549251271750e+01 2.864003846536113881e+06
2.368663437813130213e-01 1.488817136935149854e+01 2.526117102833834942e+06
2.431174563056178184e-01 1.470530017913427301e+01 2.240537335676690098e+06
2.495429300683003337e-01 1.452075060193193146e+01 1.972837641080544097e+06
2.561587625799275902e-01 1.436836449700847496e+01 1.740548286656629061e+06
2.629626638571660457e-01 1.420882988182889051e+01 1.534810124951054342e+06
2.699605477711159995e-01 1.406608725403247107e+01 1.356684659846142400e+06
2.771544471080267247e-01 1.392565204807746326e+01 1.196058701991659589e+06
2.845476043113908671e-01 1.380069363262972892e+01 1.058150854855604935e+06
2.921461758495089156e-01 1.367210584701541976e+01 9.343810856535288040e+05
2.999342888467246282e-01 1.355546631090281551e+01 8.239201545817459701e+05
3.079360971195993502e-01 1.344762955845324015e+01 7.281080049648823915e+05
3.161430656319807464e-01 1.334398556413243142e+01 6.434207006331968587e+05
3.245665047359468369e-01 1.325086667038272381e+01 5.668155404936473351e+05
3.331988637549883614e-01 1.316647773140930511e+01 5.021841521128927707e+05
3.420489822352023035e-01 1.307104645790439257e+01 4.440277099695910001e+05
3.511225033741524615e-01 1.298997779893917937e+01 3.922728456129955593e+05
3.604122263119151071e-01 1.291230356558749293e+01 3.467689205608991906e+05
3.699240322338174791e-01 1.284403208189855761e+01 3.074947918676466215e+05
3.796753419169940358e-01 1.277330383642903655e+01 2.712507644472226966e+05
3.896327569000304636e-01 1.270613114941555999e+01 2.402748913535609609e+05
3.998346398052202710e-01 1.264611606938920652e+01 2.100605335379643366e+05
4.102693736656777279e-01 1.259169657265752740e+01 1.878956233814621519e+05
4.209056410025832640e-01 1.253326295463841511e+01 1.668517797405506717e+05
4.317958064333594637e-01 1.248253893443699525e+01 1.474562537812928786e+05
4.429144791121484848e-01 1.243402131437517433e+01 1.308428716507644713e+05
4.542681116450119072e-01 1.238240289689712981e+01 1.158253903657986084e+05
4.658695847512748789e-01 1.234366705103408535e+01 1.028199648209128209e+05
4.776831266034877732e-01 1.230244189309867764e+01 9.116974396564505878e+04
4.897318538971560664e-01 1.226439080733585030e+01 8.064121870806417428e+04
5.019988633763666774e-01 1.222770303938293424e+01 7.178196261819191568e+04
5.145092325891855722e-01 1.219314523393497218e+01 6.368442969987409742e+04
5.272515748590268503e-01 1.216045750215962329e+01 5.652947765927888395e+04
5.402244041053116952e-01 1.212938220901868647e+01 5.025400390417200106e+04
5.534284584937385620e-01 1.210011044384598300e+01 4.454955226904123265e+04
5.668634855931472538e-01 1.206936103422314233e+01 3.964712469326899736e+04
5.804780591484786090e-01 1.204490438150286558e+01 3.520848876226472203e+04
5.940372093002384002e-01 1.201937427794362279e+01 3.145617712633329575e+04
6.072882682250783093e-01 1.199455002023789518e+01 2.815189986868163396e+04
6.203693691679826872e-01 1.197245554859921413e+01 2.528832398114235184e+04
6.332896895966220185e-01 1.194934987643868318e+01 2.275167379865233306e+04
6.462368602830329545e-01 1.192653002706697229e+01 2.049151676029150622e+04
6.592362156997937372e-01 1.190290161231174260e+01 1.847092529574732180e+04
6.723359912506799985e-01 1.188123308337062234e+01 1.664843308670767146e+04
6.856001131114399794e-01 1.185807289827583588e+01 1.501854177753792646e+04
6.990390634425827088e-01 1.183711826636350395e+01 1.353086193661164543e+04
7.127092422645467940e-01 1.181419268831973746e+01 1.218440828911506287e+04
7.266349713255829679e-01 1.178921413014215780e+01 1.097887500695161907e+04
7.409145579088814992e-01 1.177000865837698740e+01 9.877822659185934754e+03
7.553789825009039616e-01 1.174692544114766868e+01 8.880617252327516326e+03
7.702209386543711345e-01 1.172569450605162800e+01 7.984706087095678413e+03
7.854275427027758161e-01 1.170358600039149621e+01 7.158211095648158334e+03
8.009977730339827851e-01 1.168450224398805837e+01 6.425975612266982353e+03
8.169676442822029205e-01 1.166199720550362073e+01 5.763958088495340235e+03
8.333145214187430705e-01 1.164441579072477673e+01 5.160394405264079069e+03
8.500813157092098615e-01 1.162401842983609690e+01 4.618260213841439509e+03
8.672556109275502134e-01 1.160593220111434221e+01 4.128636325431520163e+03
8.848765919651253586e-01 1.158603776325873014e+01 3.693487797558361308e+03
9.029263157637806847e-01 1.157084617646673941e+01 3.294591245026667821e+03
9.214238719281463430e-01 1.155453903945953265e+01 2.938059260861614348e+03
9.403571805048744903e-01 1.153850501953770902e+01 2.621015019840188870e+03
9.597393014062077787e-01 1.152336866536474780e+01 2.335914880584574803e+03
9.795620375144067360e-01 1.150912776462446452e+01 2.079957099008899149e+03
9.998509521890390772e-01 1.149518224951241230e+01 1.852029853035978022e+03
1.020571643160226527e+00 1.148290206362177379e+01 1.648496719496497917e+03
1.041733920091501231e+00 1.146985463010848072e+01 1.466579141880863517e+03
1.063332300278810871e+00 1.145812790395306457e+01 1.304098342698465103e+03
1.085359047045998615e+00 1.145092471464364436e+01 1.159135850757988919e+03
1.107797375791826244e+00 1.143724046466956601e+01 1.030828219592497817e+03
1.130646968925396401e+00 1.142763493404288511e+01 9.106977713656841615e+02
1.153795598555276580e+00 1.141895320621133436e+01 8.100246194983225223e+02
1.177174183061283852e+00 1.140969596881049419e+01 7.258220668647031744e+02
1.200780040757453371e+00 1.140391112728560330e+01 6.458826136230272823e+02
1.224587660308393611e+00 1.139621770114483468e+01 5.757260389179289177e+02
1.248619275470662870e+00 1.138610591571688779e+01 5.132263009681753374e+02
1.272797060184536644e+00 1.137857439748834665e+01 4.579854110408023757e+02
1.297169202144766498e+00 1.137156289839522039e+01 4.088863431925408349e+02
1.321717819044045283e+00 1.136451691000328168e+01 3.650178852234294027e+02
1.346377579097743027e+00 1.135893923409147455e+01 3.259319759111801318e+02
1.371195440466123072e+00 1.135185633822468176e+01 2.913397310860037805e+02
1.396093210076441604e+00 1.134807529963379125e+01 2.606608310593848614e+02
1.421093276649564974e+00 1.134006378103995694e+01 2.332695431307990646e+02
1.446152970364351198e+00 1.133131140903584111e+01 2.090235513977752646e+02
1.471292587125944351e+00 1.132537190276529948e+01 1.872840316678838803e+02
1.496461212384349038e+00 1.131854235738734005e+01 1.679042430343947387e+02
1.521621555284222271e+00 1.131195373206473143e+01 1.507311781714869880e+02
1.546786326059488959e+00 1.130353619441877200e+01 1.353717517911592552e+02
1.571903432577466120e+00 1.129667150270938158e+01 1.217139083987119932e+02
1.596989963751967334e+00 1.128886486036553194e+01 1.094299007783089053e+02
1.621986979435456666e+00 1.128040408740478640e+01 9.848727526530785781e+01
1.646900919446294909e+00 1.127310202678305195e+01 8.871205583030662467e+01
1.671721514520007057e+00 1.126429363840427555e+01 7.998136580506631788e+01
1.696321094007890107e+00 1.125568260074020444e+01 7.214591588384736554e+01
1.720816491900547085e+00 1.124652288302215730e+01 6.513777317318309201e+01
1.745118897959823334e+00 1.123657872101221322e+01 5.886908075269578688e+01
1.769232087731773539e+00 1.122701110051362328e+01 5.320984742648926158e+01
1.793095109575796542e+00 1.121676171162189561e+01 4.813297347705749019e+01
1.816762014678827919e+00 1.120558195644048993e+01 4.349024833155506542e+01
