2.191799393465098389e-01 1.550982308316407554e+01 3.683535669800713658e+06
2.268477940594273712e-01 1.520403318771607637e+01 3.111567952809818555e+06
2.348309398267535986e-01 1.495523664246270457e+01 2.616761565668220632e+06
2.431267045057987075e-01 1.469349102208573399e+01 2.229786444775473792e+06
2.517394827290830861e-01 1.446622331661119354e+01 1.886557798421525862e+06
2.606900977067778680e-01 1.425433889228483331e+01 1.598801262005965691e+06
2.699805342567255240e-01 1.406703609112009445e+01 1.355168800809167093e+06
2.796209612508830378e-01 1.388148748369468777e+01 1.146112140920085134e+06
2.896166560809970703e-01 1.371486323518552553e+01 9.723190571858400945e+05
2.999744106089101137e-01 1.355590749127270023e+01 8.150194230069002369e+05
3.106881784958041570e-01 1.341321944882061423e+01 6.982374111810696777e+05
3.217718436854730690e-01 1.327898924410658665e+01 5.919315592421691399e+05
3.332483587342947029e-01 1.315498096088441216e+01 5.017294012089144089e+05
3.451013724788070669e-01 1.304617676636937063e+01 4.253513363432069891e+05
3.573594333221975505e-01 1.293870095257513242e+01 3.613015025259391405e+05
3.699917066967552404e-01 1.284388540484068919e+01 3.064500699066875386e+05
3.830500789397712214e-01 1.274849995584771456e+01 2.602827783224814339e+05
3.964965022583424314e-01 1.266615738176661132e+01 2.209751452694287291e+05
4.103596934389121542e-01 1.258606645529983226e+01 1.881152727726674639e+05
4.246333818830576035e-01 1.251505928129999745e+01 1.597097644748197636e+05
4.392823892380083861e-01 1.245018772897829962e+01 1.361988443053513183e+05
4.543818892739681092e-01 1.238712809374818313e+01 1.157577193737527996e+05
4.699025584906396658e-01 1.232897898296526407e+01 9.868064460337047058e+04
4.858107585414485063e-01 1.227628576185335696e+01 8.395633602901746053e+04
5.021391855581324171e-01 1.222734560772046208e+01 7.146777364541697898e+04
5.188808577962363833e-01 1.218007184445996494e+01 6.097397000667193061e+04
5.360348195951833983e-01 1.213928684859871332e+01 5.209527962228838442e+04
5.535987842621208355e-01 1.209948219349520748e+01 4.450116179298379575e+04
5.715435521992204837e-01 1.206511121058141534e+01 3.769697217280969926e+04
5.897857725283779384e-01 1.202725889638464629e+01 3.259233412387572389e+04
6.077491284404351601e-01 1.199328530906642420e+01 2.809059065247957915e+04
6.255665916072500332e-01 1.196254865527473576e+01 2.426749447164555386e+04
6.434437535953976273e-01 1.193294757513113424e+01 2.081107268184161512e+04
6.615353209729796236e-01 1.190457817170963217e+01 1.820299549439422117e+04
6.799881413549575537e-01 1.187360221916761738e+01 1.577361610785615085e+04
6.987962190084869851e-01 1.184591883644841737e+01 1.366470064664654819e+04
7.181505645630079648e-01 1.181916994364217288e+01 1.181540440358706110e+04
7.380923650176111073e-01 1.179293914620822292e+01 1.021499189845443652e+04
7.586683772289162242e-01 1.176500502037335671e+01 8.820326648634629237e+03
7.799492626102257908e-01 1.174011253700824575e+01 7.595403691878995232e+03
8.019537773404048497e-01 1.171609314963997228e+01 6.540192810223610650e+03
8.247441255388552328e-01 1.169198665245665403e+01 5.618145478692174038e+03
8.483266586239154305e-01 1.167142117550111102e+01 4.819513955035059553e+03
8.727513722306434740e-01 1.165157516027907469e+01 4.126030417716265219e+03
8.980257731042863290e-01 1.163015207665860196e+01 3.534292105478461963e+03
9.241767346447650189e-01 1.161353475423064729e+01 3.020614671184657254e+03
9.512010213053139207e-01 1.159772719866687929e+01 2.578295646640414361e+03
9.790994648148909629e-01 1.158482036459910880e+01 2.200309989410358412e+03
1.007832367009731334e+00 1.157688246474788762e+01 1.875591118592074736e+03
1.036201130039542173e+00 1.156416218119383998e+01 1.606707833514308959e+03
1.063777837085587485e+00 1.154902825395921617e+01 1.386090867713443686e+03
1.090667923001379602e+00 1.153660943617652279e+01 1.202095602881870718e+03
1.116931153965336376e+00 1.152319725399426176e+01 1.039202600914753702e+03
1.142635415616440442e+00 1.151111252499505966e+01 9.141189314313960494e+02
1.167835325515819145e+00 1.149123505534692669e+01 7.998653337129346710e+02
1.192543134792575454e+00 1.147791329129037052e+01 6.987178392383503933e+02
1.216837096999523471e+00 1.145531827163922145e+01 6.189379359818315152e+02
1.240736536894405440e+00 1.143748843087551315e+01 5.463874573794772687e+02
1.264259149011904615e+00 1.141519288684160038e+01 4.794223097851648276e+02
1.287417984940659066e+00 1.138722127473959667e+01 4.268519209438977100e+02
1.310262310331193003e+00 1.136355117686317051e+01 3.779765679541221743e+02
1.332754826616599386e+00 1.133715026944239135e+01 3.352639079225373280e+02
1.354941083557715142e+00 1.130905451955880814e+01 2.978334499910805562e+02
1.376849441486446057e+00 1.127984194530903217e+01 2.630350459874044873e+02
1.398391624210491235e+00 1.124868319222772683e+01 2.354746440488139569e+02
1.419651085784739530e+00 1.121698151748543459e+01 2.095261766030020851e+02
1.440596610593249283e+00 1.118372432701528041e+01 1.869109664541956590e+02
1.461220077858407240e+00 1.114943749174688215e+01 1.667217600043761934e+02
1.481520791542580318e+00 1.111364451620478633e+01 1.488742867434688151e+02
1.501484345962115885e+00 1.107696500517009142e+01 1.329872310207595092e+02
1.521146330886492315e+00 1.103928838568549686e+01 1.188025283483642056e+02
1.540352362079080217e+00 1.099980177859873187e+01 1.059671217508483068e+02
1.559241809143312452e+00 1.095994013101799247e+01 9.507008851537852934e+01
1.577743248410222510e+00 1.091920023451653421e+01 8.537740552996524457e+01
1.595841811238771557e+00 1.087754456244847923e+01 7.638294335287694992e+01
1.613536790631626472e+00 1.083509351332626203e+01 6.878748057915318270e+01
1.630775546878449500e+00 1.079203837834174351e+01 6.195608085440668589e+01
1.647738295398297748e+00 1.074824266169483167e+01 5.571712028629956848e+01
1.663934653717679346e+00 1.070233633791291084e+01 5.018756628270156739e+01
1.679806229522461170e+00 1.065666871339630539e+01 4.523803183700889008e+01
1.695183722120749303e+00 1.060956236819050780e+01 4.085183274478186632e+01
1.710064959805577045e+00 1.056228503550474862e+01 3.688137486189538805e+01
1.724424972808294321e+00 1.051521674257005756e+01 3.338337356369904541e+01
1.738236286503356265e+00 1.046565845138010964e+01 3.012741324911576157e+01
1.751520690208381748e+00 1.041713671217000758e+01 2.733605821102234401e+01
1.764244774855190601e+00 1.036662254943833261e+01 2.481725592299605054e+01
1.776413074859914509e+00 1.031631457874507873e+01 2.255819071965921196e+01
1.788001141709994357e+00 1.026571844495636654e+01 2.052804601860893641e+01
1.799008959872565372e+00 1.021410283760271831e+01 1.875970102559556096e+01
1.809418758426019513e+00 1.016219767361777215e+01 1.713254046490942528e+01
1.819247794475061797e+00 1.010972994222467847e+01 1.564938910250307558e+01
1.828466743217288748e+00 1.005703805673415374e+01 1.428361587981514447e+01
1.837087815869404173e+00 1.000380421638790018e+01 1.310867103090744834e+01
1.845101645587248207e+00 9.950891047462748773e+00 1.200049256751334603e+01
1.852518836827243831e+00 9.897164913851350221e+00 1.103104353535433546e+01
1.859327877537730433e+00 9.843779415785661513e+00 1.013771873461749529e+01
1.865523555681802392e+00 9.789071240258364170e+00 9.379955715381520065e+00
1.871128301495128543e+00 9.734435108379571489e+00 8.631460768619962920e+00
1.876141429630930668e+00 9.681024519542095419e+00 7.977605356582338381e+00
1.880555379242313085e+00 9.625505004160167744e+00 7.409269548899881208e+00
