2.191799393465098389e-01 1.550982308316407554e+01 3.683535669800713658e+06
2.257601786301437485e-01 1.526328873285547871e+01 3.188450307861474808e+06
2.325404869254807105e-01 1.502405715586791324e+01 2.771256967305790167e+06
2.395666672773821282e-01 1.479521423740458452e+01 2.402160996739334892e+06
2.468305458135916786e-01 1.460234499097200356e+01 2.082981599774174858e+06
2.543334702291641936e-01 1.440205635558286623e+01 1.800163916108678095e+06
2.620842756631463488e-01 1.422729023965927020e+01 1.561165204817356542e+06
2.700886124127332977e-01 1.406038977257345834e+01 1.342033451480948366e+06
2.783467363112793747e-01 1.390260575738429338e+01 1.170818270856930874e+06
2.868689062040403193e-01 1.375966619130605295e+01 1.016551231599898776e+06
2.956507003123478583e-01 1.361845697343638939e+01 8.840170606486627366e+05
3.047000914941414007e-01 1.351946563689368652e+01 7.642679033191028284e+05
3.140289555065610694e-01 1.337395855837765701e+01 6.636988833125784295e+05
3.236503994811308904e-01 1.326062931336841189e+01 5.751134859050449450e+05
3.335104559163953875e-01 1.315418045876008968e+01 4.994592851828571293e+05
3.436735613335338280e-01 1.305682037582393029e+01 4.335940661733361776e+05
3.541304496107083866e-01 1.296439694784328900e+01 3.766097860028345603e+05
3.648816558775223040e-01 1.287731451585917419e+01 3.272275890080427635e+05
3.759080425755394472e-01 1.279917600007944145e+01 2.841899539070186438e+05
3.872471106164741550e-01 1.272185803854785746e+01 2.472271485268052784e+05
3.988841215490781522e-01 1.265048220273858171e+01 2.148976841534400883e+05
4.108397089986249862e-01 1.258370858593635866e+01 1.869041209281549382e+05
4.230516264015394823e-01 1.252715597885850585e+01 1.625736564767700329e+05
4.356179832903859794e-01 1.246440434451306167e+01 1.414648988879721146e+05
4.484585978496395398e-01 1.240961816924142092e+01 1.230984430015275721e+05
4.616182137961638010e-01 1.236007001564264840e+01 1.071848480560335156e+05
4.750675630917419179e-01 1.231333416314042317e+01 9.339489234459858562e+04
4.888318200175521544e-01 1.226627646652615589e+01 8.139028857149129908e+04
5.028805678223750020e-01 1.222372798097843472e+01 7.111052285492588999e+04
5.172479680090021903e-01 1.218690412641091569e+01 6.196174496005394030e+04
5.319201017017861632e-01 1.214726123172584948e+01 5.410117328862715658e+04
5.468945380689529401e-01 1.211258656557484947e+01 4.718253006653104967e+04
5.621715669276866612e-01 1.207846310660393208e+01 4.127713279446332308e+04
5.777070609413461622e-01 1.204989712334809937e+01 3.608849155263314606e+04
5.932068931773227805e-01 1.202014567938644163e+01 3.164897229590766437e+04
6.081156016789182051e-01 1.199215885961063321e+01 2.795843604052940645e+04
6.226226147105115016e-01 1.196532386930250347e+01 2.480354835510114935e+04
6.369074963027389069e-01 1.194036421660218572e+01 2.207160785467521055e+04
6.510442077532448968e-01 1.191395433719498698e+01 1.965541878875795737e+04
6.651900265355198405e-01 1.188730313996531152e+01 1.738135885408253671e+04
6.794158214347919555e-01 1.185864666255462829e+01 1.564992062253251424e+04
6.937672111182631163e-01 1.183167544813091254e+01 1.397058739541372597e+04
7.083110074955515367e-01 1.180505105823078793e+01 1.247379351784546452e+04
7.231066235187403324e-01 1.177684177803049081e+01 1.111832834656834711e+04
7.381975253093309153e-01 1.174846833730203244e+01 9.911917248380455931e+03
7.536029237787956747e-01 1.172207971225103584e+01 8.770891751065242715e+03
7.693801376564449734e-01 1.169408130494660369e+01 7.778182170612238224e+03
7.855642761828491860e-01 1.166568032595383997e+01 6.974330248884373759e+03
8.021401411354055488e-01 1.164021396706373679e+01 6.187068563114569770e+03
8.191647883966057808e-01 1.161185217751644494e+01 5.492375713386405550e+03
8.366517262280117606e-01 1.158542481988475892e+01 4.860629210164395772e+03
8.546198536019733449e-01 1.156022341933453923e+01 4.298812130582180544e+03
8.730718601582813099e-01 1.153222022795306501e+01 3.799767298678915267e+03
8.920312049052613323e-01 1.150945910664496630e+01 3.353060748891067760e+03
9.114988713416906085e-01 1.148656652665884792e+01 2.956920462585011592e+03
9.314880772111494567e-01 1.146615373768121060e+01 2.606525020235171269e+03
9.519964907812126231e-01 1.143879864772031674e+01 2.294942615425264194e+03
9.730297662492511934e-01 1.141688686449375290e+01 2.021093358047811762e+03
9.945846017308865861e-01 1.139616151525317100e+01 1.775915156963967775e+03
1.016657187372910220e+00 1.137605281030464077e+01 1.560359897940343899e+03
1.039245396957019896e+00 1.135877849559923547e+01 1.370166210409198584e+03
1.062336074312520084e+00 1.133995755541011796e+01 1.203783470243288320e+03
1.085920029321544966e+00 1.131909189894433609e+01 1.056608853160940043e+03
1.109990325077987006e+00 1.130095495862856936e+01 9.274980961993309165e+02
1.134523336120608850e+00 1.128933277556657799e+01 8.140255342091805915e+02
1.159513681516980643e+00 1.127235070590101174e+01 7.139666326125333171e+02
1.184923687469826570e+00 1.125375860937712247e+01 6.267223702977967150e+02
1.210756388772807668e+00 1.123907482434598570e+01 5.498334839827064116e+02
1.236967026792905822e+00 1.122535456184156821e+01 4.823189081796784308e+02
1.263543543228672572e+00 1.121147316084809198e+01 4.234909143010262937e+02
1.290459660196794367e+00 1.119911198399443641e+01 3.714526179661598349e+02
1.317679618998515378e+00 1.118691036994522925e+01 3.247757653303569896e+02
1.345180519789247020e+00 1.117679141779417051e+01 2.870967250650562619e+02
1.372925872140419390e+00 1.116270792554537827e+01 2.524522653294838221e+02
1.400890771676597479e+00 1.115097795662617308e+01 2.222961008707462440e+02
1.429040647970311717e+00 1.113971271208127867e+01 1.956667839523644261e+02
1.457330572105072442e+00 1.112883373124597597e+01 1.723125519311541609e+02
1.485738374220481717e+00 1.111858020961294713e+01 1.518461590306870050e+02
1.514218808544360861e+00 1.110733102478528167e+01 1.333027249474215807e+02
1.542737253007836484e+00 1.109640547861990179e+01 1.183222807427867593e+02
1.571258877393909126e+00 1.108511359527861906e+01 1.044632562897251660e+02
1.599745165488279053e+00 1.107479997686037088e+01 9.249142686518024448e+01
1.628160866414979591e+00 1.106376305822125694e+01 8.196309532813715748e+01
1.656460459428280352e+00 1.105254000758139554e+01 7.265096556340505174e+01
1.684521996654587239e+00 1.104126624587544292e+01 6.450017791259644184e+01
1.711965992219158350e+00 1.102897435108950575e+01 5.744572773962954670e+01
1.738738607794644064e+00 1.101695950070232399e+01 5.126286669594824019e+01
1.764815122442010553e+00 1.100399999617552460e+01 4.581644134978219540e+01
1.790187662681129721e+00 1.098953768885200155e+01 4.093571595273576946e+01
1.814860809960354038e+00 1.097527174429673380e+01 3.691257034259422909e+01
1.838811550453060883e+00 1.095952339451533852e+01 3.320622020292094589e+01
1.862038978224483055e+00 1.094259518915425033e+01 2.994432934813896452e+01
1.884544527302560946e+00 1.092468379268547629e+01 2.705951493164538135e+01
1.906323782905672282e+00 1.090547037366619598e+01 2.448230408157145632e+01
1.927386042931180210e+00 1.088544925284270093e+01 2.213215608814601509e+01
1.947723621368538716e+00 1.086559189579149276e+01 2.016135259105498889e+01
1.967329732711887491e+00 1.084307948367249175e+01 1.833829467690845050e+01
1.986223425393163655e+00 1.082074574174351156e+01 1.671100559231465255e+01
2.004356369652333214e+00 1.079667248677184688e+01 1.526115672243979837e+01
2.021772547187213220e+00 1.077233922905661778e+01 1.393281591383422580e+01
