2.191799393465098389e-01 1.550982308316407554e+01 3.683535669800713658e+06
2.250925494667951887e-01 1.527329162998514001e+01 3.230662235548174009e+06
2.311760229250613974e-01 1.508348559028431524e+01 2.863625122504746541e+06
2.374639458384320001e-01 1.486941422688863490e+01 2.504787625658705365e+06
2.439388376829394744e-01 1.467382708650804801e+01 2.194660476974420715e+06
2.506014370534425106e-01 1.449432334754604490e+01 1.930726109311443055e+06
2.574667708819902701e-01 1.432872152703867563e+01 1.694850898108908674e+06
2.645331390218689238e-01 1.417353592841109666e+01 1.490983429249832872e+06
2.718067012144803063e-01 1.402674824552384081e+01 1.312988773678060854e+06
2.792892683898489103e-01 1.388681711686096065e+01 1.153140656697817845e+06
2.869855428929192209e-01 1.375434446288246981e+01 1.013554221538123442e+06
2.948881703251745590e-01 1.363173571770707326e+01 8.921811526340177516e+05
3.030225202714463273e-01 1.351576751021727318e+01 7.845135075525516877e+05
3.113851349184746375e-01 1.340572308917455580e+01 6.898666090273475274e+05
3.199365576369128106e-01 1.330254210632727663e+01 6.071336049707799684e+05
3.287344944171125549e-01 1.321422532319251175e+01 5.344007456434086198e+05
3.377561126305749228e-01 1.311256432976990816e+01 4.706162116301319911e+05
3.470146783802194324e-01 1.302625609222652159e+01 4.147980003952903789e+05
3.565175938569195013e-01 1.294088701136785069e+01 3.654660141142533394e+05
3.662408205684724583e-01 1.286633013315199037e+01 3.216835715407671523e+05
3.762092422065470565e-01 1.279779805727765840e+01 2.830382050462751067e+05
3.864243595837965062e-01 1.272637216826698214e+01 2.497253031822898192e+05
3.968885523553182249e-01 1.266394860462666117e+01 2.200654086055149382e+05
4.075775587309590220e-01 1.260632507247876255e+01 1.939386907055653865e+05
4.185153793771269060e-01 1.254564579255905699e+01 1.712827481386403670e+05
4.297095861796381144e-01 1.249213135822212628e+01 1.508109125623233267e+05
4.411406123617113151e-01 1.244177554923357754e+01 1.332880078264607291e+05
4.528312846850104378e-01 1.239471497744921002e+01 1.176031456529983116e+05
4.647849742954512919e-01 1.234879944805967256e+01 1.037027860734361166e+05
4.769618205510417486e-01 1.230688201063401976e+01 9.157591375093458919e+04
4.893915194478434261e-01 1.226584738610272041e+01 8.079533783074031817e+04
5.020519819019730878e-01 1.222636060420939685e+01 7.159992390241463727e+04
5.149735425195814953e-01 1.219299294804661926e+01 6.283367119727956015e+04
5.281408088902446174e-01 1.215906321244853316e+01 5.606182082688754599e+04
5.415542456856278219e-01 1.212636185364213404e+01 4.955328174387230683e+04
5.552141431680005512e-01 1.209509202870802547e+01 4.384856641771920113e+04
5.691200633505184570e-01 1.206725515710034813e+01 3.887899814861995401e+04
5.832354269564816729e-01 1.204042505123597451e+01 3.443861315155428019e+04
5.972201982116500663e-01 1.201346499537432067e+01 3.042124892872933560e+04
6.110442731983549702e-01 1.198939615389877744e+01 2.728880999031451938e+04
6.248103051793817420e-01 1.196567292373932823e+01 2.440110011444516203e+04
6.385901573518346641e-01 1.194140808931011577e+01 2.181614051685233790e+04
6.524531739461768565e-01 1.191829395055918894e+01 1.952032911969316410e+04
6.664742628136950398e-01 1.189571566041785644e+01 1.753618090320527699e+04
6.807074658806012701e-01 1.187343657030549515e+01 1.567753617738745015e+04
6.952017900028778508e-01 1.185278911965533588e+01 1.402810555880067295e+04
7.100201546932772834e-01 1.182933353851458769e+01 1.255491622574318717e+04
7.250822622452848254e-01 1.180923031048307159e+01 1.121812657285310161e+04
7.405494114717997567e-01 1.178679170681358457e+01 1.002123380621055185e+04
7.563940847121866096e-01 1.176586188651224596e+01 8.943205390207518576e+03
7.726340392846894334e-01 1.174647511944520595e+01 7.968101420732979022e+03
7.893063069264214526e-01 1.172719128670560451e+01 7.112246221038852127e+03
8.064244663195752061e-01 1.171005387806137676e+01 6.327981419577400629e+03
8.240183782975082361e-01 1.169082484478844641e+01 5.627234368042569258e+03
8.420756289016088081e-01 1.167399819359551572e+01 5.001528150507104328e+03
8.606386759994132385e-01 1.165849509514025151e+01 4.439633193657731681e+03
8.796859742630395163e-01 1.164278323152834105e+01 3.943037686702863084e+03
8.992410070142701217e-01 1.162767643957460528e+01 3.489534201859837140e+03
9.193270389015093524e-01 1.161068242634370407e+01 3.093473347123247549e+03
9.399135258323378928e-01 1.160118146632833636e+01 2.741849933831677845e+03
9.610321943495957475e-01 1.158726048623388749e+01 2.425036864761611469e+03
9.826758037403706680e-01 1.157638693323827717e+01 2.145271379791603522e+03
1.004839673369476660e+00 1.156939274125829265e+01 1.896724687484163951e+03
1.027520217979743355e+00 1.155664365084416900e+01 1.675307719788768054e+03
1.050720526132533417e+00 1.154955335868728561e+01 1.479613375505477507e+03
1.074434729434418090e+00 1.153989263698968237e+01 1.306767975897692850e+03
1.098639647375587725e+00 1.153612843851626479e+01 1.153963540350889161e+03
1.123341239859544816e+00 1.153061579013015248e+01 1.019958752156203786e+03
1.148521591478573134e+00 1.152197598000218015e+01 9.002530399750689867e+02
1.174171316906549301e+00 1.151852515458039505e+01 7.944970496973296576e+02
1.200269576426960638e+00 1.151465853729682287e+01 7.021454175647917282e+02
1.226806690911054654e+00 1.151167129049750848e+01 6.195541718273116203e+02
1.253759848851081937e+00 1.151254603002188759e+01 5.462783921618380418e+02
1.281108742628313646e+00 1.150744019830088938e+01 4.836479754570385694e+02
1.308836044135991417e+00 1.150698716405428534e+01 4.268827887976182751e+02
1.336910236711106092e+00 1.150562476707016479e+01 3.774064625399015540e+02
1.365316696515689543e+00 1.150750656148576745e+01 3.340437395515759249e+02
1.394038353751798409e+00 1.150743474451446779e+01 2.952424887989350282e+02
1.423031704437351497e+00 1.150422873500538223e+01 2.614865157627447729e+02
1.452272899896517089e+00 1.150639130233667018e+01 2.313451544986395731e+02
1.481738682039076993e+00 1.150696804475157364e+01 2.051691093018080210e+02
1.511213341250471354e+00 1.150724130836691472e+01 1.820622871033931460e+02
1.540473739264602848e+00 1.150842665415681587e+01 1.618040217755763024e+02
1.569477948815673596e+00 1.151021060392399598e+01 1.441113859552234260e+02
1.598229361506902535e+00 1.150970466330925923e+01 1.285463426554433681e+02
1.626725784794417873e+00 1.150800951833236319e+01 1.148748385949655955e+02
1.654879590936785050e+00 1.150728945608037002e+01 1.028485013676135793e+02
1.682751912898850621e+00 1.150680383615325830e+01 9.213204005577667033e+01
1.710288746111566338e+00 1.150297720696363157e+01 8.273028472119480625e+01
1.737503944142976486e+00 1.149914479011880175e+01 7.439012910689164926e+01
1.764389444810292806e+00 1.149681058586837779e+01 6.693478172485490063e+01
1.790862077416411458e+00 1.149133122271263474e+01 6.033365734723289364e+01
1.816972441122693516e+00 1.148575716770188393e+01 5.439455214077179335e+01
1.842687835105772054e+00 1.147961452869230570e+01 4.914969562994402708e+01
1.868000032465636728e+00 1.147259062082106063e+01 4.427114465307274571e+01
1.892904422724873248e+00 1.146443297226383962e+01 4.026460804212207023e+01
1.917319406150667760e+00 1.145545591715211842e+01 3.649239579134510336e+01
1.941308640108254435e+00 1.144634284233201349e+01 3.311228285942657124e+01
1.964830812413341565e+00 1.143605451032713560e+01 3.009874293867569506e+01
1.987901685333786972e+00 1.142476266937759632e+01 2.726166592345354900e+01
