2.191799393465098389e-01 1.550982308316407554e+01 3.683535669800713658e+06
2.256267382201246896e-01 1.525510958708688847e+01 3.193361628422662150e+06
2.322904828896393825e-01 1.506214131451258709e+01 2.774577335183241870e+06
2.391793998101638952e-01 1.481432548392019655e+01 2.414087307261315640e+06
2.462986829373606246e-01 1.460951135416003588e+01 2.099395079183476511e+06
2.536457888030829166e-01 1.442467336225281294e+01 1.824517338272470981e+06
2.612330153563856006e-01 1.424419933657494397e+01 1.580966912062772084e+06
2.690622283401375991e-01 1.408144827132545451e+01 1.377943475660460303e+06
2.771372956462240245e-01 1.392749799053208193e+01 1.196370046192547539e+06
2.854671824170784133e-01 1.378159695146976560e+01 1.039742743555649417e+06
2.940487356941473562e-01 1.364026068913726597e+01 9.052681357723330148e+05
3.028858304900897691e-01 1.351373979161295935e+01 7.878659918978033820e+05
3.119887136175903408e-01 1.339521107173865921e+01 6.847803530299329432e+05
3.213513320409220331e-01 1.329286791940214307e+01 5.949693531645279145e+05
3.309833596474480166e-01 1.318157774161744022e+01 5.173123452761437511e+05
3.409200987826135343e-01 1.308124948286432421e+01 4.456005030191743281e+05
3.510803748719634743e-01 1.299175038062314869e+01 3.925080296993292286e+05
3.615427848793034693e-01 1.290875939996340094e+01 3.415615785826244392e+05
3.722889357634943108e-01 1.282927932124675685e+01 2.980065625586721580e+05
3.833347917305260921e-01 1.274837419445973197e+01 2.594558169027730764e+05
3.946495649948896234e-01 1.267945642514580662e+01 2.258245190461587918e+05
4.062588548911667541e-01 1.261060094968805778e+01 1.968518283465569839e+05
4.181547478839308107e-01 1.254703118411712204e+01 1.715660044192056230e+05
4.303520877621803131e-01 1.249035214307787633e+01 1.498159929786394350e+05
4.428496761029169781e-01 1.243440884863845319e+01 1.294770482128325821e+05
4.556242169677816589e-01 1.238132042854070214e+01 1.142444132414766354e+05
4.687144854771620461e-01 1.233291635362498262e+01 9.964753512941024383e+04
4.820637705089999558e-01 1.228885241171413334e+01 8.718989713911623403e+04
4.957365909662825310e-01 1.224508651208506826e+01 7.608876701408300141e+04
5.096884990707521990e-01 1.220623211398837249e+01 6.649440572454500943e+04
5.239364069208858332e-01 1.216983651332366101e+01 5.821646722877991851e+04
5.384772404377421440e-01 1.213255828133538650e+01 5.099079101163977612e+04
5.533085477809569497e-01 1.209967702668898148e+01 4.465498650662403816e+04
5.684337305145997776e-01 1.206629130872802591e+01 3.909710948427969561e+04
5.837804720550687776e-01 1.203894898118018730e+01 3.423965803063026397e+04
5.990086400615832751e-01 1.200890912313194647e+01 3.019634914711309830e+04
6.140025936043148613e-01 1.198070367400743486e+01 2.665449902669723087e+04
6.289453988147568619e-01 1.195614036959879734e+01 2.362848457183722712e+04
6.438890647129336120e-01 1.193157130787546549e+01 2.093413829327495841e+04
6.589721606623317740e-01 1.190765148002073381e+01 1.854838532707717968e+04
6.742614319095963094e-01 1.188157965676466965e+01 1.645624940045629410e+04
6.898102714815695924e-01 1.185791153935840647e+01 1.461094343830590878e+04
7.056648685069863980e-01 1.183406829241336489e+01 1.294923416909979824e+04
7.218925799259484632e-01 1.181015676412612159e+01 1.147759196566540231e+04
7.385254126934270857e-01 1.178659787522473756e+01 1.014975407469373931e+04
7.556077427349445763e-01 1.176218550956291153e+01 8.978664596481965418e+03
7.731333312861303764e-01 1.174166884688466794e+01 7.927541899166111762e+03
7.911748654083666787e-01 1.172085200385567205e+01 6.985036718374046359e+03
8.097245076723845747e-01 1.169985163793377581e+01 6.170988462003420864e+03
8.288299323801399110e-01 1.168052130964845858e+01 5.399191890295567646e+03
8.484970665274244039e-01 1.166036839380854673e+01 4.776889828347467301e+03
8.687326899687843884e-01 1.164032262518651351e+01 4.202169313836566289e+03
8.895589327140778213e-01 1.162755237883595427e+01 3.689027432648784270e+03
9.109924306861120202e-01 1.160773098418474092e+01 3.230450953858986395e+03
9.330283051645866799e-01 1.159356156375362090e+01 2.838693428421183853e+03
9.556795332515610752e-01 1.158073390874480602e+01 2.482657860824317140e+03
9.789162017922437009e-01 1.156732497392012782e+01 2.162597864173363178e+03
1.002784005432803438e+00 1.155590551253473741e+01 1.903478327556271552e+03
1.027260702207720477e+00 1.154450568192646820e+01 1.664131597518547778e+03
1.052331191144834976e+00 1.153448264132237711e+01 1.457317861123875218e+03
1.078002520469613534e+00 1.152595029730110276e+01 1.271456925271540285e+03
1.104256204158466481e+00 1.151722770833526077e+01 1.111178047313870138e+03
1.131078693976272476e+00 1.151042053778769159e+01 9.703789378123702818e+02
1.158455683463746277e+00 1.150466719079333444e+01 8.470803795665922280e+02
1.186371440176759995e+00 1.149979627255597947e+01 7.406135879056523663e+02
1.214805897806037427e+00 1.149363120280001382e+01 6.468931040733186819e+02
1.243722868095300083e+00 1.149149516656576075e+01 5.651472097866917466e+02
1.273119145132766139e+00 1.149010171339001118e+01 4.938641667749925546e+02
1.302959397584082302e+00 1.148860352450346234e+01 4.316052868195546921e+02
1.333209841870922396e+00 1.148354982939295788e+01 3.783068284622697774e+02
1.363848765034216148e+00 1.148375294892016285e+01 3.304585775677279003e+02
1.394846417259944404e+00 1.148271750887528952e+01 2.893122999327194975e+02
1.426151689186312410e+00 1.148194408655396970e+01 2.520361048972992819e+02
1.457349018730820456e+00 1.148276175409038480e+01 2.223913800652523207e+02
1.488058340846123873e+00 1.148262336305121245e+01 1.960170126913520221e+02
1.518285510445061659e+00 1.147856123587491695e+01 1.732391964020234241e+02
1.548017548711837277e+00 1.147737061030800731e+01 1.533308085950571069e+02
1.577248971855461868e+00 1.147392685834453907e+01 1.360824982012098019e+02
1.605989847210162358e+00 1.146985091550503810e+01 1.209941743070247782e+02
1.634223311756536567e+00 1.146478704884448163e+01 1.078755555490057816e+02
1.661975842290511318e+00 1.145861918468942342e+01 9.629157515405719892e+01
1.689167519529028549e+00 1.145146956414390793e+01 8.616504000994734724e+01
1.715884016640164988e+00 1.144273255210468854e+01 7.713947769172699509e+01
1.742058746506133460e+00 1.143365963210716352e+01 6.924914925706076474e+01
1.767711004903531835e+00 1.142287720495525249e+01 6.194132032691170764e+01
1.792824699776419672e+00 1.141138361068337481e+01 5.598586651536130177e+01
1.817397562781134290e+00 1.139758119890683652e+01 5.047521314596687603e+01
1.841410090073804628e+00 1.138408753994202804e+01 4.559693438140946142e+01
1.864883828071615568e+00 1.136849731959536847e+01 4.118455121778065120e+01
1.887773157716596151e+00 1.135265926029396155e+01 3.710798679825112600e+01
1.910057797381376155e+00 1.133526125281131058e+01 3.374265109829509157e+01
1.931891344381055697e+00 1.131688403109501095e+01 3.062520264224280453e+01
1.953107061011980505e+00 1.129798928966970095e+01 2.780836237023541102e+01
1.973447680343959787e+00 1.127664449806672309e+01 2.531896891578535147e+01
1.993377430370865122e+00 1.125537846993571733e+01 2.305430609885888060e+01
2.012690128681535739e+00 1.123269535048796541e+01 2.101972449389407771e+01
2.031404797129007900e+00 1.120965019828955889e+01 1.920573701530219779e+01
2.049476765680012580e+00 1.118534308372183439e+01 1.755209180609677588e+01
2.066930217183492235e+00 1.115944812568783462e+01 1.607269865681199761e+01
2.083732503256146007e+00 1.113340073770122451e+01 1.472320836168537461e+01
