2.191799393465098389e-01 1.550982308316407554e+01 3.683535669800713658e+06
2.245338433693315761e-01 1.530347621879936426e+01 3.295558667533086613e+06
2.300410935627707765e-01 1.510380929580358433e+01 2.917746041253598873e+06
2.356903347035216312e-01 1.492927313979153148e+01 2.599235083364737686e+06
2.415214198013431179e-01 1.474298915950333111e+01 2.305934922069486231e+06
2.474856304380214644e-01 1.457951694200244042e+01 2.055883273150813067e+06
2.536196951540770073e-01 1.442160297016599380e+01 1.821439548168280860e+06
2.599203067254849397e-01 1.427815420873031194e+01 1.624369933497624937e+06
2.663882557534628104e-01 1.413292363192867640e+01 1.443530020483524539e+06
2.730262904759603315e-01 1.400947226764980691e+01 1.283721439499627333e+06
2.798373197519474775e-01 1.387351968704581573e+01 1.143804722157637589e+06
2.868246247949012284e-01 1.375725687736502678e+01 1.018557725744769559e+06
2.939880707063843857e-01 1.364623764603528677e+01 9.051204966659937054e+05
3.013341717967915612e-01 1.353763665834498831e+01 8.066949273987744236e+05
3.088486147535600690e-01 1.343744085283776890e+01 7.166375925483708270e+05
3.165542572037821634e-01 1.334080981648290454e+01 6.385068200971813640e+05
3.244434138389802880e-01 1.325889834272010148e+01 5.687206482221855549e+05
3.325195582796412475e-01 1.316784199581695880e+01 5.067319576534190564e+05
3.407998998850169659e-01 1.308423234353038112e+01 4.516631565027602483e+05
3.492450868779177764e-01 1.300651707277382485e+01 4.024128808539379970e+05
3.578989379072099464e-01 1.293404094309762442e+01 3.589955014388032723e+05
3.667483129137521503e-01 1.286693855547234655e+01 3.192091482827382279e+05
3.757941519285766252e-01 1.279912777559131243e+01 2.845512640947847976e+05
3.850457056157832736e-01 1.273522877613235593e+01 2.541852524890992499e+05
3.944923123157082490e-01 1.267898959961533123e+01 2.239605046348303731e+05
4.041271496996454160e-01 1.261873882352494469e+01 2.019275613414109102e+05
4.139728709176556665e-01 1.256852437654675292e+01 1.807670616357428080e+05
4.240305372103946313e-01 1.252007610178833907e+01 1.605471521378167672e+05
4.342844278792926116e-01 1.247207074316122899e+01 1.436882645296399423e+05
4.447560572001005852e-01 1.242574943462046733e+01 1.284068356791841798e+05
4.553980249067290376e-01 1.238310413923911746e+01 1.144341785004461854e+05
4.662785228131098303e-01 1.234258303535416879e+01 1.026520828645881702e+05
4.773442105256388568e-01 1.230320540750000546e+01 9.150680996102995414e+04
4.886187841022654466e-01 1.226685044963869942e+01 8.150914196926774457e+04
5.000776315578407960e-01 1.223258325462990292e+01 7.303097577144780371e+04
5.117542919776870702e-01 1.219422778937339125e+01 6.524122369571664603e+04
5.236350410613208606e-01 1.216995770828973455e+01 5.826044906211196212e+04
5.357179816929077409e-01 1.213854922625151822e+01 5.232011059732258582e+04
5.480032876106571971e-01 1.211206886752459866e+01 4.678824454168978264e+04
5.604908289934354970e-01 1.208369974270046043e+01 4.184703217958778259e+04
5.731482568020251911e-01 1.205871773978604899e+01 3.753939036718466377e+04
5.859926987249863828e-01 1.203417875652101721e+01 3.334110000239685905e+04
5.988633366152465998e-01 1.201101737462107799e+01 3.017026971099973889e+04
6.118098930164734828e-01 1.198702566943719816e+01 2.713684339677516618e+04
6.248323439241433297e-01 1.196718410277630795e+01 2.442979844963633514e+04
6.380351052536378242e-01 1.194620685413564765e+01 2.197436024510495554e+04
6.514665720303258745e-01 1.192601747137932477e+01 1.977091115226900729e+04
6.651606926638914397e-01 1.190556838127104200e+01 1.761347297121777592e+04
6.791114003539381327e-01 1.188666086745413075e+01 1.599215061794411122e+04
6.934718682704578141e-01 1.186697454893112536e+01 1.434491698965722208e+04
7.080452897592097727e-01 1.185280218722024870e+01 1.291306237733208036e+04
7.230497494743770570e-01 1.183369679803500851e+01 1.149793075293006950e+04
7.384559500833824952e-01 1.181665628829794201e+01 1.038437682789765677e+04
7.542683607878553076e-01 1.180109315005844017e+01 9.216292873343087194e+03
7.705111610626768082e-01 1.178659059267915765e+01 8.319808850659035670e+03
7.871967299941931007e-01 1.177273714495296275e+01 7.442621036419407574e+03
8.043415496621241223e-01 1.176124918755873061e+01 6.651355846943550205e+03
8.219640300578533454e-01 1.175134182496087654e+01 5.900335537189879688e+03
8.400715140035038830e-01 1.174086632543467346e+01 5.301995525561990689e+03
8.586577917175984842e-01 1.173039814364537392e+01 4.730386056164444199e+03
8.777464595394379732e-01 1.171945264480158500e+01 4.213925450196409656e+03
8.973465945239549324e-01 1.171464835244984393e+01 3.723890149350479078e+03
9.174480840572735163e-01 1.170757113795844973e+01 3.343098294561318653e+03
9.380809690946144697e-01 1.170405715418858961e+01 2.973090085435300807e+03
9.592140125723572774e-01 1.169644225362363343e+01 2.625059232425307982e+03
9.808759485025152491e-01 1.169350559126644207e+01 2.349073511917504220e+03
1.003047949998626009e+00 1.169113232168814598e+01 2.089099099727757675e+03
1.025738331499303380e+00 1.169001758418349013e+01 1.858309691813816471e+03
1.048936731443240511e+00 1.168940087105664638e+01 1.648603223227825083e+03
1.072647309960239603e+00 1.169014895754851402e+01 1.465307129960710199e+03
1.096864495495099234e+00 1.169087355039340004e+01 1.301595880949744014e+03
1.121569561316323460e+00 1.169604459034044019e+01 1.154705952207794553e+03
1.146759342879883237e+00 1.169845482440991979e+01 1.019996064634087361e+03
1.172423215843206412e+00 1.170254215917728402e+01 9.105940296739715905e+02
1.198553453504823896e+00 1.170555793668661160e+01 8.087357050222084354e+02
1.225135003074623974e+00 1.171254587886424936e+01 7.182974041225000974e+02
1.252153938191402194e+00 1.171732349787134808e+01 6.376550183469987587e+02
1.279588069133255734e+00 1.172336809936083135e+01 5.665883280407327902e+02
1.307438654545579171e+00 1.173452813830981079e+01 5.036029413629582336e+02
1.335667839598940754e+00 1.173866012006251935e+01 4.476234838735742301e+02
1.364268532237614018e+00 1.174611611422921520e+01 3.978835027326160798e+02
1.393223141502965001e+00 1.175848427561563803e+01 3.544943517343406825e+02
1.422501421707354385e+00 1.176815103383592742e+01 3.151255913139720519e+02
1.452085167548268663e+00 1.177644911466916255e+01 2.806795979500662952e+02
1.481949084198389777e+00 1.178775544294569322e+01 2.501153427504616502e+02
1.511851381302070196e+00 1.179443122346368256e+01 2.231935277276924694e+02
1.541678388779108788e+00 1.180431276851579980e+01 1.981889477449760477e+02
1.571404830603243541e+00 1.181453036710617255e+01 1.774770161881245940e+02
1.601028684887404241e+00 1.182450511406903182e+01 1.598493542784007957e+02
1.630533405442591066e+00 1.183393202235012254e+01 1.432513230020173296e+02
1.659886056973401303e+00 1.184249420811706699e+01 1.287999751554062300e+02
1.689077103608547681e+00 1.185013171603519666e+01 1.158224902002054790e+02
1.718074709071935269e+00 1.185996816433752521e+01 1.042756658090927999e+02
1.746936816500033185e+00 1.186496492359953514e+01 9.398788658350900960e+01
1.775550511294732958e+00 1.187181918356976240e+01 8.453090340160515836e+01
1.804045321783001476e+00 1.187749912592587265e+01 7.661290912088443861e+01
1.832111934739318215e+00 1.188271644220682965e+01 6.898699961299145400e+01
1.860046976494864168e+00 1.188701854954257442e+01 6.275182258244088729e+01
1.887689971363365471e+00 1.189103866862232906e+01 5.685752629000911895e+01
1.915047895831423652e+00 1.189395516756235871e+01 5.158918295970551071e+01
