2.191799393465098389e-01 1.550982308316407554e+01 3.683535669800713658e+06
2.245169522903372461e-01 1.530148128788880690e+01 3.272537811495030764e+06
2.300083504250775290e-01 1.511731579437972606e+01 2.931658586684381124e+06
2.356369456749198565e-01 1.492526784675794183e+01 2.601633560513580218e+06
2.414485440622881063e-01 1.477468078541156515e+01 2.327998072592946701e+06
2.473915051139351784e-01 1.457684835318061012e+01 2.055970556054081302e+06
2.535043576274672028e-01 1.444336441751318034e+01 1.838776462785278214e+06
2.597813215148008781e-01 1.427774081234233705e+01 1.624257752105503809e+06
2.662251255168852082e-01 1.413870779016346013e+01 1.450159961602893658e+06
2.728379723445281679e-01 1.400356121406461973e+01 1.288638194243405946e+06
2.796230449269331841e-01 1.387941953473796097e+01 1.148552193033537827e+06
2.865833943468708567e-01 1.375838581153968576e+01 1.022211296814038767e+06
2.937340773421575069e-01 1.365025762202621706e+01 9.079112304241842357e+05
3.010312579834612534e-01 1.354393468793590571e+01 8.092922177579448326e+05
3.085312355178054244e-01 1.343897632422161159e+01 7.221660874702205183e+05
3.161892312094063406e-01 1.334644351037086629e+01 6.433853526109243976e+05
3.240300175843168207e-01 1.325159445716921525e+01 5.683470776349930093e+05
3.320870867524366443e-01 1.316831544747846117e+01 5.105244816229409771e+05
3.403201140838427730e-01 1.308835319554540000e+01 4.540428311758362106e+05
3.487400313246848960e-01 1.301578159356028941e+01 4.050637555090643582e+05
3.573656903814491081e-01 1.294085747051937929e+01 3.615150514474445372e+05
3.661706136339939466e-01 1.286959462812379407e+01 3.216836065185273183e+05
3.751690929387522799e-01 1.280219870851628627e+01 2.872060512737958925e+05
3.843798517150563421e-01 1.274129372096762935e+01 2.558865006841136492e+05
3.937753500481278035e-01 1.268377209277149653e+01 2.282817601100994507e+05
4.033758303251155364e-01 1.262817524735941355e+01 2.038539562303545245e+05
4.131699804120557151e-01 1.257285720674257590e+01 1.820258531383179943e+05
4.231726252488537399e-01 1.252269211832877716e+01 1.626102024283536011e+05
4.333802747578079373e-01 1.247615235396764533e+01 1.448206814478901215e+05
4.437948877444233831e-01 1.242954759166994982e+01 1.295309585189739882e+05
4.543940248906231938e-01 1.238746955191537147e+01 1.155095575098666595e+05
4.652228936634422718e-01 1.234839939280249510e+01 1.032234908386613824e+05
4.762333839130415414e-01 1.230944618296297399e+01 9.231178073056452558e+04
4.874577799147769008e-01 1.227162722959816676e+01 8.246293022999091772e+04
4.988560624071398664e-01 1.223783962899815059e+01 7.385573014997379505e+04
5.104735972324139226e-01 1.220288214392238579e+01 6.608882006061013089e+04
5.222947186522270968e-01 1.217358525989721940e+01 5.911561781647132011e+04
5.343174930454347438e-01 1.214193956534687580e+01 5.291986806830340356e+04
5.465412414528986185e-01 1.211426997276912942e+01 4.741260882187945390e+04
5.589661662101260697e-01 1.208649226184224723e+01 4.245050387449230038e+04
5.715621930920018468e-01 1.206081451682842420e+01 3.804141210797354142e+04
5.843559668537585683e-01 1.203754083423535093e+01 3.411784959514842194e+04
5.971781783863617799e-01 1.201493409018721970e+01 3.063572527123466716e+04
6.100624434250853101e-01 1.199051298971474111e+01 2.753214364354968347e+04
6.230480041352197684e-01 1.197094130620525831e+01 2.477566523799236893e+04
6.362292061994271331e-01 1.194876114057501049e+01 2.230117220011407335e+04
6.495588853515635863e-01 1.192782909488769505e+01 2.006018371310071598e+04
6.632066636991588160e-01 1.190918337127305193e+01 1.802747303393232141e+04
6.770679870093466723e-01 1.188975289669009783e+01 1.621475507930936146e+04
6.912634487915406689e-01 1.187169535009252641e+01 1.459855255290195055e+04
7.058160142646829893e-01 1.185383418559152524e+01 1.311322194235063034e+04
7.207358877710923206e-01 1.183718911750698410e+01 1.179353136659015581e+04
7.360459448865404042e-01 1.181753105489576505e+01 1.058357895220852151e+04
7.517935789679319747e-01 1.180617589983284077e+01 9.467851055744798941e+03
7.679004025811091427e-01 1.178937430200632974e+01 8.474797337682857687e+03
7.844745974986977455e-01 1.177703848685583488e+01 7.529496237747235682e+03
8.015079606303368021e-01 1.176538024023181350e+01 6.779612211944131559e+03
8.190195464255365376e-01 1.175439558262320183e+01 6.058251926757820002e+03
8.369999731599838677e-01 1.174208651432850559e+01 5.403838478010980907e+03
8.554680210907855686e-01 1.173282809033810281e+01 4.824658303175336187e+03
8.744378850023492022e-01 1.172334186071978479e+01 4.303020938626091265e+03
8.938950661903372064e-01 1.171638607133071019e+01 3.833953982302480654e+03
9.138740832940855929e-01 1.170974538016903921e+01 3.415435363841618255e+03
9.343668717184918648e-01 1.171195565017772111e+01 3.039463375038087634e+03
9.553640743029384597e-01 1.169872555866733066e+01 2.703163243660389526e+03
9.768828981972981218e-01 1.169524487694354420e+01 2.405694961502663318e+03
9.989209541471726350e-01 1.169179330148410578e+01 2.137784237424421462e+03
1.021464262091373643e+00 1.169228053116195021e+01 1.899156221047105873e+03
1.044520099281545100e+00 1.168990753356495205e+01 1.689186792816099569e+03
1.068081696938818714e+00 1.169119244001062974e+01 1.499578501804996904e+03
1.092147288702394414e+00 1.169308239027952290e+01 1.331484070314681048e+03
1.116712905484395835e+00 1.169389060517608847e+01 1.182831762146077153e+03
1.141752327027881320e+00 1.169658764684980135e+01 1.050872985718572863e+03
1.167270560713852712e+00 1.170054204017389132e+01 9.336547253554634835e+02
1.193253687680854158e+00 1.170855866996396344e+01 8.291309467940676541e+02
1.219687638052979528e+00 1.171186664022097190e+01 7.360147439518289048e+02
1.246387804387883547e+00 1.171959758301979448e+01 6.545214049318195748e+02
1.273213492461586771e+00 1.172278054048252116e+01 5.829009503632827318e+02
1.300178655060567179e+00 1.173065927958965382e+01 5.195461595680538949e+02
1.327259189177828702e+00 1.173657703344745507e+01 4.635573256153602415e+02
1.354439972567947459e+00 1.174366178100124714e+01 4.139407453426280199e+02
1.381736178413028648e+00 1.175091359181229933e+01 3.701945427595123874e+02
1.409081391523266280e+00 1.175914913953932484e+01 3.310868142304524895e+02
1.436517916446107046e+00 1.176516028627863086e+01 2.968112579790665109e+02
1.463993459871139269e+00 1.176963320854787298e+01 2.661955049364380557e+02
1.491531540419137825e+00 1.177696697344185672e+01 2.386313005631471640e+02
1.519116680855911117e+00 1.178218607930213047e+01 2.143311924120613696e+02
1.546697523367763116e+00 1.178817572599310459e+01 1.927604310961292242e+02
1.574255967125155475e+00 1.179336892338988108e+01 1.733043379758148888e+02
1.601806460946591404e+00 1.179828649081202308e+01 1.559056747808748185e+02
1.629331675944949875e+00 1.180307324078051323e+01 1.397098338372484250e+02
1.656811650960003046e+00 1.180893652213682543e+01 1.265694479325152173e+02
1.684203793390339987e+00 1.181319725970781320e+01 1.142760372693803816e+02
1.711756921926476327e+00 1.181606381003230233e+01 1.027070729569617242e+02
1.738777486066323430e+00 1.181821075535008170e+01 9.279151495773363933e+01
1.765837398666771030e+00 1.182156163935153614e+01 8.438053046823280567e+01
1.792750522238091726e+00 1.182320036784383532e+01 7.636975604256925010e+01
1.819523892825970490e+00 1.182494533273911586e+01 6.918251070185419849e+01
1.846122387095427309e+00 1.182619752282925774e+01 6.245668836356958309e+01
1.872530235876460836e+00 1.182700193980384462e+01 5.689986059420947129e+01
