2.191799393465098389e-01 1.550982308316407554e+01 3.683535669800713658e+06
2.270607978503644542e-01 1.520629999075218919e+01 3.098040989568865858e+06
2.352667679735647999e-01 1.493839490523722446e+01 2.615062101658683270e+06
2.438197899561785342e-01 1.467189099096961513e+01 2.195578267418165226e+06
2.527014469467166458e-01 1.443978521769934176e+01 1.857523448331144638e+06
2.619395148534569562e-01 1.422767167687016787e+01 1.565789225218437612e+06
2.715244485770298422e-01 1.403375113742744595e+01 1.311604730954471510e+06
2.815049330728304211e-01 1.384742864781174632e+01 1.110477600266450085e+06
2.918531373433669307e-01 1.367661245621304289e+01 9.375965526499388507e+05
3.025633919981839393e-01 1.352504961241550419e+01 7.919781861213828670e+05
3.136874225119729576e-01 1.337482916034711522e+01 6.667499770945197670e+05
3.251805229776885131e-01 1.324951389373246080e+01 5.638194811279639835e+05
3.370960624399269023e-01 1.312550448566150152e+01 4.702804843893463840e+05
3.494073300791706860e-01 1.300632666201713761e+01 4.017410461896496709e+05
3.621394484544885328e-01 1.290460160603322137e+01 3.396362674162090989e+05
3.752909279856959102e-01 1.280062737863599409e+01 2.867708121209503151e+05
3.888694790937952117e-01 1.271082395143654509e+01 2.424763453685575223e+05
4.028959485578930133e-01 1.262967520775987573e+01 2.047466923684047360e+05
4.173158523290598221e-01 1.254981570085986498e+01 1.734354027321461472e+05
4.321808207282960002e-01 1.248022958124123249e+01 1.469021533255789545e+05
4.474983662292186803e-01 1.241346276566069662e+01 1.244038863152063568e+05
4.632502564986999416e-01 1.235315899908242621e+01 1.057547029135472840e+05
4.794253926137327926e-01 1.229467479287762544e+01 8.959181151759841305e+04
4.960291803296347224e-01 1.224498064348761694e+01 7.595366435868425469e+04
5.130741504092869443e-01 1.219721773253181141e+01 6.448915985783101496e+04
5.305571517904416057e-01 1.215034172357835907e+01 5.479644317910136306e+04
5.484733299251931538e-01 1.210915269942660366e+01 4.659639439698956994e+04
5.668231778228136619e-01 1.206874268978539888e+01 3.964009286862039880e+04
5.855466616831175308e-01 1.203421229865901054e+01 3.378581091936570738e+04
6.047472764187707961e-01 1.200086806392985395e+01 2.879941050161565363e+04
6.244865337758700452e-01 1.196969462737065548e+01 2.451763702598523741e+04
6.449707604123275928e-01 1.193887452084483591e+01 2.086229317514564900e+04
6.662883398480566877e-01 1.191158023081134587e+01 1.773044394553999155e+04
6.884916949248596207e-01 1.188836848364030097e+01 1.487168043566166125e+04
7.117360880315229954e-01 1.186267734628098935e+01 1.271488967863910875e+04
7.360469875783421934e-01 1.184562300392431844e+01 1.073375796487395382e+04
7.614936239685228259e-01 1.182796668834654419e+01 9.043636243654604186e+03
7.881308339210965075e-01 1.181154553353688286e+01 7.600701304470638206e+03
8.159954910975357745e-01 1.180153744194261378e+01 6.326027354262220797e+03
8.451204957454364619e-01 1.179302078007268939e+01 5.316669454951610533e+03
8.755442838842915076e-01 1.178859484336369157e+01 4.466678466463813493e+03
9.072802718252129806e-01 1.178673142345246916e+01 3.733096942565849076e+03
9.403372130861982203e-01 1.178907140722495051e+01 3.115059131735614301e+03
9.747342507113405663e-01 1.179098295329605506e+01 2.597527489195330418e+03
1.010465047815009454e+00 1.180053221555532694e+01 2.163417319063492414e+03
1.047516972743756103e+00 1.180657004678390187e+01 1.803188368245145512e+03
1.085889004000754277e+00 1.182433584115546665e+01 1.500666090965169360e+03
1.125551848267414279e+00 1.183437292572870625e+01 1.249298551663606531e+03
1.166471236349568175e+00 1.185152711391307356e+01 1.040936333300675642e+03
1.208609898474565458e+00 1.187156616671155618e+01 8.661282508618165821e+02
1.250700699423832107e+00 1.189163977739076827e+01 7.254537539718058952e+02
1.292235146343323260e+00 1.191382428239839264e+01 6.084921827277175908e+02
1.333242011040799424e+00 1.192961132406885660e+01 5.169874102521191617e+02
1.373756767672514645e+00 1.194967648952250805e+01 4.395890110471182197e+02
1.413807231913836171e+00 1.196426758573315574e+01 3.750909980812396611e+02
1.453413560591401588e+00 1.197839957562116453e+01 3.213697867647748012e+02
1.492559855694322923e+00 1.199311041247575460e+01 2.755063247676491187e+02
1.531281550046016404e+00 1.200193825907368428e+01 2.359685428883535963e+02
1.569573758771625194e+00 1.201254927342936085e+01 2.048911827973244897e+02
1.607428392211042611e+00 1.201768273590546698e+01 1.772011902885710413e+02
1.644801813883183250e+00 1.202142300244727124e+01 1.536236780967905418e+02
1.681692089635351328e+00 1.202580014947868570e+01 1.334181603304158727e+02
1.718126338583471746e+00 1.202855715523821267e+01 1.161094105037061865e+02
1.753970416669164756e+00 1.202598207961028542e+01 1.012009205371543175e+02
1.788599755274703273e+00 1.202288607105050389e+01 8.866299072453499264e+01
1.821329852487127088e+00 1.201728584142288980e+01 7.802075102383335548e+01
1.852215556790352435e+00 1.200775320223747045e+01 6.902552406585768097e+01
1.881323499824732126e+00 1.199554115163083523e+01 6.111666357558646467e+01
1.908755553203664412e+00 1.197948913555559258e+01 5.474139100578734229e+01
1.934598981368471859e+00 1.196029773779530458e+01 4.904052457058908487e+01
1.958928494293349365e+00 1.193817657257985587e+01 4.376895557005408222e+01
1.981794467510971103e+00 1.191290754690704112e+01 3.959196207735728734e+01
2.003461594062652562e+00 1.188547111526247058e+01 3.568306081794331419e+01
2.023422496153088446e+00 1.185454214464088452e+01 3.219735875348973764e+01
2.042250691937797846e+00 1.182097063860285502e+01 2.934251691339303036e+01
2.059851352515146949e+00 1.178550319711644079e+01 2.668491723555329287e+01
2.076271402897378326e+00 1.174718121141195226e+01 2.428945681937360845e+01
2.091505277892267145e+00 1.170700071264909248e+01 2.217005113464512434e+01
2.105793817046162530e+00 1.166612606582032186e+01 2.025724030687932498e+01
2.118832044691012051e+00 1.162099228042216836e+01 1.854385358917206972e+01
2.130797768012181237e+00 1.157500368568238613e+01 1.701951052171536816e+01
2.141631665658742634e+00 1.152660901240998648e+01 1.559125114290958614e+01
2.151608716093384555e+00 1.147664280390061897e+01 1.440479138385672009e+01
2.160620083721634721e+00 1.142609253556928728e+01 1.327713808803458306e+01
2.168687165791689520e+00 1.137384877583806819e+01 1.225970702585489747e+01
2.175854722428550936e+00 1.132009249379302673e+01 1.131828613257928318e+01
2.182273755729568609e+00 1.126584332060545002e+01 1.046797601436174929e+01
2.187668268508208946e+00 1.120931718154700896e+01 9.737982777520654665e+00
2.192140206207860764e+00 1.115088781954106345e+01 9.042976504593159603e+00
2.195877745127482239e+00 1.109314887862109167e+01 8.424453646609636692e+00
2.198985081698940469e+00 1.103449544219184553e+01 7.850450396914711249e+00
2.201066360177107661e+00 1.097447751500818391e+01 7.329642789750167253e+00
2.202603101429887023e+00 1.091409553576954927e+01 6.827834102608091094e+00
2.203286419459766776e+00 1.085299378229169776e+01 6.394837695234091512e+00
2.203428291555472818e+00 1.079141857838476248e+01 6.009912264932954606e+00
2.202741929731486525e+00 1.072997164928421299e+01 5.645806325842728235e+00
2.201466944052098640e+00 1.066737020182893403e+01 5.294527262408238677e+00
2.199692448950949064e+00 1.060467709370317735e+01 4.995294016376575996e+00
2.197298298378513870e+00 1.054249396717341192e+01 4.708725606496890315e+00
2.193998907431010448e+00 1.047824437760146310e+01 4.441799712816216328e+00
