2.191799393465098389e-01 1.550982308316407554e+01 3.683535669800713658e+06
2.276010637837686812e-01 1.519747730432495025e+01 3.068910867496115156e+06
2.363979183668866446e-01 1.489682787412395193e+01 2.553441605634701438e+06
2.455783486535490778e-01 1.464672265603561918e+01 2.145876789647426922e+06
2.551462502482579331e-01 1.438396807620219064e+01 1.771340893460486317e+06
2.651195282802369935e-01 1.415891678692243261e+01 1.477596575310024200e+06
2.755061149366486162e-01 1.395343021231744629e+01 1.230818218664251268e+06
2.863178111005859061e-01 1.376600409570096950e+01 1.027125806722899782e+06
2.975515236481857118e-01 1.359332544006438326e+01 8.561117325069740182e+05
3.092269592339046969e-01 1.343319962782283383e+01 7.129203250354420161e+05
3.213585965671823530e-01 1.329124030430525849e+01 5.944948030842291191e+05
3.339396122422421120e-01 1.314854041818845154e+01 4.970738073925939971e+05
3.469770380854982905e-01 1.302776300137102439e+01 4.146232008211209904e+05
3.604986229418067345e-01 1.291339796762645342e+01 3.468500200134658371e+05
3.744836801991384689e-01 1.281109869060523465e+01 2.894965144912256510e+05
3.889609900830415801e-01 1.271068603261547203e+01 2.421829150026816351e+05
4.039206265677966479e-01 1.262310039333229206e+01 2.027204653329769790e+05
4.193743757313873055e-01 1.254138198466792353e+01 1.693441579448537668e+05
4.353327887420385678e-01 1.246798809675572528e+01 1.416773735358027625e+05
4.517793672270598027e-01 1.239916608477613735e+01 1.187459476823273435e+05
4.687346212133801648e-01 1.233483622236354726e+01 9.874732747490663314e+04
4.861626139315314288e-01 1.227455197517770102e+01 8.353909857719716092e+04
5.040928976313233667e-01 1.222115803042078852e+01 7.012387540774820081e+04
5.225226306082042527e-01 1.217184154248264960e+01 5.897382176919756603e+04
5.414456798215965261e-01 1.212626939757308975e+01 4.966132357161617983e+04
5.608621735975479750e-01 1.208280524352661622e+01 4.174570529354875180e+04
5.807199057440970424e-01 1.204265856150768954e+01 3.521888936911482597e+04
6.010366008623284628e-01 1.200731052502206175e+01 2.963007241110128234e+04
6.218106456271624838e-01 1.197312668233483457e+01 2.501243903289441732e+04
6.432869170674008208e-01 1.194125259406996520e+01 2.112270102359852535e+04
6.655445816482900012e-01 1.191129274383225223e+01 1.779433877362655039e+04
6.887861751370721874e-01 1.188369645096550720e+01 1.496169719919825184e+04
7.131006301759834631e-01 1.185838825703039490e+01 1.257398691673443500e+04
7.385591639042020651e-01 1.183480697170780083e+01 1.040072532579698782e+04
7.652144322823692946e-01 1.181654426725064688e+01 8.775029866524875615e+03
7.931474382656834576e-01 1.180007938125204880e+01 7.311862840334752036e+03
8.224266909135046211e-01 1.178664725249018730e+01 6.077541484929343824e+03
8.530474295181106337e-01 1.177571648779657387e+01 5.042258165940606887e+03
8.850809862777633263e-01 1.176968283809177684e+01 4.181145867747103694e+03
9.185367942720061851e-01 1.176589124710058876e+01 3.459234980057891335e+03
9.534296246002893493e-01 1.176868788770747543e+01 2.858739174135743724e+03
9.897731753394405363e-01 1.176752322505486781e+01 2.360861414985152351e+03
1.027559265941994315e+00 1.177170281730280976e+01 1.949983867411093570e+03
1.065918381800269543e+00 1.178480462417876495e+01 1.613801139756337534e+03
1.102029685821904081e+00 1.178777469975326930e+01 1.356211114267366611e+03
1.135989093266380312e+00 1.179162127578237218e+01 1.153019985654311313e+03
1.168118506613738505e+00 1.179479758956426139e+01 9.893261337597808733e+02
1.198628950370012491e+00 1.179169000845704751e+01 8.542794949840006211e+02
1.227718137854967084e+00 1.178479140647226231e+01 7.424830513333535009e+02
1.255530968363435029e+00 1.177581424046072556e+01 6.488538171913232873e+02
1.282213670241460823e+00 1.176053988660731520e+01 5.693954667891304098e+02
1.307863700867272216e+00 1.174595815358826556e+01 5.005952947094769456e+02
1.332577005514003821e+00 1.172281920192722993e+01 4.420838456633762803e+02
1.356436406605284306e+00 1.170115053571666586e+01 3.909904640396964624e+02
1.379516384085896163e+00 1.167442056229966774e+01 3.463782696547374371e+02
1.401845480681635836e+00 1.164776960966958619e+01 3.076616018995417789e+02
1.423482513517981163e+00 1.161418299592858894e+01 2.739165223606941595e+02
1.444468818857743919e+00 1.157867291325348624e+01 2.437331338950785380e+02
1.464839582137623442e+00 1.154251028650286770e+01 2.171103782210427369e+02
1.484603183394632042e+00 1.150566677100171553e+01 1.940448734931378851e+02
1.503791412478181932e+00 1.146367980881093196e+01 1.734047861569104896e+02
1.522418421775099784e+00 1.142042702089119111e+01 1.552409324251580642e+02
1.540489688403585244e+00 1.137598407272762380e+01 1.388739514627907852e+02
1.558012253092655675e+00 1.132994631313350631e+01 1.245586941149359035e+02
1.575001210326032020e+00 1.128123450088481405e+01 1.118579491301338606e+02
1.591469455569438640e+00 1.123065844876658659e+01 1.002520147019172896e+02
1.607362267451059035e+00 1.117859758894836197e+01 9.018097139863688483e+01
1.622742646399957023e+00 1.112545633997793892e+01 8.104181129129027283e+01
1.637595071403590952e+00 1.107169058958583285e+01 7.259679201432425089e+01
1.651861283630966959e+00 1.101498049771526944e+01 6.546529754426633474e+01
1.665593305562296234e+00 1.095788428103559831e+01 5.929435698154723866e+01
1.678772513997527804e+00 1.089988906180993666e+01 5.350278926086209452e+01
1.691382753122710803e+00 1.084050021655562368e+01 4.813305464747624285e+01
1.703422030831587053e+00 1.077987700737794974e+01 4.371261949203400121e+01
1.714881169397243665e+00 1.071871513172184720e+01 3.955666768093772134e+01
1.725780919156046478e+00 1.065724056953856547e+01 3.582936387621569452e+01
1.736043342707285442e+00 1.059326726993003831e+01 3.252088580068717505e+01
1.745726961078968964e+00 1.053065121770101875e+01 2.952953243063390687e+01
1.754809464335075564e+00 1.046568003481821307e+01 2.677648087828698209e+01
1.763282767119215277e+00 1.040091418303001092e+01 2.436485785134414073e+01
1.771140402723592411e+00 1.033462590607710041e+01 2.229037015769707608e+01
1.778390019715286430e+00 1.026912860104173220e+01 2.029187953704154879e+01
1.785013434985128766e+00 1.020245120907250502e+01 1.857842294498954772e+01
1.791014327554142360e+00 1.013561519108390563e+01 1.702624626929351592e+01
1.796407618155151154e+00 1.006840165044759061e+01 1.554069525879743807e+01
1.801178610057346585e+00 1.000092369990622920e+01 1.427099915469257319e+01
1.805324092781186218e+00 9.933321923687557842e+00 1.312208081466229892e+01
1.808869938926453091e+00 9.864843497115826310e+00 1.206485807864223858e+01
1.811801089435872258e+00 9.798188622198399145e+00 1.113087091714663224e+01
1.814138665029496389e+00 9.729204791570420952e+00 1.030327966156249886e+01
1.815873170434702200e+00 9.661476627973931031e+00 9.500292289491238051e+00
1.817023095302403801e+00 9.593016254665919007e+00 8.805911191504552704e+00
1.817589755536005658e+00 9.525457583782452886e+00 8.174875896279290899e+00
1.817591943805583865e+00 9.457263334701309532e+00 7.590041733009995184e+00
1.817041066123485260e+00 9.389840155400225541e+00 7.069640334003842064e+00
1.815942702159239364e+00 9.322879139228131606e+00 6.595446792977823769e+00
1.814305730199871514e+00 9.255640538044007215e+00 6.162246810435343392e+00
1.812159551457357631e+00 9.188908007525570909e+00 5.764843327591898436e+00
1.809518411638255220e+00 9.122238445415908004e+00 5.404739299883186909e+00
1.806382558742237965e+00 9.056438817057399504e+00 5.081700879497079271e+00
