2.191799393465098389e-01 1.550982308316407554e+01 3.683535669800713658e+06
2.262564184023762581e-01 1.523705085514179558e+01 3.155748136373330839e+06
2.335807831660361711e-01 1.498612173463014585e+01 2.704484528133613057e+06
2.411969133482148864e-01 1.475173687084115670e+01 2.318384732152656652e+06
2.490616864543070685e-01 1.457017536857581241e+01 1.986538743116018595e+06
2.572193836566021852e-01 1.433576657886160177e+01 1.706200892148569692e+06
2.656642891746018864e-01 1.415165805536629051e+01 1.462320026537952945e+06
2.744038188002576040e-01 1.397663210137244150e+01 1.253650353523392929e+06
2.834435395383849698e-01 1.381274923636755680e+01 1.075958916709657991e+06
2.927958001365437712e-01 1.366478570170536067e+01 9.220691391436959384e+05
3.024287993090387094e-01 1.352151663725920372e+01 7.913035889831193490e+05
3.123930780324041812e-01 1.339942624019695572e+01 6.790147366555542685e+05
3.226763752427780352e-01 1.327001684755886934e+01 5.835015530240263324e+05
3.332879094495871386e-01 1.315810860174823382e+01 5.009862302367796656e+05
3.442189627356004311e-01 1.305038150957188847e+01 4.303418020215791184e+05
3.555024794724905846e-01 1.295426347447313553e+01 3.699996261492522317e+05
3.670918896612568871e-01 1.286069485871414919e+01 3.180736677205862943e+05
3.790614732522584185e-01 1.277655940252069300e+01 2.729852928351846640e+05
3.913288203021161871e-01 1.269909567066279976e+01 2.352396749634157459e+05
4.039620622866559874e-01 1.262128069401903652e+01 2.027227049379917153e+05
4.169654464403547700e-01 1.255550672818846714e+01 1.740306065504024155e+05
4.302859034463539789e-01 1.249007954245973373e+01 1.498557061691344134e+05
4.439917415659717093e-01 1.242792230925120300e+01 1.291948701678575890e+05
4.580193482213619216e-01 1.237355892071133745e+01 1.112312659960527380e+05
4.724222125025051566e-01 1.232157542108239845e+01 9.598839824579222477e+04
4.871764322500943267e-01 1.227158207102033494e+01 8.287197348739024892e+04
5.022505260205685218e-01 1.222678947875348143e+01 7.135907228462280182e+04
5.176963025706345922e-01 1.218549751160476369e+01 6.172253372016640060e+04
5.334943618666831977e-01 1.214519632892335110e+01 5.334453389823037287e+04
5.496407028002578965e-01 1.210881569043264072e+01 4.618512103508182190e+04
5.661390322900695660e-01 1.207079627046243608e+01 3.986855874155631318e+04
5.829441494170076732e-01 1.203884751698978128e+01 3.454470491745996696e+04
5.991786487951701323e-01 1.200873853121994728e+01 3.007804597065803318e+04
6.145479172026846459e-01 1.198111089121629824e+01 2.648309909716893526e+04
6.293759381892365390e-01 1.195212839588717557e+01 2.345501474933857025e+04
6.438480626842811860e-01 1.192328127598010745e+01 2.079326670992018262e+04
6.581075054193029628e-01 1.189302073643554003e+01 1.845317002058446451e+04
6.722891544054311330e-01 1.186278902153697246e+01 1.645872330982664062e+04
6.864889400570004518e-01 1.183150972845722215e+01 1.466518695479516282e+04
7.007741810041994146e-01 1.179903490853055459e+01 1.305425256481305041e+04
7.152273185260256128e-01 1.176738575945202570e+01 1.162521284296551494e+04
7.299093669738522250e-01 1.173457366012164371e+01 1.033944657895503587e+04
7.448549345784702957e-01 1.170096411768187750e+01 9.197862488524082437e+03
7.601341507884475934e-01 1.167053922106455488e+01 8.093623702793078337e+03
7.757492387608042606e-01 1.163262737365323041e+01 7.237216102125395992e+03
7.917642937669859826e-01 1.160047406123221414e+01 6.412247722617738873e+03
8.082014277267269842e-01 1.156417517937440387e+01 5.673276301657700060e+03
8.250821705633580860e-01 1.153421449782930708e+01 5.014364118730118207e+03
8.424341605701769486e-01 1.150113928594926271e+01 4.418734919040609384e+03
8.602659197337255703e-01 1.146984565889423280e+01 3.900233459648618009e+03
8.786104577255899883e-01 1.143965750366595024e+01 3.431366553060019669e+03
8.974633148308552855e-01 1.140216680281191231e+01 3.013279922866455308e+03
9.168373730057610693e-01 1.136999629134182221e+01 2.649645281437877202e+03
9.367393538578308032e-01 1.134121762279580103e+01 2.324685411508075049e+03
9.571702062166209668e-01 1.130928139707529034e+01 2.038067823272135911e+03
9.781321396117401701e-01 1.127907144901121050e+01 1.783657526679296325e+03
9.996136322534443508e-01 1.125002628273987959e+01 1.561325067437290727e+03
1.021621990448194905e+00 1.122727637675575352e+01 1.365277127482293508e+03
1.044142899876419284e+00 1.119407549328574270e+01 1.194779900828875043e+03
1.067148768646046353e+00 1.117181613158032327e+01 1.042033490365774469e+03
1.090348989709689187e+00 1.114253408732718498e+01 9.114418864913707239e+02
1.113518270696884471e+00 1.111571468953439101e+01 7.986843977648297823e+02
1.136660058058903910e+00 1.109128909761666115e+01 7.016571826697921779e+02
1.159738343474937761e+00 1.106717052076399099e+01 6.165279577362647387e+02
1.182795997998033366e+00 1.104227979895487799e+01 5.430232165556388964e+02
1.205777337748093148e+00 1.101823968670739262e+01 4.789654243093280570e+02
1.228707600640924547e+00 1.099110543250640504e+01 4.201638025742628315e+02
1.251558261198919997e+00 1.096620808279631198e+01 3.733292184865053969e+02
1.274369001592379425e+00 1.094256238151010230e+01 3.301929548052345922e+02
1.297029705596059790e+00 1.091491988114213996e+01 2.908013219393752138e+02
1.319610438560951948e+00 1.088923390385357060e+01 2.590168731582239730e+02
1.342082499410856444e+00 1.086011028016417157e+01 2.298826659528648122e+02
1.364407676422420668e+00 1.083307409489669837e+01 2.041573779427272939e+02
1.386582007132856731e+00 1.080557415271158384e+01 1.814384154124288386e+02
1.408597987471574609e+00 1.077729464478838572e+01 1.616339224530843808e+02
1.430418964156896067e+00 1.074821304431051772e+01 1.438271424716336071e+02
1.452034673280431676e+00 1.071917727665969267e+01 1.282055239441141339e+02
1.473438249703874048e+00 1.068976282329369454e+01 1.143211571201575936e+02
1.494591207182687898e+00 1.065913900758770438e+01 1.016322564549193714e+02
1.515535151424599603e+00 1.062874178107321832e+01 9.119847502583199628e+01
1.536073539122187581e+00 1.059748401487281555e+01 8.165314523513391975e+01
1.556371160514272489e+00 1.056602740670995999e+01 7.311154062919412411e+01
1.576332692971437632e+00 1.053287626753492390e+01 6.554587680953947881e+01
1.595960656485107210e+00 1.050041068011170964e+01 5.876850452384181978e+01
1.615211572343742574e+00 1.046725571377157316e+01 5.285455118603569957e+01
1.634184640185853521e+00 1.043415791220456335e+01 4.745341745274734535e+01
1.652534978205851823e+00 1.039885227823439706e+01 4.277705321362152091e+01
1.670572911773527292e+00 1.036386336853658108e+01 3.841204972369565240e+01
1.688149918029066665e+00 1.032812902202222816e+01 3.468696257546972106e+01
1.705276247763390929e+00 1.029235114394000661e+01 3.132865005307950668e+01
1.721929486001074538e+00 1.025601552574956088e+01 2.839067464698779375e+01
1.738091765945175116e+00 1.021941512433444110e+01 2.566525519206300032e+01
1.753814641704129818e+00 1.018201024338998728e+01 2.326645866692603093e+01
1.768947048521356091e+00 1.014386311586207157e+01 2.119573161691521435e+01
1.783484718040538652e+00 1.010563428768237948e+01 1.926752276070270753e+01
1.797547931567726964e+00 1.006686815816316383e+01 1.753697931729199411e+01
1.811038869207080682e+00 1.002809941222561463e+01 1.595065134466902812e+01
1.824048402797696422e+00 9.987793164140766677e+00 1.458404293911226546e+01
1.836422049842256543e+00 9.948126651489097583e+00 1.333870373420467992e+01
1.848156870502080107e+00 9.907673591335907304e+00 1.219132364632976895e+01
