2.191799393465098389e-01 1.550982308316407554e+01 3.683535669800713658e+06
2.267671956248622223e-01 1.521650485567768563e+01 3.117390320682456251e+06
2.346534366126897808e-01 1.495079807752587087e+01 2.655630007637230214e+06
2.428628853255196396e-01 1.470714238019450271e+01 2.239705081926504150e+06
2.513816158394485689e-01 1.447844739892337529e+01 1.884091743373737903e+06
2.602155188710618128e-01 1.426817622345606118e+01 1.618221839581532869e+06
2.693905728422513191e-01 1.407173887191611072e+01 1.369694086149762385e+06
2.789063028098227037e-01 1.389260434341322181e+01 1.160769491512922104e+06
2.887695849094210065e-01 1.372703454691741065e+01 9.848118867126133991e+05
2.989930366286787100e-01 1.357336944151462532e+01 8.369320961787274573e+05
3.095446467799871648e-01 1.343355816156026172e+01 7.098946812827816466e+05
3.205063918346250373e-01 1.329360857675602858e+01 6.024079080250062980e+05
3.317926281633661323e-01 1.317202844247182192e+01 5.120346579302997561e+05
3.434765476739194967e-01 1.305900832250716448e+01 4.346888753674478503e+05
3.555568976804419079e-01 1.295452091529003269e+01 3.692939662026399164e+05
3.679917941829718986e-01 1.285931668929835325e+01 3.142351271279593930e+05
3.808563332469492857e-01 1.276522108999289884e+01 2.681489421383592417e+05
3.940849394196466182e-01 1.267919704281299076e+01 2.250988730857076589e+05
4.077186559952979406e-01 1.260444763778465926e+01 1.933615429362788855e+05
4.217698551808756746e-01 1.252880240455942307e+01 1.648108779700674349e+05
4.362075519584310279e-01 1.246358742887955628e+01 1.405153277755366289e+05
4.510561532106499572e-01 1.240084291809388795e+01 1.201406080091799377e+05
4.663171498932809911e-01 1.234434663705635238e+01 1.020700087100048549e+05
4.819534083873767694e-01 1.228805879537967805e+01 8.720467273592027777e+04
4.980219154879294563e-01 1.223827348265291270e+01 7.435419801775430096e+04
5.144838747150054514e-01 1.218927182622825889e+01 6.364009851240409625e+04
5.313509712569686183e-01 1.214942310827517424e+01 5.437748069731192663e+04
5.486199103484878936e-01 1.210938801043271873e+01 4.651108660502015846e+04
5.662910665427204338e-01 1.207161826475325306e+01 3.982073459985969384e+04
5.842732882144657802e-01 1.203797613058517157e+01 3.411833113810053328e+04
6.017156273316296433e-01 1.200654055991291180e+01 2.949281821200050035e+04
6.184282400632917787e-01 1.197440678652931290e+01 2.568249137170363974e+04
6.347139288312394489e-01 1.194357050555512423e+01 2.242374239762331854e+04
6.507733491763244560e-01 1.191154258266575816e+01 1.968701514519598277e+04
6.667654514335288329e-01 1.188025040057650195e+01 1.730087984718003281e+04
6.828286736014755887e-01 1.184901141319367568e+01 1.520382183809603703e+04
6.990596129539576875e-01 1.181628561772680008e+01 1.324218517244698705e+04
7.156232292816028240e-01 1.178537394115441472e+01 1.173355519207322868e+04
7.323479713467887509e-01 1.175005662625714287e+01 1.031723028765330855e+04
7.495437221488221446e-01 1.171859862538150843e+01 9.032456926017888691e+03
7.671782090964336387e-01 1.168540736101137334e+01 7.910579262139043749e+03
7.853063919920073577e-01 1.165252288157075355e+01 6.923337072355981036e+03
8.039568564440691123e-01 1.162092126306274054e+01 6.039824291379376518e+03
8.231707499627627378e-01 1.158739039056406384e+01 5.269917474682818465e+03
8.429751536646893362e-01 1.155361360312375396e+01 4.583347012490929046e+03
8.633986596003000447e-01 1.152196777124987825e+01 3.987818783521646765e+03
8.844571902415840903e-01 1.149383240902755254e+01 3.462445052002638931e+03
9.061740555943839093e-01 1.146386739214369399e+01 3.001022768997837375e+03
9.285342211565988935e-01 1.143516771926714171e+01 2.598791524469630986e+03
9.515667633935784853e-01 1.140708558502220704e+01 2.236951964506545664e+03
9.752742256663484710e-01 1.137942569705474760e+01 1.944407817524788697e+03
9.996354531225476459e-01 1.135502456925198622e+01 1.677770316248306244e+03
1.024668672539582603e+00 1.132738363466472187e+01 1.447875804405213557e+03
1.050346857882825891e+00 1.130427199072835087e+01 1.249113004901805652e+03
1.076663805121388817e+00 1.128041923079387843e+01 1.076503780349179351e+03
1.103589956071809208e+00 1.125774409246274033e+01 9.280663743104149717e+02
1.131127333444868821e+00 1.123589190042155828e+01 7.996541200743489526e+02
1.159205111018632550e+00 1.121644356121587194e+01 6.885989527000517683e+02
1.187087869596935352e+00 1.119656947632552679e+01 5.946113360532341403e+02
1.214423623975964261e+00 1.117649201800258218e+01 5.169757251618588043e+02
1.241239017905404252e+00 1.115634398274096206e+01 4.500643377508355911e+02
1.267523300450354773e+00 1.113939764162361179e+01 3.910572452838845834e+02
1.293321161289398891e+00 1.111782499099038901e+01 3.449713709066340357e+02
1.318619833682223685e+00 1.109255694341695531e+01 3.030382727943198233e+02
1.343462503388677121e+00 1.106909817557447084e+01 2.669422851490376161e+02
1.367846720571124441e+00 1.104480533095400752e+01 2.353274033303102613e+02
1.391739442008476324e+00 1.101823567536323800e+01 2.082143212775860661e+02
1.415169813475489757e+00 1.099317797486884984e+01 1.845254694991522513e+02
1.438161387862662899e+00 1.096471350316997473e+01 1.636138744027160783e+02
1.460694306822435173e+00 1.093519478590207505e+01 1.453430966282474230e+02
1.482765375866404334e+00 1.090451244045951107e+01 1.292366862148142275e+02
1.504375841931968605e+00 1.087353473785729641e+01 1.150967775065939804e+02
1.525509701501568172e+00 1.084078350769959087e+01 1.027693101831560796e+02
1.546162280896080432e+00 1.080723356525428613e+01 9.181414050207510513e+01
1.566333067909884358e+00 1.077226099225242884e+01 8.176808778674143241e+01
1.586192627326170168e+00 1.073728372093639116e+01 7.351204113991228439e+01
1.605181166415781124e+00 1.070051269371619540e+01 6.595087640243235683e+01
1.623838806154576098e+00 1.066293321798506710e+01 5.896280160851643615e+01
1.641971597320831977e+00 1.062392882048401965e+01 5.322402831318294858e+01
1.659692017028076227e+00 1.058460634029402136e+01 4.785768902285570192e+01
1.676630294610991223e+00 1.054394811746284866e+01 4.308752377586997540e+01
1.693107291844460738e+00 1.050232103050834809e+01 3.891566359162654720e+01
1.709092560278195450e+00 1.046060799088780335e+01 3.503752291789406570e+01
1.724378415412376020e+00 1.041725141033044721e+01 3.179315242297982991e+01
1.739164983589050140e+00 1.037323954504355861e+01 2.868391208911173962e+01
1.753454471826994654e+00 1.032951366964004336e+01 2.611600793355152916e+01
1.766889021483347033e+00 1.028365123429232320e+01 2.371921370031217080e+01
1.779960164397552669e+00 1.023888058127157308e+01 2.146434270173988068e+01
1.792193411340297748e+00 1.019125553462454903e+01 1.960285358809913703e+01
1.803910322803875976e+00 1.014423267689138441e+01 1.786662012902639418e+01
1.815005826840319303e+00 1.009592529128297755e+01 1.626644855172839499e+01
1.825610546054592831e+00 1.004837247696265834e+01 1.484710868680388351e+01
1.835435501026656091e+00 9.999359141397407669e+00 1.360308839293980476e+01
1.844542461594274263e+00 9.949584420607454405e+00 1.250509593499661243e+01
1.853127819713362046e+00 9.899814251267704535e+00 1.148387107774047777e+01
1.861079287702032348e+00 9.849680285551594139e+00 1.053075940321570414e+01
1.868406785201460751e+00 9.799260711595257689e+00 9.714542707393041709e+00
1.875215436939935199e+00 9.748998382037303401e+00 8.940875461514474765e+00
1.881195828919275170e+00 9.697177653069894987e+00 8.255635594789175968e+00
1.886674179462533463e+00 9.645962472454215231e+00 7.653448727269041463e+00
