2.191799393465098389e-01 1.550982308316407554e+01 3.683535669800713658e+06
2.244780509760684051e-01 1.529694551761893884e+01 3.273064945829856209e+06
2.299339062040018089e-01 1.510392451528602642e+01 2.919945618598487694e+06
2.355151150904402357e-01 1.493407944338805571e+01 2.614093854751324747e+06
2.412832477631903505e-01 1.475005779793544392e+01 2.319378577779188752e+06
2.471789342024147407e-01 1.460687506092312304e+01 2.078476191463652533e+06
2.532423963292970148e-01 1.443866486702569674e+01 1.831816560968524311e+06
2.594672767108052724e-01 1.428451695046056180e+01 1.636176305088063236e+06
2.658569830267082379e-01 1.414122079788273822e+01 1.459361015246170806e+06
2.724132502376510612e-01 1.401483495652755984e+01 1.300020599034854211e+06
2.791466199864776621e-01 1.391697273753195141e+01 1.144191571849736851e+06
2.860371512718495879e-01 1.376969672138229761e+01 1.031050931984173250e+06
2.931175877483933601e-01 1.366174488015377264e+01 9.200953928293024655e+05
3.003501587055086297e-01 1.355265370655925139e+01 8.164492833224188071e+05
3.077720681525750179e-01 1.345254081481858321e+01 7.289648374965466792e+05
3.153632055999540662e-01 1.335681944096986307e+01 6.496670538604561007e+05
3.231444071290215936e-01 1.326787164963849008e+01 5.794875731275050202e+05
3.311123177695639574e-01 1.318601066450086812e+01 5.165036962704655598e+05
3.392611734710664351e-01 1.309741154239230987e+01 4.616913819439599174e+05
3.476001012168440929e-01 1.302725821901708159e+01 4.111033162412022357e+05
3.561391294524976492e-01 1.294776001110003705e+01 3.667818710888437927e+05
3.648594034077551340e-01 1.288166410025255360e+01 3.274060113568372908e+05
3.737583905910605853e-01 1.281409242124506420e+01 2.925482548800681252e+05
3.828791852200780221e-01 1.274967146302737930e+01 2.609644562616860494e+05
3.921692289041909252e-01 1.269043268898182752e+01 2.310243636832004122e+05
4.016750618206370582e-01 1.263419012897393223e+01 2.078890246187245939e+05
4.113640908513798156e-01 1.258582092367400662e+01 1.856092831056979194e+05
4.212520232616027149e-01 1.253702952161852302e+01 1.657393547316598706e+05
4.313464058701099169e-01 1.248621429335500999e+01 1.480892245022939460e+05
4.416341319409632371e-01 1.243785477100847103e+01 1.327461805454457353e+05
4.521334968444730151e-01 1.239534795682099677e+01 1.184523174399960117e+05
4.628439355459805782e-01 1.235433939177468332e+01 1.059722998613020900e+05
4.737295245536530808e-01 1.231908723831246100e+01 9.454682070859758824e+04
4.848066063765048561e-01 1.227864072422285169e+01 8.464099623318266822e+04
4.961008124871869596e-01 1.224506006545135683e+01 7.579977018367925484e+04
5.075895860828573136e-01 1.221289940654921402e+01 6.726802247890915896e+04
5.192827894565439362e-01 1.218158036037728920e+01 6.025700243843025964e+04
5.311598479335551959e-01 1.215049665093101083e+01 5.447741409833598300e+04
5.432446360135633201e-01 1.212100932881426907e+01 4.883188291700193804e+04
5.555273400341156353e-01 1.209423155083379164e+01 4.376857084056902386e+04
5.680091700901308549e-01 1.206917107261019595e+01 3.924729819124814094e+04
5.806372266609143296e-01 1.204191691313904755e+01 3.519363738125918462e+04
5.935024946442059024e-01 1.201969866238764340e+01 3.157662546485905841e+04
6.066416399708784990e-01 1.199660168777005254e+01 2.829873232381405251e+04
6.200414082290884865e-01 1.197458527755917501e+01 2.545605501137887768e+04
6.338147760417458532e-01 1.195066688663476207e+01 2.282528579023705970e+04
6.479657866503055752e-01 1.193615135411998374e+01 2.037193304752349286e+04
6.625264464733841008e-01 1.191617660697612102e+01 1.826040634626670726e+04
6.775349618532837681e-01 1.190200004115159516e+01 1.631163914814236523e+04
6.930021964044421612e-01 1.188563249199661698e+01 1.454834529505894534e+04
7.089789173863990657e-01 1.186845142831444910e+01 1.299371231985122540e+04
7.254573188564931163e-01 1.185643468751017160e+01 1.157052647649128448e+04
7.424723340662584548e-01 1.184158517840891989e+01 1.029624353243465339e+04
7.600362771758888414e-01 1.183098210495778524e+01 9.160175292671625357e+03
7.781650343810914139e-01 1.182381525499111419e+01 8.141805874920365568e+03
7.968719479121442184e-01 1.181532930646462454e+01 7.220862884077544550e+03
8.161753492322053605e-01 1.180997998847658970e+01 6.392282652885774951e+03
8.360717865688729322e-01 1.180264511484065615e+01 5.676779867245067180e+03
8.564290210556434468e-01 1.179961101258775358e+01 5.027647207512805835e+03
8.769463256445017008e-01 1.179835448210154958e+01 4.466100260679089843e+03
8.976369039416862705e-01 1.179736281096958450e+01 3.966327592911760348e+03
9.184963826745360382e-01 1.179574184943105486e+01 3.531603564042301059e+03
9.395633931308822184e-01 1.179480980653208810e+01 3.146122687963945737e+03
9.608366074530192424e-01 1.179584283613834828e+01 2.794404309161770925e+03
9.823355460488455426e-01 1.179358088016526551e+01 2.503834888402818706e+03
1.004058639058996949e+00 1.179983996210072306e+01 2.234318552721932519e+03
1.026016346303010085e+00 1.180119598582135687e+01 1.994568390996048720e+03
1.048220736342353243e+00 1.179978103321150940e+01 1.784656157436943886e+03
1.070671232191862332e+00 1.180262295717074039e+01 1.596292139481700815e+03
1.093358483076043886e+00 1.180475966977619962e+01 1.429422501666241715e+03
1.116303896200391277e+00 1.180703436583863741e+01 1.279026653484750341e+03
1.139486095080617822e+00 1.181141388023521266e+01 1.144818876059992817e+03
1.162914040481147548e+00 1.181248084782587249e+01 1.018747873011990464e+03
1.186581789779104446e+00 1.181922661171203615e+01 9.152217183899557540e+02
1.210497488152282974e+00 1.181833566162968197e+01 8.235515796198792486e+02
1.234656255797554669e+00 1.182184622366040472e+01 7.390770246457785788e+02
1.259018727848217889e+00 1.182746822080593674e+01 6.628582244482112174e+02
1.283606703373634028e+00 1.182792834251036140e+01 5.950635690912221207e+02
1.308408455043700069e+00 1.183205298493141733e+01 5.337111389477967123e+02
1.333425850571255511e+00 1.183715883908130628e+01 4.795085184206604936e+02
1.358599556051869550e+00 1.183980140470373321e+01 4.310961712514676947e+02
1.383970222476429868e+00 1.184164370615413198e+01 3.871101202038726115e+02
1.409621232559434834e+00 1.184796054866229298e+01 3.461130013585853362e+02
1.435271965621532919e+00 1.184932095865891988e+01 3.130073180657403213e+02
1.461017732306726158e+00 1.185125931235382879e+01 2.805429114625370630e+02
1.486972500696422284e+00 1.185407716593303462e+01 2.538043149334631892e+02
1.513017952038758773e+00 1.185843599604461929e+01 2.286470626344286927e+02
1.539195553616687029e+00 1.185826524540196303e+01 2.060061803716525333e+02
1.565380227801601576e+00 1.186243210273351245e+01 1.860518452463856534e+02
1.591854376401389715e+00 1.186397105726411283e+01 1.663088873872979434e+02
1.617973197142908548e+00 1.186331887970430543e+01 1.505598945590887183e+02
1.644304077597854130e+00 1.186583310422443915e+01 1.366775908340277965e+02
1.670628463779686879e+00 1.186808298025158237e+01 1.235803928153220568e+02
1.696940184982011379e+00 1.186804170078728049e+01 1.117975141515343012e+02
1.723208678041778352e+00 1.186789455015390971e+01 1.011449043438799009e+02
1.749505814345804433e+00 1.186882431540253968e+01 9.155124196231321321e+01
1.775556567167508648e+00 1.186840693882230013e+01 8.295527426052312592e+01
1.801604195761058236e+00 1.186817627733957359e+01 7.479770653338934494e+01
1.827500653816261034e+00 1.186856981125147215e+01 6.825405971348229173e+01
1.853268226083460313e+00 1.186533428451353345e+01 6.167695594913575263e+01
