2.191799393465098389e-01 1.550982308316407554e+01 3.683535669800713658e+06
2.244132240724557303e-01 1.530482587105224113e+01 3.296755384787330870e+06
2.298007844552380219e-01 1.510928114459831129e+01 2.902217903460296337e+06
2.353127176328191905e-01 1.493100264382829323e+01 2.607697132646756712e+06
2.410067066684885850e-01 1.476412582652872807e+01 2.332870410964280833e+06
2.468209148891910010e-01 1.459600938282926919e+01 2.075301913163674064e+06
2.528010424499671505e-01 1.444294455390639698e+01 1.854513551499261288e+06
2.589400079187270109e-01 1.429896995228037859e+01 1.655733733996352414e+06
2.652382920307930769e-01 1.415658825883128280e+01 1.473354960976878880e+06
2.716995810062376449e-01 1.403009051046543831e+01 1.312962169175676070e+06
2.783251038932447741e-01 1.390493156364813565e+01 1.172088475975687383e+06
2.851194506636093307e-01 1.378032326268113117e+01 1.048108713117829291e+06
2.920860653118250161e-01 1.367437086362206244e+01 9.331494144902734552e+05
2.992200903770573794e-01 1.357206173767421653e+01 8.337415178903421620e+05
3.065078155406146254e-01 1.346902522801517854e+01 7.431804523220520932e+05
3.139926257837558632e-01 1.337122655193646814e+01 6.634095723153321305e+05
3.216420119299237546e-01 1.328545005389128164e+01 5.923662555281497771e+05
3.294790788319162944e-01 1.319949264576479742e+01 5.289031873124268604e+05
3.374906315984917970e-01 1.311486757034412953e+01 4.725206485026465962e+05
3.456877694078573926e-01 1.303757356829613734e+01 4.221238447065617656e+05
3.540752880428248428e-01 1.296645783301005928e+01 3.770837263741513016e+05
3.626438118092925600e-01 1.290209054005729605e+01 3.367043763414056157e+05
3.713938668525544884e-01 1.283060053974686987e+01 3.008594597883136012e+05
3.803390996099044186e-01 1.276648066530055381e+01 2.692024993678057799e+05
3.894764278488980214e-01 1.270698209069784745e+01 2.404862514029015729e+05
3.988019277870973878e-01 1.265260218294975836e+01 2.150251875094355200e+05
4.083275777070120016e-01 1.259963737390546434e+01 1.921655868124358240e+05
4.180342306747836245e-01 1.254959357659047114e+01 1.720027723574890697e+05
4.279458602620354046e-01 1.250071132750308855e+01 1.540903962456333684e+05
4.380412321092014838e-01 1.245566365621731819e+01 1.377919049891089089e+05
4.483560774195932130e-01 1.241238177366444262e+01 1.232405053973494360e+05
4.588591561460417245e-01 1.237128961446151365e+01 1.103952916751054145e+05
4.695353932828103538e-01 1.233205309033938946e+01 9.885159894744805933e+04
4.804034291368174947e-01 1.229551939807566896e+01 8.858161061662252177e+04
4.914893350735567434e-01 1.225892311606371265e+01 7.956035187298586243e+04
5.027504062897472092e-01 1.222425681137805142e+01 7.111984104741537885e+04
5.142137280451789527e-01 1.219287711968852683e+01 6.369885625424781028e+04
5.258729087071003505e-01 1.216252419476470159e+01 5.722311069562172634e+04
5.377252207862740496e-01 1.213540588383134633e+01 5.135382716644142056e+04
5.497698737513843081e-01 1.210645973948017406e+01 4.611197137900381495e+04
5.620095920776286835e-01 1.208039997217809258e+01 4.136994193282852939e+04
5.744067080345207632e-01 1.205621950773922713e+01 3.715275307509619597e+04
5.869987820321297400e-01 1.203103611751799917e+01 3.333051092009488639e+04
5.997829291941063623e-01 1.200870047443367383e+01 3.000535312080821677e+04
6.127952500286510951e-01 1.198561516412451589e+01 2.694971920788492571e+04
6.260937436762941122e-01 1.196665172183950787e+01 2.421123663182600649e+04
6.397208670539752395e-01 1.194562659985327713e+01 2.176195923438258251e+04
6.536756000388335153e-01 1.192758411585976930e+01 1.950431722122939391e+04
6.679874053082464069e-01 1.190813414141693372e+01 1.750495579415866086e+04
6.827393548073191765e-01 1.189185855148424409e+01 1.555041854056113152e+04
6.979406242524711645e-01 1.187592897103638556e+01 1.401753817865392011e+04
7.135854465744574382e-01 1.186134894804650664e+01 1.252871632597029020e+04
7.297185927663607519e-01 1.184921075190933060e+01 1.110815786212891726e+04
7.463265757266583922e-01 1.183474907900679263e+01 9.978795467648054910e+03
7.634450012667134411e-01 1.182388753461082764e+01 8.925533095046470407e+03
7.811017599241656395e-01 1.181621364193726542e+01 7.938271432146369079e+03
7.993113893834595807e-01 1.180566991758855622e+01 7.069830808165242161e+03
8.180549844000151172e-01 1.179884993366133550e+01 6.285615512640000816e+03
8.373551782595661797e-01 1.179255267911739224e+01 5.585524267747437989e+03
8.572331143737651482e-01 1.178723804998103830e+01 4.964711507672041989e+03
8.776680436545055697e-01 1.178351299715678380e+01 4.406383919004171730e+03
8.984061415831499087e-01 1.178075601911119641e+01 3.915489464960810892e+03
9.193534761547209611e-01 1.178261922246250215e+01 3.481575055279460685e+03
9.405003161893584762e-01 1.178109405042543223e+01 3.102976158363917875e+03
9.618771156354580798e-01 1.178195064333594289e+01 2.764412934551729450e+03
9.834742936333461527e-01 1.178349472400614495e+01 2.452549395448449104e+03
1.005315595309751009e+00 1.178372730869103613e+01 2.201850129473000834e+03
1.027401436471638618e+00 1.178543724021521477e+01 1.964161227082220421e+03
1.049743315470539118e+00 1.178790255368043027e+01 1.757002288582552183e+03
1.072319633531530592e+00 1.179148428595190623e+01 1.574347633401443773e+03
1.095160549370772562e+00 1.179682520784959365e+01 1.406176756224261453e+03
1.118258869807764011e+00 1.179637313347966909e+01 1.258699294256548001e+03
1.141643151609297080e+00 1.179991102665202440e+01 1.125699585318679055e+03
1.165212266096032900e+00 1.180342209764106443e+01 1.010412568809475488e+03
1.189056140094528313e+00 1.181104387165601821e+01 9.044384261669553098e+02
1.213146721653918680e+00 1.181151711004887517e+01 8.059312773776711083e+02
1.237465161510180600e+00 1.181549720538732906e+01 7.272430178621582400e+02
1.262039900749485133e+00 1.181958862991110593e+01 6.525201877034435256e+02
1.286811289812244796e+00 1.182421771056432114e+01 5.851603369427804182e+02
1.311792940358494253e+00 1.182797019705036412e+01 5.258813767941076094e+02
1.336981139209012515e+00 1.183236330771486244e+01 4.725085162540975716e+02
1.362377823136799337e+00 1.183819000482438533e+01 4.244558717148557321e+02
1.387922544035635308e+00 1.184501357895678808e+01 3.817350875429785333e+02
1.413655393975585595e+00 1.184625651596229368e+01 3.433451239003224487e+02
1.439555209080514819e+00 1.185293407464955706e+01 3.087908441977158418e+02
1.465580353252462498e+00 1.185562799313484739e+01 2.778684865556055001e+02
1.491718351429778044e+00 1.185991604087946172e+01 2.505313157518342848e+02
1.517973426027803052e+00 1.186491872867346942e+01 2.256816875890852430e+02
1.544325793426942317e+00 1.186607585051597802e+01 2.034615492736011504e+02
1.570865210812987245e+00 1.186955952257010516e+01 1.835867998620631454e+02
1.597239547780922253e+00 1.187177506960488493e+01 1.657099413604819915e+02
1.623858273024820553e+00 1.187531724764168928e+01 1.486554813043805439e+02
1.650318213651398525e+00 1.187868787245980151e+01 1.350615846570176473e+02
1.676855183538995098e+00 1.188152192194039714e+01 1.221801009407016920e+02
1.703466172815295332e+00 1.188302488304353588e+01 1.104942582502834085e+02
1.729876331562501868e+00 1.188456320005702693e+01 1.001153251557054205e+02
1.756320257015285158e+00 1.188797281993910282e+01 9.037957469464487303e+01
1.782673810041103257e+00 1.188765651949724500e+01 8.217223110897036520e+01
1.808937475677807827e+00 1.188795607682551925e+01 7.464754062734566276e+01
1.835158115551420277e+00 1.188860008760231679e+01 6.755923980364958936e+01
