2.191799393465098389e-01 1.550982308316407554e+01 3.683535669800713658e+06
2.253139169630916372e-01 1.527094533731149006e+01 3.230924006104725413e+06
2.316521011672842967e-01 1.511256136522593785e+01 2.885101257200071588e+06
2.381914317306868256e-01 1.484230629641015575e+01 2.461358999328149017e+06
2.449466358645141506e-01 1.464446036581749055e+01 2.152917868946269155e+06
2.519003435546113834e-01 1.447263431552319446e+01 1.887072359822276514e+06
2.590720806467861625e-01 1.429304128279132158e+01 1.646686972919972613e+06
2.664628040969858613e-01 1.416207767874740142e+01 1.440426887582779163e+06
2.740772351580744171e-01 1.398357442292446251e+01 1.261263978330609156e+06
2.819181216213309527e-01 1.384516816297998965e+01 1.102356107187513728e+06
2.899905037322984547e-01 1.370468280485697576e+01 9.654332025121572660e+05
2.982934556281305882e-01 1.358268412232915168e+01 8.457433307553622872e+05
3.068218202236146497e-01 1.346558851984225136e+01 7.398609846279054182e+05
3.156015850584449334e-01 1.335852764760421429e+01 6.479666749394452199e+05
3.246277311775575547e-01 1.324450176908364440e+01 5.682833999506904511e+05
3.338926957830539721e-01 1.315186056203266496e+01 4.976244446449367097e+05
3.434052288042217516e-01 1.306357423215779789e+01 4.351873145214578253e+05
3.531696103259796549e-01 1.297632779836211725e+01 3.821783422946887440e+05
3.632018855789955203e-01 1.289189127318817896e+01 3.349547591546777985e+05
3.734708148808671968e-01 1.281423643700544801e+01 2.929557126450247015e+05
3.840190965827065539e-01 1.274194951384077612e+01 2.571422650392499345e+05
3.948160436190075173e-01 1.267462901780420204e+01 2.256542789965875563e+05
4.058779687279727710e-01 1.261166627133333229e+01 1.978589072806555196e+05
4.172107140409238579e-01 1.255265561973616961e+01 1.737055046082819463e+05
4.287976697597883358e-01 1.249637418086433982e+01 1.526659128213332151e+05
4.406503936889116790e-01 1.244373307496766046e+01 1.337765077659782546e+05
4.527818632135056087e-01 1.239578892896221696e+01 1.176239276760967041e+05
4.651958161847819517e-01 1.234760089190355004e+01 1.032498284362302220e+05
4.778540607741699198e-01 1.230206989573840026e+01 9.092263066617822915e+04
4.907789876871523349e-01 1.226028236817609063e+01 7.984469589807976445e+04
5.039611622067421415e-01 1.222194082362357115e+01 7.017484578432212584e+04
5.174200733777305494e-01 1.218330472548178989e+01 6.200158820438032853e+04
5.311457867863424998e-01 1.214917363562979702e+01 5.449334505385465309e+04
5.451358793947843617e-01 1.211753711455807725e+01 4.810258206610626803e+04
5.593908961379915334e-01 1.208674753636442389e+01 4.230355448717985564e+04
5.738762754484471040e-01 1.205715585539613244e+01 3.725560826334715966e+04
5.885354333012463579e-01 1.202734404435435422e+01 3.296877157829054340e+04
6.029556157315992815e-01 1.200380705455053665e+01 2.917104380695654618e+04
6.171917696887050386e-01 1.197618514924761257e+01 2.570968465107691372e+04
6.313420224729388019e-01 1.195432080632430072e+01 2.312155339022836779e+04
6.455592383199061368e-01 1.192941243914533267e+01 2.043261891554090107e+04
6.598620542067363814e-01 1.190459030681350505e+01 1.841082565929966950e+04
6.743609635398108981e-01 1.188056434646736825e+01 1.643826939654682792e+04
6.890891147482552936e-01 1.185755376181198351e+01 1.453555032944361483e+04
7.041108298766866058e-01 1.183546336112823916e+01 1.308473155997762842e+04
7.193926519317613844e-01 1.181229092264059055e+01 1.167776272783245804e+04
7.350679968760501781e-01 1.178923125809029493e+01 1.039452102448998085e+04
7.511243459578565984e-01 1.176812166484323363e+01 9.245071258652860706e+03
7.675776584812376013e-01 1.174557509721477899e+01 8.229530651088474769e+03
7.844856487948551615e-01 1.172311480276128748e+01 7.312620208029691639e+03
8.018428159171927527e-01 1.170562805448005683e+01 6.486064974192055161e+03
8.196868311588674239e-01 1.168534774467768145e+01 5.757098747268334591e+03
8.380115260432002833e-01 1.166482770452149609e+01 5.100226506312644233e+03
8.568531324441632790e-01 1.164829060322530907e+01 4.510916674163505377e+03
8.762155310269617026e-01 1.163010086555991762e+01 3.988272359589834196e+03
8.961100626747329212e-01 1.161421187696274870e+01 3.524536819206259224e+03
9.165492967404172964e-01 1.159985305420587842e+01 3.112935590252515340e+03
9.375286689476902691e-01 1.158407006503363235e+01 2.746238205859009213e+03
9.589936801731635541e-01 1.156962899761156116e+01 2.423297918247563757e+03
9.806481400325950393e-01 1.155645553044749541e+01 2.140210455542489854e+03
1.002442078315177287e+00 1.154540233979663633e+01 1.892749902617843190e+03
1.024378893888846065e+00 1.153242883895513060e+01 1.674106400100082737e+03
1.046479302300408865e+00 1.152251021403333553e+01 1.483760945523014016e+03
1.068727920703592682e+00 1.150957784259598427e+01 1.316170915617872197e+03
1.091148031640001292e+00 1.149808005036291192e+01 1.167875765255655097e+03
1.113723300142866357e+00 1.148766864043010116e+01 1.036588350648327605e+03
1.136474669307888208e+00 1.147649440291936429e+01 9.214931792873771883e+02
1.159340708802736319e+00 1.146856908560102184e+01 8.188632673096332155e+02
1.182394774824057082e+00 1.145399204971703000e+01 7.282419958555102539e+02
1.205605520463777447e+00 1.144593690343968362e+01 6.481242200967036524e+02
1.228932390344285031e+00 1.143361984384847396e+01 5.773379036855754975e+02
1.252415629244268969e+00 1.141982721181324756e+01 5.144634451803419779e+02
1.276006654260222417e+00 1.140958810126195999e+01 4.583875061195465150e+02
1.299720536538108817e+00 1.139774643609764126e+01 4.061997674159135840e+02
1.323534534341922475e+00 1.138450360809652828e+01 3.644124339196301889e+02
1.347432913729136095e+00 1.137279429821719567e+01 3.256325557199830314e+02
1.371383443156402260e+00 1.136156297424179229e+01 2.908448493248160958e+02
1.395395199968557209e+00 1.134826890775493702e+01 2.598216448940175383e+02
1.419446677570608495e+00 1.133490101359938862e+01 2.323458329878162090e+02
1.443603693608104477e+00 1.132134895139346575e+01 2.067376699907522095e+02
1.467590215211776794e+00 1.130787359605095155e+01 1.862078052916755837e+02
1.491656710365375282e+00 1.129565048111125947e+01 1.668017600361603172e+02
1.515667434121622303e+00 1.128241148411410499e+01 1.494119413925408537e+02
1.539639656636514253e+00 1.126632354996963414e+01 1.334927380109014337e+02
1.563504241677804441e+00 1.125192090237600873e+01 1.196783402028195553e+02
1.587271741870194708e+00 1.123668631940284968e+01 1.081754896230678469e+02
1.610923043148023259e+00 1.122197437642176254e+01 9.716952003354768408e+01
1.634412150976587652e+00 1.120579268602020306e+01 8.737553201582053930e+01
1.657751641853307589e+00 1.118939227175931883e+01 7.853455255309755501e+01
1.680892764774415848e+00 1.117335141203189686e+01 7.090768587789717969e+01
1.703821535289699485e+00 1.115591508351890759e+01 6.392261813858105768e+01
1.726503699136900272e+00 1.113839798259532898e+01 5.771321904045354501e+01
1.748940769155419517e+00 1.111988357703743446e+01 5.211461044130317077e+01
1.771165505768147908e+00 1.110220201507424420e+01 4.709070630805472035e+01
1.793022812752083972e+00 1.108265805377993907e+01 4.261150896581619918e+01
1.814493574849333601e+00 1.106333030024607744e+01 3.861663501111607388e+01
1.835762209093608321e+00 1.104340300479037218e+01 3.498645612378797409e+01
1.856534829390143582e+00 1.102290835236323474e+01 3.177146540242590333e+01
1.876992710986281621e+00 1.100210040564283531e+01 2.874781038516939091e+01
1.897053958425556575e+00 1.098067263840437668e+01 2.615535142561892101e+01
