2.191799393465098389e-01 1.550982308316407554e+01 3.683535669800713658e+06
2.250024728082451186e-01 1.534415873121051987e+01 3.315862386802326888e+06
2.309887643473226559e-01 1.509863869386526503e+01 2.850765800708333496e+06
2.371681779376411947e-01 1.487650584136437359e+01 2.513920550215269905e+06
2.435410656504773674e-01 1.468492865360221167e+01 2.213380642561989836e+06
2.500887497828492290e-01 1.452265455792276683e+01 1.952450844180183718e+06
2.568323116623162927e-01 1.435616507734365221e+01 1.721430747127896175e+06
2.637724867761387371e-01 1.418527901294884863e+01 1.511074434129984351e+06
2.709115982496272945e-01 1.404346102994293410e+01 1.333190090763795190e+06
2.782542871246753702e-01 1.390824273789912091e+01 1.173505863543321379e+06
2.858030865780381569e-01 1.377619953176602863e+01 1.034356300468949950e+06
2.935742224654402932e-01 1.364724541293749738e+01 9.134606231751788873e+05
3.015315882208524090e-01 1.353583381764572025e+01 8.029865851326570846e+05
3.096951596230486103e-01 1.342446951600562066e+01 7.084862813585231779e+05
3.180995794428297385e-01 1.332677651277637487e+01 6.238604325593507383e+05
3.267084972190881231e-01 1.323144946306503122e+01 5.512743426967008272e+05
3.355422335428399627e-01 1.313466092747098557e+01 4.854606119030891568e+05
3.446021430724398593e-01 1.304832384556106994e+01 4.283218060850549373e+05
3.538920880787467804e-01 1.296568269372849791e+01 3.780004289592779824e+05
3.634182293047207857e-01 1.289310178817974162e+01 3.333614554592364584e+05
3.731561614776736091e-01 1.281622509906305751e+01 2.947641016711918637e+05
3.831509817162758180e-01 1.274783804278797383e+01 2.599061762077983876e+05
3.933584021537480102e-01 1.268519501652446557e+01 2.294595518932283157e+05
4.038078913056785679e-01 1.262124645926622080e+01 2.026275794969480485e+05
4.144983377317790207e-01 1.256581096795592956e+01 1.788605183893011999e+05
4.254467853523034027e-01 1.251061353540836052e+01 1.585182273939515871e+05
4.366057209217575896e-01 1.245996925437869862e+01 1.401497984324945719e+05
4.480248618854482112e-01 1.241401409919772370e+01 1.235956859303666715e+05
4.596864664371166365e-01 1.236884846611999933e+01 1.094156283787021384e+05
4.715672964080131480e-01 1.232527168906616311e+01 9.682675139281406882e+04
4.836801424166968233e-01 1.228792045424328094e+01 8.563538414775017009e+04
4.960579590217258361e-01 1.224594343294541332e+01 7.585365488991315942e+04
5.086630409925707585e-01 1.220863381638159595e+01 6.716367922024636937e+04
5.215112923813941537e-01 1.217609150059739065e+01 5.940056489075575519e+04
5.345986189632196961e-01 1.214173144393478232e+01 5.281959305843619222e+04
5.479238701282647117e-01 1.211275398808675163e+01 4.679128995325426513e+04
5.614876356191635942e-01 1.208229634169557265e+01 4.152222515567785740e+04
5.752519123011199387e-01 1.205566673921645382e+01 3.681455501113101491e+04
5.891982125080195143e-01 1.202607497195508657e+01 3.275542861312537934e+04
6.030437729114538348e-01 1.200266537902692932e+01 2.918167821352493047e+04
6.168380665449767486e-01 1.197931505512487504e+01 2.604946956333407070e+04
6.307206986056261844e-01 1.195652554619347363e+01 2.329234356762105745e+04
6.447008944226643168e-01 1.193239406147275616e+01 2.084140666866938045e+04
6.589040674730005653e-01 1.191169932932679743e+01 1.850326383402931606e+04
6.733888635705840287e-01 1.189029218502725627e+01 1.664590362151037334e+04
6.880745384714023194e-01 1.186843472846194203e+01 1.474305374294847752e+04
7.031758126989324786e-01 1.184773576652084159e+01 1.328996444820039687e+04
7.185983547630894197e-01 1.182790806734136346e+01 1.185410056675430678e+04
7.343216779693078067e-01 1.180937163392681022e+01 1.058774790794906403e+04
7.505630200013655440e-01 1.178953828566456252e+01 9.434172578755566065e+03
7.671801022182800356e-01 1.177299220906331811e+01 8.400422749659368492e+03
7.842774188604648700e-01 1.175493930679877330e+01 7.472243164694206826e+03
8.018637466133539116e-01 1.173961650251020039e+01 6.640292311878054534e+03
8.199392797138163047e-01 1.172307711955447296e+01 5.897280330906800373e+03
8.385253395608988081e-01 1.170948707204033568e+01 5.236240203872646816e+03
8.576318845595450879e-01 1.169564561646287970e+01 4.641344006934596109e+03
8.772627336741259940e-01 1.168299787972829762e+01 4.109049907698790776e+03
8.974320200104654033e-01 1.166929941975934781e+01 3.641967163043157598e+03
9.181505804315241992e-01 1.166108870505786399e+01 3.221329240630698223e+03
9.394235633806572450e-01 1.165037062370197418e+01 2.849119654704721597e+03
9.612472845824227008e-01 1.164265408555146841e+01 2.516531890692878278e+03
9.836260317658053198e-01 1.163475216157794456e+01 2.222957922505042916e+03
1.006545136666804341e+00 1.162788063192030030e+01 1.955986518519426454e+03
1.030022871361186088e+00 1.162201053657243577e+01 1.732622624297426910e+03
1.054049026061210315e+00 1.161791383067951422e+01 1.528614769214693297e+03
1.078614759848471438e+00 1.161402252012349123e+01 1.348333777858037820e+03
1.103459916388683792e+00 1.161247817837434226e+01 1.181873854604882808e+03
1.128423614953605547e+00 1.161211023848339607e+01 1.052796421139573340e+03
1.153502991711408354e+00 1.161059356048170166e+01 9.324661863565743261e+02
1.178666409321210917e+00 1.160632548238236517e+01 8.214065346298864370e+02
1.203963719947972466e+00 1.160371988146755662e+01 7.338172685778450841e+02
1.229363604760461692e+00 1.160350888546122938e+01 6.519655986236851959e+02
1.254847915589543117e+00 1.160097903367937811e+01 5.801421798657373756e+02
1.280440304624983039e+00 1.160000208805704602e+01 5.163794207272646872e+02
1.306090755487983257e+00 1.160124182469446907e+01 4.603145468747743507e+02
1.331864447998179157e+00 1.159762887907257323e+01 4.103449037695650077e+02
1.357639876956167280e+00 1.159416943523149612e+01 3.664677738788380452e+02
1.383514624318007202e+00 1.159240799033401714e+01 3.271892698774174733e+02
1.409414794397537252e+00 1.158803063408987200e+01 2.910790348382910224e+02
1.435338101472649619e+00 1.158935861361271691e+01 2.618745677318464686e+02
1.461305021346792854e+00 1.158364094488176299e+01 2.342498331660074484e+02
1.487232668916909084e+00 1.158014666649071955e+01 2.101724189277454968e+02
1.513150056983933123e+00 1.157552633446380241e+01 1.883916432724992376e+02
1.539045759976370498e+00 1.157093998700766591e+01 1.688164840853442286e+02
1.564872899871878387e+00 1.156590714663703601e+01 1.517895128292248614e+02
1.590636642280714330e+00 1.156288844298286733e+01 1.363466074763798304e+02
1.616450829681677082e+00 1.155580118901824349e+01 1.225377477807533779e+02
1.642016676728888180e+00 1.155197830541573190e+01 1.097002163244253836e+02
1.667311729939470633e+00 1.154356110736133978e+01 9.936878559672322808e+01
1.692611200015004425e+00 1.153563560507315700e+01 8.964315231152146168e+01
1.717720864037551642e+00 1.152786747840393566e+01 8.047550451260069337e+01
1.742653299418399193e+00 1.152008614639877493e+01 7.270060353507037121e+01
1.767374091907291556e+00 1.151096959075959170e+01 6.600087391710323459e+01
1.791993861281210965e+00 1.150196272461939273e+01 5.960175018901707489e+01
1.816129472851579996e+00 1.149226123988728610e+01 5.400540415724130838e+01
1.840103891788287704e+00 1.148110344995938092e+01 4.894624706524802349e+01
1.863789452003558722e+00 1.147042558125796852e+01 4.437407871318345087e+01
1.887274183351576928e+00 1.145864151100239070e+01 4.028926858687476198e+01
1.910347909487468909e+00 1.144678657353878037e+01 3.656219533905345287e+01
1.932954858922466324e+00 1.143334737542184065e+01 3.328308500203276310e+01
