2.191799393465098389e-01 1.550982308316407554e+01 3.683535669800713658e+06
2.251427610306303284e-01 1.528603478842167718e+01 3.246160715951157268e+06
2.312822321190830532e-01 1.509666366090278977e+01 2.869354966541664675e+06
2.376228894876113718e-01 1.486129137134563294e+01 2.495050703908618074e+06
2.441626693999199016e-01 1.466893390330490732e+01 2.188730572062620893e+06
2.508902793153712785e-01 1.449329380216723173e+01 1.925378346224529203e+06
2.578226785179099090e-01 1.432467300024816481e+01 1.684578001509267837e+06
2.649617967414635844e-01 1.416697991085615627e+01 1.479928783871617634e+06
2.723107083790698990e-01 1.401955484720885536e+01 1.300158814256701386e+06
2.798718471319609491e-01 1.387702132722940718e+01 1.143720333553974982e+06
2.876518556528840920e-01 1.374182676973792816e+01 1.002946075122500188e+06
2.956449766574743010e-01 1.361882119120300416e+01 8.817376410644287243e+05
3.038568392239372473e-01 1.350277422628873047e+01 7.753539182270768797e+05
3.122986629652862445e-01 1.339791953886694387e+01 6.800695191591333132e+05
3.209959581972429699e-01 1.328892169096863896e+01 5.984434537144844653e+05
3.298756138691465445e-01 1.319440814928173111e+01 5.269723010665567126e+05
3.390055434819176927e-01 1.310384350168786405e+01 4.625637934867411386e+05
3.483770043476003275e-01 1.301475217109241811e+01 4.073471762706490117e+05
3.579889127148236372e-01 1.293421656435411826e+01 3.584433159470826504e+05
3.678396221485902839e-01 1.286410530649670214e+01 3.152063504616891732e+05
3.779607635611290095e-01 1.278259511952953353e+01 2.766602307250806480e+05
3.882775872580627730e-01 1.271907770494456358e+01 2.437338755070507177e+05
3.988678224290099217e-01 1.265202284812206557e+01 2.148146173749896407e+05
4.097136384036862422e-01 1.259125167240046217e+01 1.893673386379035364e+05
4.207859914737967499e-01 1.253365990910871375e+01 1.667614202931598120e+05
4.321275686797732551e-01 1.248160478382737715e+01 1.468480826374445169e+05
4.437261887357364376e-01 1.243048458657658628e+01 1.294280017425370315e+05
4.555643943780266492e-01 1.238353506638346069e+01 1.129434468759674928e+05
4.676705604697887764e-01 1.233628660503662466e+01 1.008575649270106660e+05
4.800038575456777035e-01 1.229514500916055830e+01 8.892908859090117039e+04
4.926046143751504625e-01 1.225582494768998920e+01 7.851786296596741886e+04
5.054451781783954045e-01 1.221867371964494886e+01 6.930824124556420429e+04
5.185527120339517015e-01 1.218628075899368568e+01 6.056272399197741470e+04
5.318924913403686450e-01 1.214731601935070593e+01 5.411486380371804262e+04
5.454916416591818473e-01 1.211571624462408714e+01 4.786634626094614941e+04
5.593409735609328193e-01 1.208660191079537150e+01 4.232626141655786341e+04
5.734063539049530922e-01 1.205846322125502468e+01 3.745061385307295131e+04
5.877308252972106573e-01 1.203014768438555038e+01 3.316278375097623939e+04
6.021473226040702231e-01 1.200556329024567503e+01 2.938588609206466208e+04
6.167234802401835303e-01 1.198111748641024832e+01 2.593322692631399696e+04
6.315965305807313968e-01 1.195552118361267624e+01 2.316954256311793142e+04
6.467700664640954056e-01 1.193496042436060556e+01 2.055593738748066244e+04
6.623192722353966611e-01 1.191283944862294142e+01 1.819337672833762554e+04
6.782795610759995153e-01 1.189125396012939717e+01 1.613424673012637322e+04
6.942278799525147814e-01 1.187342086226735738e+01 1.433135164668518883e+04
7.100381186321254035e-01 1.185395939183096026e+01 1.275094667398455931e+04
7.257666269877607323e-01 1.183435910024892479e+01 1.139717878616272719e+04
7.414773249946468026e-01 1.181611030132079065e+01 1.018103176143809105e+04
7.571980113901237708e-01 1.180144055554292493e+01 9.102167659745708079e+03
7.730556225645206503e-01 1.178239986992513444e+01 8.160483646211088853e+03
7.888856361397974526e-01 1.176514170880597021e+01 7.311072650691254239e+03
8.049092931710415399e-01 1.174686687603666613e+01 6.552097612630228468e+03
8.210984700492258703e-01 1.172705150839397881e+01 5.876441336610651888e+03
8.374718189002289259e-01 1.171009744848732659e+01 5.269526090066729921e+03
8.540596930339197090e-01 1.168960717354490519e+01 4.723009569586356520e+03
8.708697777351158686e-01 1.167502713373436052e+01 4.229730844688263460e+03
8.879306670879965058e-01 1.165568586360057246e+01 3.796461105736204445e+03
9.052483995643629822e-01 1.163952363314401772e+01 3.395170405655770082e+03
9.228532807923988113e-01 1.161959425156610770e+01 3.039082998984288224e+03
9.407274401565872690e-01 1.160304155776255008e+01 2.710952956099878975e+03
9.589007146965310424e-01 1.158458023559542127e+01 2.441761577847375520e+03
9.773978691972866617e-01 1.156700533701452649e+01 2.182026415565492698e+03
9.961460408230312646e-01 1.154911842214973916e+01 1.953290445921628361e+03
1.015225941247998698e+00 1.153269226079650878e+01 1.748826211145049456e+03
1.034700150100184457e+00 1.151659985768924876e+01 1.561669543633945750e+03
1.054322838618693581e+00 1.150220757883682410e+01 1.396253578645364769e+03
1.074401417035527606e+00 1.148308591113275057e+01 1.246055120285696603e+03
1.094703624202945758e+00 1.146642875498366010e+01 1.114679855025882034e+03
1.115248773797405057e+00 1.145063248585460869e+01 9.958638659704165548e+02
1.136150074138581934e+00 1.143510354966300469e+01 8.903137540265452117e+02
1.157345763755412316e+00 1.141806567501848590e+01 7.945504355917430530e+02
1.178805757149172795e+00 1.140741605917730084e+01 7.107168467766381355e+02
1.200534430439057720e+00 1.139037250699043469e+01 6.343489911533091572e+02
1.222510821145539772e+00 1.137258038743129873e+01 5.670598471886988818e+02
1.244816364289193844e+00 1.135757919744104250e+01 5.049339749379811906e+02
1.267189202230291967e+00 1.134310978836703931e+01 4.522591650319515679e+02
1.289849239819822690e+00 1.132911470859306924e+01 4.019119016592875937e+02
1.312700820998660589e+00 1.131415482679810047e+01 3.610148787125255581e+02
1.335739299611413022e+00 1.130016216487686798e+01 3.227308099029740447e+02
1.358924626348609221e+00 1.128702261787818983e+01 2.888731483945191485e+02
1.382256122902292494e+00 1.127260133211792059e+01 2.585846573076315167e+02
1.405708406443993530e+00 1.125676844805872001e+01 2.311935953984736898e+02
1.429253249158893846e+00 1.124261580751506706e+01 2.069550733290056144e+02
1.452875983442362795e+00 1.122841503566802324e+01 1.855299788124967506e+02
1.476561229654805851e+00 1.121268163405055773e+01 1.662208866425480380e+02
1.500277248057055424e+00 1.119884949477945213e+01 1.489395763901815712e+02
1.523994620318716686e+00 1.118423426093791484e+01 1.336457213273275215e+02
1.547693242459644125e+00 1.116992591622727460e+01 1.201377852247790372e+02
1.571359537021149722e+00 1.115419350781542640e+01 1.079839924439216361e+02
1.594959616509330491e+00 1.113956409714418960e+01 9.705354780103162682e+01
1.618478220985634985e+00 1.112448374398774220e+01 8.732887672927286360e+01
1.641878029628307756e+00 1.110877170608260123e+01 7.861258961322137395e+01
1.665150463943306791e+00 1.109245307694866156e+01 7.082172853809306901e+01
1.688253660740344220e+00 1.107705952079317591e+01 6.361084028400649260e+01
1.711182529939929475e+00 1.106065381862208596e+01 5.769918213325830436e+01
1.733904389359719911e+00 1.104405180577303547e+01 5.205982609990869747e+01
1.756393961773333068e+00 1.102724383698451405e+01 4.711479665499123115e+01
1.778634367121699089e+00 1.101006269409077554e+01 4.258845344113115061e+01
1.800595676991512351e+00 1.099266296462592685e+01 3.856812104599813296e+01
1.822265146749761922e+00 1.097487920408145001e+01 3.497582120441988707e+01
