2.191799393465098389e-01 1.550982308316407554e+01 3.683535669800713658e+06
2.255803420935908188e-01 1.526254402333499804e+01 3.209553365665864665e+06
2.321952758452382748e-01 1.503014510478419830e+01 2.784111093045866117e+06
2.390322197131818649e-01 1.481155143342114400e+01 2.418279777065893635e+06
2.460974704909567323e-01 1.461429705909445076e+01 2.107040883208284620e+06
2.533858590875625594e-01 1.442214930614981760e+01 1.833186213023931487e+06
2.609105967167707485e-01 1.425079399505405675e+01 1.592445399131389102e+06
2.686746006448556545e-01 1.409308658048685281e+01 1.390437916782216867e+06
2.766810654256422475e-01 1.393501559803767620e+01 1.207722002597568091e+06
2.849374579140399044e-01 1.378946099886309895e+01 1.048688953722082544e+06
2.934563617452807804e-01 1.364923957070453753e+01 9.139742139996833866e+05
3.021931312432701300e-01 1.352333482228622685e+01 7.965814572894007433e+05
3.112141681298201679e-01 1.340845925007631756e+01 6.916989502701003803e+05
3.205094927565776408e-01 1.330063316151325914e+01 6.020096143926131772e+05
3.300346271793975772e-01 1.319035522728086818e+01 5.241627916290260036e+05
3.398419657441628106e-01 1.309294245676669277e+01 4.574773664355441579e+05
3.499338056394124541e-01 1.300518594423334662e+01 3.950451091245160205e+05
3.602977734736548254e-01 1.291527293714985269e+01 3.471928743300441420e+05
3.709255272118406332e-01 1.283417404173549237e+01 3.030587483451102162e+05
3.818631107128956370e-01 1.275625489139631163e+01 2.640936397378470865e+05
3.930513425938440553e-01 1.268755460579456162e+01 2.304949994797025574e+05
4.045415401521286203e-01 1.262249098219657206e+01 1.986731355208812456e+05
4.163100334899906274e-01 1.255832206030520659e+01 1.753355517313136079e+05
4.283806187137279009e-01 1.249939495494262154e+01 1.530538550200950122e+05
4.407258884885535410e-01 1.244280693260230564e+01 1.336913033446570917e+05
4.533739618040188435e-01 1.239235404631756232e+01 1.168609765056425094e+05
4.663260264258183851e-01 1.234387357857886336e+01 1.021399055605440808e+05
4.795468643704407508e-01 1.229588791481251953e+01 8.947072257454527426e+04
4.930513632080407715e-01 1.225428108945279426e+01 7.811823266651782615e+04
5.068451130421114392e-01 1.221344909696163761e+01 6.835937226594021195e+04
5.209341301098676658e-01 1.217652580069540669e+01 5.986035314714930428e+04
5.353122967552307321e-01 1.214043678782595315e+01 5.256783422689069994e+04
5.499765267657207302e-01 1.210583712431459169e+01 4.602367437254111428e+04
5.649307108808493405e-01 1.207330439287740731e+01 4.022386758418610407e+04
5.801212948139737868e-01 1.204468833160244756e+01 3.535384161516839231e+04
5.951031469547977126e-01 1.201576755646723527e+01 3.118579731508095210e+04
6.094862223265584689e-01 1.199014768236717643e+01 2.761689841681822509e+04
6.233454374531542941e-01 1.196414669048668600e+01 2.463475926557443017e+04
6.369660266127551429e-01 1.193832857146623461e+01 2.202060917220822375e+04
6.504321668687014224e-01 1.191210882951372341e+01 1.972380048427993097e+04
6.638390856201045187e-01 1.188537047758875964e+01 1.770199605614306347e+04
6.772621720446199145e-01 1.185639978746112178e+01 1.589459098890020141e+04
6.908316593340902978e-01 1.183138085270634221e+01 1.410268024932055050e+04
7.044055457440505652e-01 1.180292339359281328e+01 1.278027484540941441e+04
7.182453319566961536e-01 1.177498135352671937e+01 1.146924145993588718e+04
7.323037746842155915e-01 1.174481935739600580e+01 1.026958452771239899e+04
7.466254902460823795e-01 1.171881723008317877e+01 9.205084582894223786e+03
7.612514148599526242e-01 1.169093901923207746e+01 8.229394905309622118e+03
7.762170825101440963e-01 1.166197391954567308e+01 7.357610193009844807e+03
7.915257478207176067e-01 1.163413951365303056e+01 6.573809369945275648e+03
8.072169429409368213e-01 1.160446692459450269e+01 5.860117802754651166e+03
8.233019042805553855e-01 1.157757950309672701e+01 5.224500135361648972e+03
8.398072146112689484e-01 1.155132561678987813e+01 4.652585737289657118e+03
8.567349183495199805e-01 1.152252528067387516e+01 4.117850568373823080e+03
8.741143446928787419e-01 1.149894942835409140e+01 3.673078320849323063e+03
8.919424488999150302e-01 1.146849051612370474e+01 3.260976909006466485e+03
9.102280523688368596e-01 1.144365954031118449e+01 2.893958768311572385e+03
9.289806167745277010e-01 1.141780999475566816e+01 2.543954186851088252e+03
9.481979725568239203e-01 1.139480823884324856e+01 2.268374847538261747e+03
9.678821243578115130e-01 1.136932326748006439e+01 2.006242639747204976e+03
9.880428933700651228e-01 1.134576634610390222e+01 1.774891368187255694e+03
1.008664830919116628e+00 1.132329184342401973e+01 1.567824435101268591e+03
1.029747278286292422e+00 1.130154805342255386e+01 1.384166874645584130e+03
1.051275016609528379e+00 1.128316869301964864e+01 1.221452180783993754e+03
1.073062998379979760e+00 1.125944962493891843e+01 1.079428178799343868e+03
1.095048197921471456e+00 1.123930177757498150e+01 9.558155111927223970e+02
1.117202957881569203e+00 1.122363553157937055e+01 8.439496567154295690e+02
1.139514695963664392e+00 1.120093039264418167e+01 7.468394873234287843e+02
1.161983202524367931e+00 1.118161742840209705e+01 6.622180383873262599e+02
1.184605740820951381e+00 1.116255273929168190e+01 5.874044948683424536e+02
1.207353760623967709e+00 1.114512062386975444e+01 5.207558042631404760e+02
1.230239922036999056e+00 1.112543862980517417e+01 4.619855942038708463e+02
1.253232408272550336e+00 1.110646409309965321e+01 4.091076329920985017e+02
1.276301963296312847e+00 1.108678748362201993e+01 3.649474813346243991e+02
1.299474248670056120e+00 1.107213692940764105e+01 3.244475330329398730e+02
1.322689828090523934e+00 1.105267435889162719e+01 2.887684833088783307e+02
1.345965035475505500e+00 1.103282230713765877e+01 2.568118318325659288e+02
1.369262895967958027e+00 1.101208097065532598e+01 2.285971476281664536e+02
1.392556653504608777e+00 1.099310761295992300e+01 2.041000303899052710e+02
1.415834354088154168e+00 1.097528990004177807e+01 1.820166272829065122e+02
1.439073261030363371e+00 1.095491652159778972e+01 1.626280415130573545e+02
1.462264326509560064e+00 1.093572201417693535e+01 1.445704411181208684e+02
1.485426950789674017e+00 1.091556641904881708e+01 1.297942024158339791e+02
1.508366383244845510e+00 1.089510599125475032e+01 1.162129446370382055e+02
1.531239300328006259e+00 1.087558336092492084e+01 1.041016085036974630e+02
1.553970761884259755e+00 1.085448155136212733e+01 9.323522544505415510e+01
1.576528956805408166e+00 1.083354002813116423e+01 8.364062252937215192e+01
1.598922326200048483e+00 1.081201508974540282e+01 7.475146142688461737e+01
1.621012678970119802e+00 1.079059674677231939e+01 6.739604239194768809e+01
1.642909549849982165e+00 1.076795188928103997e+01 6.070617134507850210e+01
1.664535765149156576e+00 1.074571337702215779e+01 5.465934538981728963e+01
1.685884230066696077e+00 1.072301446072061637e+01 4.927765085577472348e+01
1.706971946383980310e+00 1.070025119149797632e+01 4.443429730148749712e+01
1.727620273987632737e+00 1.067650094519783543e+01 4.008111665045203154e+01
1.747975432941133223e+00 1.065189052654962509e+01 3.624701341297315338e+01
1.767967245515870589e+00 1.062763326184843926e+01 3.277180525167643310e+01
1.787546002496712694e+00 1.060278080881441909e+01 2.973502552107473207e+01
1.806728430422122944e+00 1.057791623778375190e+01 2.695933215894945789e+01
1.825537220523219428e+00 1.055145801737781142e+01 2.448941892256841868e+01
1.843845959177667915e+00 1.052555933912582198e+01 2.225257349297393361e+01
