2.191799393465098389e-01 1.550982308316407554e+01 3.683535669800713658e+06
2.248077962594161316e-01 1.532437097743736487e+01 3.287589402991851326e+06
2.305776118565790178e-01 1.509286338776181680e+01 2.887417989567439072e+06
2.365372912801642080e-01 1.489346687797606705e+01 2.550592608217896894e+06
2.426707976928824950e-01 1.471283973785161692e+01 2.248717168879124336e+06
2.489678094014218801e-01 1.457894929488858082e+01 2.018967234366123332e+06
2.554485941138021632e-01 1.437725917678066700e+01 1.759501246455600951e+06
2.621114534109190153e-01 1.422445818817358720e+01 1.561683168469119584e+06
2.689605297188616406e-01 1.408512450721499754e+01 1.380175985563383671e+06
2.759974972003679805e-01 1.397299862299228934e+01 1.219804450949959690e+06
2.832266971872168249e-01 1.381764360600438479e+01 1.079303725948021980e+06
2.906512810377061551e-01 1.369892637587302886e+01 9.540102584320700262e+05
2.982672913535112103e-01 1.358407731705572452e+01 8.459941638337100158e+05
3.060747606386901576e-01 1.347926801162805432e+01 7.481072930401189951e+05
3.140942934846840395e-01 1.340904734246205088e+01 6.619619480379257584e+05
3.223071364442969822e-01 1.327454014473108046e+01 5.870587497223340906e+05
3.307342986393858597e-01 1.319029086730233047e+01 5.194190850032144808e+05
3.393648918853457985e-01 1.309753540091309354e+01 4.599927875668660272e+05
3.482089046740494132e-01 1.301576166624600717e+01 4.082148146057120757e+05
3.572755816659356487e-01 1.293924686450253780e+01 3.615917744561495492e+05
3.665375773978782892e-01 1.286784358695643427e+01 3.204967801572242170e+05
3.760247627626093769e-01 1.279681020245821088e+01 2.835469227140512667e+05
3.857362550068332285e-01 1.273079511841013201e+01 2.517440079975969566e+05
3.956657437027738533e-01 1.267002555894158355e+01 2.235299351125427929e+05
4.058099307099017894e-01 1.261241107396853955e+01 1.981549485821253620e+05
4.161753540196199141e-01 1.255836174661218685e+01 1.753236545257170801e+05
4.267747139561538505e-01 1.250578522936480930e+01 1.560674780681316333e+05
4.375817346362221305e-01 1.245701897697156646e+01 1.367748862353793229e+05
4.486394462810967543e-01 1.241141431374082593e+01 1.228599467633688910e+05
4.599132662122685788e-01 1.236570001332271751e+01 1.091968355644848343e+05
4.713929100113838366e-01 1.232737120653913898e+01 9.680231713872418914e+04
4.830859587212142370e-01 1.228676224655367122e+01 8.615584116342158813e+04
4.950332837867014169e-01 1.224911199503670467e+01 7.653133730620125425e+04
5.071878129189202333e-01 1.221076866643921122e+01 6.829136136764087132e+04
5.195709006602128310e-01 1.217920421123731423e+01 6.072671835661177465e+04
5.321770848984044289e-01 1.214661978041046098e+01 5.397684016692988371e+04
5.450058342460393224e-01 1.212002513762471700e+01 4.802307855527848005e+04
5.580566353618577891e-01 1.209013297489184957e+01 4.280345777100556734e+04
5.713012621373317890e-01 1.206068966556935607e+01 3.813021828685123182e+04
5.847350553182139032e-01 1.203634967934551980e+01 3.406787037100418092e+04
5.979484130934989983e-01 1.201330939101977080e+01 3.023979448874989976e+04
6.109061411578501355e-01 1.198916619891006086e+01 2.730658893547408297e+04
6.237264949138489056e-01 1.196584089095521897e+01 2.461513004384069791e+04
6.364351422307448214e-01 1.194350020473685348e+01 2.201331415505295809e+04
6.491558151300087509e-01 1.192107266890735850e+01 2.002738512395072030e+04
6.619537601278207006e-01 1.189840495255404562e+01 1.807833481882994238e+04
6.748624318254384802e-01 1.187558700441926796e+01 1.632057264417939405e+04
6.879355514834344376e-01 1.185373993985030694e+01 1.474430882827191090e+04
7.011746356014942894e-01 1.183226444775758956e+01 1.331317646911046722e+04
7.146601249017169311e-01 1.180885282022676108e+01 1.191637492947471583e+04
7.284387139092858288e-01 1.178948596553109773e+01 1.084551730861878605e+04
7.424744289269861186e-01 1.176773733377021891e+01 9.703388433575615636e+03
7.567173317702625690e-01 1.174457467547616396e+01 8.795220860333656674e+03
7.713416093178914190e-01 1.172623683920009618e+01 7.919335155842881250e+03
7.863162765178479674e-01 1.170388576094873301e+01 7.124235632405808246e+03
8.016496101526146001e-01 1.168390064142632667e+01 6.405331969556532385e+03
8.173604924118769155e-01 1.166562783132473768e+01 5.752428524400484093e+03
8.334473862442252079e-01 1.164446359063559555e+01 5.158964460966623847e+03
8.499382893154285856e-01 1.162640886078081692e+01 4.622253075659252318e+03
8.668247034133715889e-01 1.160657350388258990e+01 4.110269145685006151e+03
8.841325859944545451e-01 1.159233653922294849e+01 3.707428243255234065e+03
9.018610701789192552e-01 1.157298738444240094e+01 3.317509081078168492e+03
9.200166432004618366e-01 1.155693838781419913e+01 2.966888682754625734e+03
9.386034586678650982e-01 1.154210969513856355e+01 2.650083365238521310e+03
9.576171867913471081e-01 1.152690316593511177e+01 2.367341394330091134e+03
9.770664161859260455e-01 1.151155401530721178e+01 2.113374964758735132e+03
9.969519749049826629e-01 1.150028254739576994e+01 1.884051364147616823e+03
1.017268015526745506e+00 1.148602143774657591e+01 1.681676107913623582e+03
1.038000614839811320e+00 1.147386410559128755e+01 1.496938267037196056e+03
1.059159867702057056e+00 1.146303415247431801e+01 1.335627718935474149e+03
1.080735461461111546e+00 1.145052945546847312e+01 1.190178530622711150e+03
1.102718429521058585e+00 1.144200302433480410e+01 1.059567239410421507e+03
1.125095112081525572e+00 1.143328847881265453e+01 9.441830965039044941e+02
1.147872684969425849e+00 1.142178542279845743e+01 8.422591330178734097e+02
1.171021954945482779e+00 1.141484803964342376e+01 7.488123589088667131e+02
1.194538761056066489e+00 1.140613423242516333e+01 6.673937820951742879e+02
1.218403342461320982e+00 1.140306183368989679e+01 5.945139311875387875e+02
1.242609636193065636e+00 1.139267876892276021e+01 5.295055027340536071e+02
1.267129351686810956e+00 1.138902134679881684e+01 4.719373584696476769e+02
1.291957433736465877e+00 1.138158258230434150e+01 4.206986065378432045e+02
1.317066045751642323e+00 1.137761449110720413e+01 3.752597061673770327e+02
1.342445541146898069e+00 1.137065438390617800e+01 3.345510586540148097e+02
1.368070641942480403e+00 1.136588901751023073e+01 2.985365473561807335e+02
1.393915610390175086e+00 1.136143149575936206e+01 2.664303853783942486e+02
1.419964564830807907e+00 1.135725910488734236e+01 2.380255932854301761e+02
1.446195489824702474e+00 1.135345229601687578e+01 2.127400545638110998e+02
1.472579281962204334e+00 1.134905254086109849e+01 1.898997712940588087e+02
1.499097333807549282e+00 1.134788010614637521e+01 1.699562381371651725e+02
1.525721689016389382e+00 1.134244878163446835e+01 1.520326026270521709e+02
1.552429840009110995e+00 1.133817465205163266e+01 1.358803461004239068e+02
1.579194837392817963e+00 1.133588561380642190e+01 1.220111676640447484e+02
1.605993007592099620e+00 1.133156815828433395e+01 1.094313114307328902e+02
1.632793767842327215e+00 1.132843414158983109e+01 9.820165355625364612e+01
1.659557565208086949e+00 1.132405124577086752e+01 8.830749337109497787e+01
1.686181499367649606e+00 1.132030517524582081e+01 7.933067987212801597e+01
1.712616950083423184e+00 1.131674569462128233e+01 7.108048685945372824e+01
1.738832435439752189e+00 1.131193389030221041e+01 6.430833284823141582e+01
1.764802615501041450e+00 1.130751382220248935e+01 5.782636057435809818e+01
1.790516387555511901e+00 1.130238029606784345e+01 5.239929590700691620e+01
1.815931895398384066e+00 1.129640484721241123e+01 4.740879574072622660e+01
