2.191799393465098389e-01 1.550982308316407554e+01 3.683535669800713658e+06
2.275373714815177861e-01 1.520775653609955924e+01 3.088090765195945743e+06
2.362678351426515388e-01 1.489479750961844218e+01 2.562791028890331741e+06
2.453711052522695446e-01 1.463432042120514787e+01 2.137951406340188812e+06
2.548661336356566887e-01 1.438892788903891073e+01 1.764839181480449159e+06
2.647442845177058746e-01 1.417039576677006529e+01 1.489268946022530552e+06
2.750375833019033656e-01 1.396100155791364372e+01 1.239638158804775681e+06
2.857494895700816162e-01 1.377800123009838451e+01 1.034433006494781235e+06
2.968750660582086809e-01 1.362962418577633805e+01 8.637510396584073314e+05
3.084451749587349689e-01 1.344007629590170438e+01 7.213923332599470159e+05
3.204660983017581510e-01 1.330196613879592960e+01 6.029018255667814519e+05
3.328983659874501511e-01 1.316074475132823451e+01 5.034687950048719067e+05
3.458023190085790510e-01 1.303617303904058033e+01 4.219403235174009460e+05
3.591769609736789604e-01 1.292617681348477454e+01 3.524629795517637976e+05
3.730155966703720960e-01 1.281734290131612042e+01 2.950046741796159185e+05
3.873354616990921095e-01 1.272071489981687442e+01 2.469374926768792211e+05
4.021417074693795501e-01 1.263364012554972859e+01 2.067350952216977603e+05
4.174166632558128365e-01 1.255172345248362831e+01 1.736305053467084654e+05
4.331815568705668640e-01 1.247546656502289508e+01 1.456452996721020318e+05
4.494544298211796129e-01 1.240874564160072069e+01 1.217986850388382009e+05
4.662026875304443596e-01 1.234285502757282416e+01 1.021387389483538864e+05
4.834175180838463648e-01 1.228573439145930202e+01 8.587451879840857873e+04
5.011477152976296923e-01 1.223042407267753973e+01 7.231691482075997919e+04
5.193683184487164484e-01 1.218080486062829415e+01 6.019726651580035832e+04
5.380576813661904767e-01 1.213287448460955886e+01 5.110301182838645764e+04
5.572419477143362165e-01 1.209078962211073005e+01 4.310302041032000125e+04
5.768702801382045164e-01 1.204999373713499544e+01 3.638960734895531641e+04
5.965551703097848879e-01 1.201164966073512197e+01 3.081258509027892433e+04
6.155663198549096160e-01 1.198068231118138627e+01 2.628886027857843510e+04
6.342977090084556124e-01 1.194740906996230834e+01 2.254782109985990974e+04
6.529474205501759609e-01 1.191369863319859945e+01 1.940188534750331746e+04
6.717614845639844345e-01 1.188075388943955879e+01 1.672290404549610685e+04
6.908551118910477573e-01 1.184558145457656231e+01 1.439498862751620982e+04
7.103570475394853645e-01 1.181396720960807478e+01 1.239919751314239147e+04
7.304095991857605386e-01 1.178036708436683710e+01 1.065757487491180109e+04
7.509654211820145919e-01 1.174807752719605602e+01 9.139826632500618871e+03
7.722310736367515860e-01 1.171716692733279075e+01 7.841720849010514939e+03
7.942218307948682998e-01 1.168591030840855360e+01 6.726575907582599939e+03
8.169938333728717916e-01 1.165734045858303602e+01 5.735505819214581607e+03
8.405819495596846824e-01 1.162590008193009972e+01 4.888951991872982944e+03
8.650281496293252825e-01 1.159912009227530127e+01 4.162232522018272903e+03
8.903554828830904100e-01 1.157202879790362537e+01 3.537388133704305346e+03
9.165908913958386028e-01 1.154422389495620571e+01 3.001870457453112977e+03
9.437423853958312181e-01 1.152284117012253795e+01 2.528884175426814181e+03
9.718110725318616083e-01 1.150236795746890550e+01 2.153653570828766078e+03
1.000810002097041185e+00 1.147831528812868207e+01 1.821537798357689780e+03
1.030725173852782284e+00 1.146003504657848637e+01 1.539105303452097132e+03
1.061551618366385785e+00 1.144083360894474310e+01 1.298974036816125590e+03
1.093246610333997948e+00 1.142329064657711513e+01 1.097534812968999404e+03
1.125815375760451431e+00 1.140789977704780966e+01 9.258926727438729358e+02
1.159208612894990775e+00 1.139325892001249052e+01 7.809714349063865484e+02
1.193391736249901580e+00 1.138379053486047887e+01 6.586509530654554965e+02
1.228321301867985271e+00 1.136896720972319663e+01 5.551050023483868472e+02
1.263947031061192883e+00 1.135853511196654431e+01 4.691999667641666747e+02
1.300219085321306256e+00 1.134811831558486261e+01 3.964949631356419673e+02
1.337072120207658976e+00 1.133879197864675525e+01 3.348532517750978172e+02
1.374445856239044472e+00 1.133025026670713586e+01 2.834237922230809090e+02
1.412275579198656539e+00 1.132278088526378212e+01 2.397867737903998773e+02
1.450485860347052736e+00 1.131529269502854085e+01 2.032165843965526619e+02
1.489005146975905358e+00 1.130824180891572084e+01 1.723601499755398265e+02
1.527720509656453229e+00 1.130265545150821893e+01 1.457383610828798339e+02
1.564996229869227928e+00 1.129430999231343158e+01 1.253333539471271365e+02
1.600028008426653603e+00 1.128421577348583860e+01 1.082243366897294834e+02
1.632899944830625838e+00 1.127255840736327208e+01 9.410541411246289556e+01
1.663766849876102460e+00 1.125729755852159997e+01 8.231348640484773682e+01
1.692739325062183164e+00 1.123985626984089947e+01 7.222148822668739854e+01
1.719920018797232553e+00 1.121921668352204904e+01 6.393508830479225225e+01
1.745424071143760081e+00 1.119446423579578465e+01 5.657749192562225460e+01
1.769307011016350906e+00 1.116738286583529671e+01 5.059960060460085174e+01
1.791686681756575528e+00 1.113785447393512484e+01 4.508586226409524045e+01
1.812580806168865299e+00 1.110531681046106023e+01 4.058823495588186603e+01
1.832102399081366073e+00 1.107015501082220865e+01 3.651273125224476956e+01
1.850288036299231331e+00 1.103266319800962592e+01 3.275625922733741646e+01
1.867199471537097866e+00 1.099302121339500893e+01 2.962731679954680786e+01
1.882879724867540849e+00 1.095100271861079300e+01 2.694576423648532426e+01
1.897370209426948673e+00 1.090642720744403427e+01 2.447888057685397811e+01
1.910719659294536577e+00 1.085994505882848316e+01 2.226878164805595972e+01
1.922963483983886501e+00 1.081258268659249921e+01 2.029184882779068388e+01
1.934139017410892336e+00 1.076221520869221493e+01 1.854308358435579152e+01
1.944274725477613819e+00 1.071111713079267602e+01 1.697430964594499869e+01
1.953410740406828605e+00 1.065790323304921294e+01 1.556889628672790415e+01
1.961568847193519760e+00 1.060355455553698611e+01 1.424671116115587033e+01
1.968795667653755910e+00 1.054796818028072281e+01 1.310411595563730458e+01
1.975085993545316221e+00 1.049082682944912115e+01 1.207299972200745763e+01
1.980496353290118527e+00 1.043257625175105652e+01 1.118268849774708862e+01
1.985053578032289323e+00 1.037371955683796543e+01 1.033820702865591734e+01
1.988767831825100973e+00 1.031384899633665064e+01 9.573675379479018588e+00
1.991836307206412471e+00 1.025349581258809728e+01 8.888332449887954567e+00
1.993804305508564134e+00 1.019171991333571015e+01 8.261246777349393611e+00
1.995342380622162182e+00 1.013024320790660227e+01 7.687500054510902459e+00
1.995799837064749616e+00 1.006645542011680483e+01 7.176167008495058397e+00
1.995720411711036313e+00 1.000379287645173498e+01 6.690896891519448886e+00
1.994963431198946369e+00 9.939608436197472585e+00 6.269277998551697983e+00
1.993536806542495432e+00 9.875722723068225406e+00 5.862385345968992745e+00
1.991482487493807962e+00 9.812176155445408554e+00 5.502627528076343921e+00
1.988815265405226684e+00 9.747829366261695938e+00 5.187217142672322368e+00
1.985565890952476931e+00 9.683543225084019213e+00 4.888729707027206217e+00
1.981731729003894715e+00 9.619242617087857994e+00 4.610860109835446252e+00
1.977375786205872510e+00 9.555235216632762985e+00 4.350500906917093680e+00
1.972498130159944907e+00 9.491050674260831599e+00 4.116883713651288801e+00
