2.191799393465098389e-01 1.550982308316407554e+01 3.683535669800713658e+06
2.262583782066694416e-01 1.526280647279336300e+01 3.189630544731462840e+06
2.335857590644030424e-01 1.498589391299031526e+01 2.716551223878489342e+06
2.412049949702566587e-01 1.475653992144123450e+01 2.317412869383725338e+06
2.490725757968666743e-01 1.454649737328392156e+01 1.996052566471434664e+06
2.572336253398785355e-01 1.433978561831551346e+01 1.703604614087711554e+06
2.656815358876478683e-01 1.414960724164923178e+01 1.461365196481602034e+06
2.744247329990688877e-01 1.397584799808076816e+01 1.253644305736277020e+06
2.834679537348662737e-01 1.381457916600310476e+01 1.074855214271177072e+06
2.928243817117003878e-01 1.366181073989323913e+01 9.238072739804483717e+05
3.024610407530803347e-01 1.352347395775365690e+01 7.924166085698693059e+05
3.124292258756355967e-01 1.339062742525655914e+01 6.796948417932379525e+05
3.227181238456832135e-01 1.327749201983139393e+01 5.827969230233246926e+05
3.333347832150302947e-01 1.315801643108483709e+01 5.005731834145202301e+05
3.442704023237730393e-01 1.305297808189623510e+01 4.304210877703620354e+05
3.555619727621798787e-01 1.295389698072111351e+01 3.694614220339753083e+05
3.671548366228636340e-01 1.286359532358087776e+01 3.178935968767162994e+05
3.791314757588480910e-01 1.277592105069661343e+01 2.732205860243970528e+05
3.914034462502590239e-01 1.269664690964818732e+01 2.351155615630368702e+05
4.040431391767919655e-01 1.262340631469843899e+01 2.022182866005368705e+05
4.170500862093964867e-01 1.255425679046265408e+01 1.738517303085034655e+05
4.303811252663552467e-01 1.248925294350935111e+01 1.495333929759889725e+05
4.440943295541273650e-01 1.242742972418928282e+01 1.290841703966459754e+05
4.581283929012617828e-01 1.237163010412425912e+01 1.112988378924876743e+05
4.725386022596655966e-01 1.232108042966009975e+01 9.587274443168993457e+04
4.873002314159929349e-01 1.227267380496603977e+01 8.261386039885366336e+04
5.023866888047978652e-01 1.222720186610806792e+01 7.070901349642321293e+04
5.178370181328219024e-01 1.218370339292444626e+01 6.164539014475102886e+04
5.336434226767513556e-01 1.214394282229396715e+01 5.327907101359416993e+04
5.497984808254282596e-01 1.210613440976064936e+01 4.611604061002953677e+04
5.663055913001585617e-01 1.207289763015154627e+01 3.981531033504049992e+04
5.830881756241985681e-01 1.203920775875418769e+01 3.450000602946865547e+04
5.990847342743735870e-01 1.200884957157571975e+01 3.008090902109796298e+04
6.139070562808179865e-01 1.198097489344358557e+01 2.659695588840149503e+04
6.279127634222851917e-01 1.194976937666530681e+01 2.368484658894125459e+04
6.413667670012780375e-01 1.192199522461674910e+01 2.111847131126491513e+04
6.544313831197728915e-01 1.188965863393577571e+01 1.893571644516772722e+04
6.672468542175172823e-01 1.185867538345546990e+01 1.697806346682677759e+04
6.799229123824295229e-01 1.182386351797665647e+01 1.524207345816309316e+04
6.925565497642159896e-01 1.179169625537094213e+01 1.369718111320984281e+04
7.052018451293716739e-01 1.175529754656859893e+01 1.230582048931652935e+04
7.179450714425467117e-01 1.172100285581337076e+01 1.105643848664827965e+04
7.308356392656464307e-01 1.168095292102575122e+01 9.917426303057225596e+03
7.439220116859592835e-01 1.164490572428829829e+01 8.895956351393586374e+03
7.572509987708452295e-01 1.160609183618017504e+01 7.965267816450535975e+03
7.708491894219011709e-01 1.156714244255833890e+01 7.125496867508967625e+03
7.847496423124269427e-01 1.152721524877357950e+01 6.368572935324683385e+03
7.989936002510185098e-01 1.149012489885857313e+01 5.679584718804090699e+03
8.135907488250813113e-01 1.144834770041140182e+01 5.057547990077776376e+03
8.285645955940350582e-01 1.140741204065860970e+01 4.496642986707769523e+03
8.439567021981410067e-01 1.136751898732876853e+01 3.968117017002793091e+03
8.597481047447614877e-01 1.132814808093987047e+01 3.546087522682940289e+03
8.759741581674811428e-01 1.129398070834508694e+01 3.144809236640377094e+03
8.926316716584820066e-01 1.124845663037319810e+01 2.782838675887668614e+03
9.097360815752792984e-01 1.121074616785770139e+01 2.459379866902720096e+03
9.272782188288453131e-01 1.117001369247404163e+01 2.172271544448321492e+03
9.452797544212875325e-01 1.113293164831121551e+01 1.913256904031574095e+03
9.637220468181454391e-01 1.109380704947944452e+01 1.690142475033987921e+03
9.826095596546051691e-01 1.105606895502177345e+01 1.487131615352584049e+03
1.001927785764255452e+00 1.102309821877541118e+01 1.308177409392643085e+03
1.021687822934283840e+00 1.098608553682750610e+01 1.146241069843393007e+03
1.041857516634617564e+00 1.094811125306151034e+01 1.011549012587144261e+03
1.062421693924428645e+00 1.091245413336799253e+01 8.885671343339187160e+02
1.083392217100762389e+00 1.087841521715501614e+01 7.804571986061695270e+02
1.104719687171733966e+00 1.084423611837404344e+01 6.853742974962979133e+02
1.126405291604710479e+00 1.081137435229819310e+01 5.984169661965314617e+02
1.148417448056456402e+00 1.077896936886869561e+01 5.281945472486607969e+02
1.170737615762623918e+00 1.074775354467251809e+01 4.636835339779271408e+02
1.193351740017500440e+00 1.071502755617682112e+01 4.064545048815025439e+02
1.216193273941113429e+00 1.068408385138659966e+01 3.579744821265911128e+02
1.239275794561025101e+00 1.065386299392180547e+01 3.144292544828898031e+02
1.262552192850721955e+00 1.062249302021199426e+01 2.762612937538942788e+02
1.285991224383998821e+00 1.059450888228949594e+01 2.428803849529564616e+02
1.309563401966852725e+00 1.056344156713060123e+01 2.138488624513769025e+02
1.333235940849211154e+00 1.053531236941647364e+01 1.880853662911935373e+02
1.356970287045301760e+00 1.050577441879151763e+01 1.658045901225614216e+02
1.380735690861375486e+00 1.047750190534526560e+01 1.462223876931979021e+02
1.404500008908383224e+00 1.044953983530905006e+01 1.291003056318368181e+02
1.428220603965352886e+00 1.042059724739815074e+01 1.139300666738637915e+02
1.451867774407930689e+00 1.039211758263885166e+01 1.008604388757979393e+02
1.475404657053633883e+00 1.036457397785663659e+01 8.906703180292441857e+01
1.498792632077645459e+00 1.033586950954613393e+01 7.861168270462201235e+01
1.522001573045070222e+00 1.030784654869130534e+01 6.998298240954603955e+01
1.544990456272276269e+00 1.028008960697903795e+01 6.184133789471849951e+01
1.567733778383805010e+00 1.025210929428655859e+01 5.517999976949860752e+01
1.590190376531235295e+00 1.022372625629912868e+01 4.909785486293930745e+01
1.612328456527877707e+00 1.019500410529482970e+01 4.373475892318866443e+01
1.634120320594496301e+00 1.016649870439145431e+01 3.901191248148843727e+01
1.655531844003329311e+00 1.013688182978138030e+01 3.483776186215684589e+01
1.676537447467286945e+00 1.010836560884821722e+01 3.105338415582617273e+01
1.697104287416635104e+00 1.007852073606043852e+01 2.793211021205318545e+01
1.717053687946269003e+00 1.004909635697958947e+01 2.504899542184544359e+01
1.736286790503931643e+00 1.001919737477810202e+01 2.253396202237481205e+01
1.754781627100050923e+00 9.988261674759577602e+00 2.024718346143802705e+01
1.772509529474727508e+00 9.957738538380370485e+00 1.830295751958924200e+01
1.789494101021867456e+00 9.926459884303040937e+00 1.662152383807580591e+01
1.805745160413640527e+00 9.893962060729204921e+00 1.502573971239873352e+01
1.821182923321171154e+00 9.861362368613876939e+00 1.366396604201225173e+01
1.835907581774800512e+00 9.828586440661302603e+00 1.247291531783718455e+01
1.849870820506434033e+00 9.794463289425717534e+00 1.138622770791035421e+01
