2.191799393465098389e-01 1.550982308316407554e+01 3.683535669800713658e+06
2.249789234807138549e-01 1.528654765460676934e+01 3.250126831549379975e+06
2.309393808323014219e-01 1.508071356673994323e+01 2.878390638179892208e+06
2.371026192897293661e-01 1.488025900500570486e+01 2.528585941193406936e+06
2.434369839633699351e-01 1.469001092726906954e+01 2.223993431480730884e+06
2.499541559798305335e-01 1.451681815065759729e+01 1.958560010816630907e+06
2.566666730120318318e-01 1.435009539361283615e+01 1.722347305286795599e+06
2.635735415900453127e-01 1.419548752677563641e+01 1.519237695598006714e+06
2.706777249932456608e-01 1.404686529735667833e+01 1.338496257068768842e+06
2.779835830212386560e-01 1.393998842737414456e+01 1.178619236355266999e+06
2.854947671063575165e-01 1.378057572986054247e+01 1.038711578493927955e+06
2.932210944904182770e-01 1.365596085392756720e+01 9.169382979096553754e+05
3.011375854756178083e-01 1.354743951723944306e+01 8.075805601041155169e+05
3.092587992757425686e-01 1.343292584415035762e+01 7.134150832581821596e+05
3.176360756182318168e-01 1.332718407158193408e+01 6.280238524014637806e+05
3.261759924930176524e-01 1.323046780469418415e+01 5.545163115381201496e+05
3.349646582163695596e-01 1.313971302806916697e+01 4.893784241223962745e+05
3.439739293500891915e-01 1.305460118005729875e+01 4.318887468683506013e+05
3.532075810467255050e-01 1.297713657392600517e+01 3.809408308265568921e+05
3.626759308500910328e-01 1.290044675722506717e+01 3.364842575041156961e+05
3.723595364065404034e-01 1.282192410317979281e+01 2.995277054851499270e+05
3.822984136261625698e-01 1.275501502191779579e+01 2.624888872924252064e+05
3.924407228574501305e-01 1.269187836506159073e+01 2.304445051176720881e+05
4.028502206919725159e-01 1.262793092154837638e+01 2.051885130624018202e+05
4.134501966575410137e-01 1.257218504597586950e+01 1.816908154286169447e+05
4.243237937640418900e-01 1.251779618707534425e+01 1.601846567520276003e+05
4.354435833320318139e-01 1.246691000244204339e+01 1.415224021301955509e+05
4.467635567588003065e-01 1.241691982092609514e+01 1.255369911056608980e+05
4.583367388998758618e-01 1.237166850571960452e+01 1.110139006696772267e+05
4.701616244722677807e-01 1.232896346167097867e+01 9.821479261820139072e+04
4.821946760093415163e-01 1.228872816831399994e+01 8.709243672425010300e+04
4.944968583820977259e-01 1.224876119303840838e+01 7.701927339714310074e+04
5.070192669277272524e-01 1.221312758603429138e+01 6.818667821772533352e+04
5.197842907537478796e-01 1.217805326518869791e+01 6.048638057267483237e+04
5.327861705998410136e-01 1.214535900061677509e+01 5.366996555051062023e+04
5.460249036371311870e-01 1.211466692557871561e+01 4.763865710433779896e+04
5.594993781906025809e-01 1.208507584814492120e+01 4.226521400262860698e+04
5.731779429340780885e-01 1.205700256945651105e+01 3.752060682857545180e+04
5.870932956551063731e-01 1.203110400467524421e+01 3.332194133788973704e+04
6.012708936977614327e-01 1.200690631364123107e+01 2.939754824061196268e+04
6.157822021540664270e-01 1.197999235439872301e+01 2.633206099581515446e+04
6.306789725613375364e-01 1.195856663687580124e+01 2.333881646564394396e+04
6.460107860965978999e-01 1.194285102712719215e+01 2.067732084018416936e+04
6.617998663844999463e-01 1.191703980592310863e+01 1.835124428828973396e+04
6.781099527719173237e-01 1.189833057346473844e+01 1.624155916448397329e+04
6.949647508593027601e-01 1.187976225303328626e+01 1.433973066967951490e+04
7.124128406179298656e-01 1.186494803212953464e+01 1.267533848158161527e+04
7.304620174165749047e-01 1.185104271658690678e+01 1.106754212967375315e+04
7.491415336897180310e-01 1.183712039971637608e+01 9.836209446785529508e+03
7.684711089757048086e-01 1.183337207953086612e+01 8.648787414754760903e+03
7.884679680434577564e-01 1.181795722189117726e+01 7.602673891417838604e+03
8.091678292856152588e-01 1.180762192956369461e+01 6.670628582175758311e+03
8.305529800073587765e-01 1.180011786082118874e+01 5.845384029412773089e+03
8.526618917780820484e-01 1.179754726545486321e+01 5.127546153387158483e+03
8.754910539163527350e-01 1.179415581536600754e+01 4.488553555583983325e+03
8.990567219485808836e-01 1.179333234472237457e+01 3.928933800707634418e+03
9.233529097800080576e-01 1.179482328847371519e+01 3.434893524179109590e+03
9.483997684373932646e-01 1.179658193624904072e+01 2.977877822361374001e+03
9.741139646859100498e-01 1.181030909639533455e+01 2.621233086383723730e+03
9.995336218195495226e-01 1.180357971366619907e+01 2.302547558747879975e+03
1.024474832479212116e+00 1.180845304672985741e+01 2.030650131116831972e+03
1.048982718419938287e+00 1.181356415178495745e+01 1.796180181169777370e+03
1.073127677472831554e+00 1.181785417539434313e+01 1.596102932032472836e+03
1.096915340288120433e+00 1.182035782406344993e+01 1.421365149967884690e+03
1.120399962449438958e+00 1.182281977032077158e+01 1.269516669253097689e+03
1.143630398973904061e+00 1.182543918556834228e+01 1.135832245907443848e+03
1.166635767296829940e+00 1.182723037194361915e+01 1.017322954002667302e+03
1.189380462810523120e+00 1.182669328695364719e+01 9.138604130559452869e+02
1.211956833472523254e+00 1.182350526069310348e+01 8.211526637543439620e+02
1.234320031845522081e+00 1.182219799783839953e+01 7.394451742489025037e+02
1.256536249825843221e+00 1.181931714811990375e+01 6.661006488870514204e+02
1.278610505734155689e+00 1.181455221670567468e+01 6.007541388320493070e+02
1.300503831701796509e+00 1.181165343627007580e+01 5.426225280711162213e+02
1.322279506887294787e+00 1.180714812770936639e+01 4.902200188776124037e+02
1.343911375962146382e+00 1.179919721583629766e+01 4.439220262125686531e+02
1.365413601283472556e+00 1.178899234998479706e+01 4.013474248261439925e+02
1.386795430073851643e+00 1.178190487820145371e+01 3.637897396968558610e+02
1.408051843317913887e+00 1.177356028506560115e+01 3.296401611497545332e+02
1.429176645963984305e+00 1.176106173996895876e+01 2.991236275552762436e+02
1.450173421717230848e+00 1.174902395866722671e+01 2.714182939840783888e+02
1.471039299786773169e+00 1.173976310883184837e+01 2.465920445088469251e+02
1.491772465872257092e+00 1.172448977883434473e+01 2.240674113311682731e+02
1.512362109153357670e+00 1.171256407650579412e+01 2.036376655986764774e+02
1.532810041495885844e+00 1.169845683702347827e+01 1.850972623682980611e+02
1.553106638326092748e+00 1.168156397041208017e+01 1.685538844259152427e+02
1.573239234113163354e+00 1.166505048161550029e+01 1.535620472683859816e+02
1.593199513097691034e+00 1.164740687432174227e+01 1.398588581643721795e+02
1.612989794060426973e+00 1.162984302738549758e+01 1.274699969383918727e+02
1.632597523654161220e+00 1.161200808359039627e+01 1.162575914578583252e+02
1.652019986557217823e+00 1.159565576708074097e+01 1.059851298686299543e+02
1.671203847516646634e+00 1.157613636791024092e+01 9.684440637648509664e+01
1.690177837714264220e+00 1.155285189347536701e+01 8.852243425302829394e+01
1.708944928117303030e+00 1.153238875811064368e+01 8.092843156822263495e+01
1.727470536697059966e+00 1.150977030295466008e+01 7.401623827331540895e+01
1.745744265228664105e+00 1.148762650253369344e+01 6.772756891794527689e+01
1.763754955420212545e+00 1.146456157673882714e+01 6.201404176908834387e+01
1.781499092294996034e+00 1.144016179186922422e+01 5.655201843764515246e+01
1.799115301262268263e+00 1.141612514294030767e+01 5.206297093160468137e+01
1.816709230699092403e+00 1.139103912993894063e+01 4.767324516404155332e+01
1.834432770926728296e+00 1.136625676763235226e+01 4.333076294536658679e+01
