2.191799393465098389e-01 1.550982308316407554e+01 3.683535669800713658e+06
2.259592515202669960e-01 1.525809758020472451e+01 3.177493485665338114e+06
2.329787204380078525e-01 1.500348336228180557e+01 2.732701831707625184e+06
2.402459975133884318e-01 1.478001190390071429e+01 2.364496790898848325e+06
2.477647303922425048e-01 1.458750070725454151e+01 2.054188916082990821e+06
2.555409275215267395e-01 1.437753292926240256e+01 1.757465442651601043e+06
2.635813100200219417e-01 1.419718713172596303e+01 1.515827348002682673e+06
2.718907767126116370e-01 1.402023951702651594e+01 1.308795066994550405e+06
2.804746874505144594e-01 1.386852761009356172e+01 1.131879031850737054e+06
2.893392554382555049e-01 1.371531813787830778e+01 9.758427570173036074e+05
2.984983389134491794e-01 1.358020333461117524e+01 8.421490138545534573e+05
3.079302338009378692e-01 1.345215447056398972e+01 7.303101826086805668e+05
3.176546531333976908e-01 1.333244262696823057e+01 6.280294810735236388e+05
3.276515641528471301e-01 1.321299580588601508e+01 5.448306188390105963e+05
3.379644654902687062e-01 1.311528997691267939e+01 4.687409940360921319e+05
3.485869123654785628e-01 1.301556684476549464e+01 4.058164958899222547e+05
3.595267221585006223e-01 1.292388125108872998e+01 3.508554429228615481e+05
3.707582421270032569e-01 1.283663519752959381e+01 3.038345192583114258e+05
3.823307970302756154e-01 1.275408237048243443e+01 2.621990736040726770e+05
3.941928248977357163e-01 1.267761348261700327e+01 2.278151010883692652e+05
4.063858398112442649e-01 1.260715723177501602e+01 1.967034246302980755e+05
4.188932128179977954e-01 1.254435472733758417e+01 1.702982141402295965e+05
4.317342299914384562e-01 1.248247546601335856e+01 1.476671955015363928e+05
4.449171253599594200e-01 1.242472679190837326e+01 1.276865208339142264e+05
4.584097957942073753e-01 1.237314978399804133e+01 1.107634005537538906e+05
4.722081585452647112e-01 1.232101343484628941e+01 9.635972246310197806e+04
4.863562195637251562e-01 1.227421704113220180e+01 8.349926367299852427e+04
5.007881506827841500e-01 1.222983222467181008e+01 7.258790987576608313e+04
5.155674008687902710e-01 1.219068078045936510e+01 6.296034339587824797e+04
5.306720864049804254e-01 1.215010926968382066e+01 5.473990238628780935e+04
5.460974951479182771e-01 1.211550506088751256e+01 4.759474722328979988e+04
5.618447244753221881e-01 1.208075199439039871e+01 4.136044700359262788e+04
5.778707276477818011e-01 1.204942014392084637e+01 3.601405913882348977e+04
5.937810274195743920e-01 1.201954436811741900e+01 3.152125394444071208e+04
6.088981200896504964e-01 1.199079526512115912e+01 2.777046572035929785e+04
6.234547237958242283e-01 1.196285986230822118e+01 2.460898538981426100e+04
6.376681989713095522e-01 1.193677141207975545e+01 2.190134324657959223e+04
6.516696334773341981e-01 1.190743596394632675e+01 1.951220796969889125e+04
6.655807041040520122e-01 1.187811683267534058e+01 1.741648942817516581e+04
6.795055081066803115e-01 1.184733965008631884e+01 1.558753834954665035e+04
6.935455361941549324e-01 1.182020253356145112e+01 1.389794825857651449e+04
7.076520102529286760e-01 1.179120409595007679e+01 1.240628726707521128e+04
7.219420470774735588e-01 1.175987672804363982e+01 1.107901626131784178e+04
7.365243634678817486e-01 1.172985610647435273e+01 9.885720273542528957e+03
7.513893194864450509e-01 1.169904384931596475e+01 8.793387025895492116e+03
7.665861227791201937e-01 1.166899645573636057e+01 7.846154339374325900e+03
7.821447027507958394e-01 1.163417789907713029e+01 6.967684220465438557e+03
7.980986311132372002e-01 1.160564913904202911e+01 6.141792051674553477e+03
8.144478252384110828e-01 1.157427488883958233e+01 5.470271291365124853e+03
8.312487520267521912e-01 1.154349191579667888e+01 4.872195244424234261e+03
8.486030532336412691e-01 1.151127144613163544e+01 4.300930421562534320e+03
8.662305143054879197e-01 1.148242946069215620e+01 3.809697733904084089e+03
8.844284442190779583e-01 1.145173204896559582e+01 3.363486427699503565e+03
9.031331599230494334e-01 1.142402917708210097e+01 2.969269983507779671e+03
9.223310308385799239e-01 1.139552201766439410e+01 2.615999559074249646e+03
9.420308429254525828e-01 1.136775882628197820e+01 2.288412453211150478e+03
9.622402790049185972e-01 1.134030773604665576e+01 2.026037727285751316e+03
9.829558827319399006e-01 1.131424391982460520e+01 1.781309343668548991e+03
1.004174066029375645e+00 1.128793790838017763e+01 1.564825085762644221e+03
1.025895007381807389e+00 1.126310297331244570e+01 1.372785738326738965e+03
1.048089883687812529e+00 1.124329037419961885e+01 1.204594220559839187e+03
1.070768639808890477e+00 1.121526993252009774e+01 1.051072717734645266e+03
1.093915765437266874e+00 1.119597096612842257e+01 9.275309909000088737e+02
1.117521642824854000e+00 1.117240522981734507e+01 8.137967464019014869e+02
1.141560476910314703e+00 1.114778819687304434e+01 7.131890242967180029e+02
1.166008568644939070e+00 1.112616478309277923e+01 6.252971770726369414e+02
1.190844780715035967e+00 1.110695968028622538e+01 5.479401256863602612e+02
1.216048838262985043e+00 1.108696591165207579e+01 4.806144817201846990e+02
1.241606540927334468e+00 1.106795855195840161e+01 4.214468712029131439e+02
1.267475235443578097e+00 1.104903914057382863e+01 3.693476638015372373e+02
1.293630238332840410e+00 1.103098623225195496e+01 3.228601877237431950e+02
1.320049460474022940e+00 1.101474527333853359e+01 2.846892855198605616e+02
1.346689758893460764e+00 1.099472751550963601e+01 2.502411371762797785e+02
1.373519770587900979e+00 1.097906194631143428e+01 2.200262687916402626e+02
1.400510037308921429e+00 1.096094219306981010e+01 1.933760866578370212e+02
1.427630085664749027e+00 1.094375451149522327e+01 1.701490473448932335e+02
1.454830516482890079e+00 1.092812859884725718e+01 1.499688940836976485e+02
1.482083723765143413e+00 1.091350489277610691e+01 1.320475285880324918e+02
1.509349801630271104e+00 1.089467163897368707e+01 1.166243769734439866e+02
1.536587880515879689e+00 1.087844031094593333e+01 1.029149891977043154e+02
1.563766029417516412e+00 1.086210133885205842e+01 9.098313440897098303e+01
1.590843284924289280e+00 1.084538919322588058e+01 8.047681412500054421e+01
1.617783359773190988e+00 1.082872309011069234e+01 7.096965966324748365e+01
1.644544062961114550e+00 1.081204460421151303e+01 6.321123660619286255e+01
1.671093209039722138e+00 1.079486067076528322e+01 5.590836327666009709e+01
1.697173018013191204e+00 1.077794767853801439e+01 4.963077108749369870e+01
1.722551035163409461e+00 1.076007983262449841e+01 4.448434329504109286e+01
1.747191557291596586e+00 1.074209734643274849e+01 3.964309896492957108e+01
1.771078424730133438e+00 1.072283956397560090e+01 3.563655291819194559e+01
1.794216278154201039e+00 1.070292307586739078e+01 3.201663349901903644e+01
1.816598458549546491e+00 1.068254640410079048e+01 2.881488358423197127e+01
1.838206374049607517e+00 1.066040638175520705e+01 2.600126240628852514e+01
1.859049818718912839e+00 1.063796437538623785e+01 2.349434200301190145e+01
1.879133309918425532e+00 1.061432436778678934e+01 2.120058801265129844e+01
1.898478094542584538e+00 1.059017790261613712e+01 1.929027414356340842e+01
1.917032539700729954e+00 1.056425611853010516e+01 1.752730781869351517e+01
1.934843776453631481e+00 1.053858045288730061e+01 1.590743334647766893e+01
1.951847148691259637e+00 1.051090763357749047e+01 1.454579211846758469e+01
1.968199972304130352e+00 1.048228218436814174e+01 1.328101031250402642e+01
1.983667231771251149e+00 1.045380493525073540e+01 1.212343436137924080e+01
