2.191799393465098389e-01 1.550982308316407554e+01 3.683535669800713658e+06
2.245093901838083328e-01 1.531902165791189852e+01 3.290410682961530518e+06
2.299936228420846884e-01 1.510654904152172051e+01 2.912354584640976973e+06
2.356131818653796894e-01 1.494192759123572500e+01 2.607733431641919538e+06
2.414158188068585009e-01 1.477514854795039234e+01 2.304959530694931280e+06
2.473494036241304095e-01 1.458143349753045293e+01 2.059625256781073287e+06
2.534521766191041858e-01 1.442179069418963344e+01 1.828153387393706245e+06
2.597221479050457194e-01 1.427950796518016219e+01 1.617059553438857663e+06
2.661520046156495289e-01 1.414044037632905138e+01 1.450960053076290060e+06
2.727546510844616745e-01 1.400805508150219758e+01 1.290321249117506202e+06
2.795275057758173642e-01 1.388226191408610788e+01 1.148396856940450380e+06
2.864752082980530634e-01 1.376286493533108235e+01 1.024560214788831305e+06
2.936119017302100120e-01 1.365113773893941840e+01 9.113438175068164710e+05
3.008967865264574604e-01 1.354371701563890440e+01 8.109299013606505468e+05
3.083676809659581242e-01 1.344943197941150359e+01 7.223092258182362420e+05
3.160260449419056150e-01 1.334722400415710020e+01 6.445395954082465032e+05
3.238641013100828081e-01 1.325951943014399959e+01 5.731925554734485922e+05
3.318942311335115192e-01 1.316962505735741296e+01 5.112894851691739168e+05
3.401091102880680062e-01 1.309058835523135933e+01 4.561240983462254517e+05
3.485147782919054693e-01 1.301649277699366891e+01 4.060438016168273170e+05
3.571213905488849205e-01 1.294498081490564445e+01 3.619846989680462866e+05
3.659082231078638614e-01 1.286869626801000344e+01 3.231455327165144845e+05
3.748897477367835740e-01 1.280601672193016327e+01 2.879065989421971608e+05
3.840823316420460265e-01 1.274893494556350859e+01 2.568245247365431569e+05
3.934572386621709716e-01 1.268250968705453730e+01 2.291788535581878677e+05
4.030621792638378609e-01 1.262784747534732332e+01 2.046908058375882683e+05
4.128180020326239208e-01 1.257252062810165505e+01 1.823735284527693875e+05
4.227904136037161642e-01 1.252570457567863649e+01 1.630622953618912143e+05
4.329773910400021020e-01 1.247892391572212567e+01 1.455793115813144541e+05
4.433626916830364917e-01 1.243062666575510988e+01 1.301101339884586778e+05
4.539460327226252367e-01 1.238992434622825378e+01 1.162768033768045716e+05
4.647525520834083768e-01 1.235009642043669764e+01 1.037468874792067800e+05
4.757383209063322238e-01 1.231065741964009597e+01 9.271438416294811759e+04
4.869401145852300661e-01 1.227189053823323661e+01 8.304996830545317789e+04
4.983108423329896119e-01 1.224019332413851302e+01 7.420254157671071880e+04
5.099024204475766098e-01 1.220504945276050357e+01 6.643700606407123269e+04
5.216975583977657704e-01 1.217666278596338714e+01 5.932770113475860126e+04
5.336929953672407967e-01 1.214328819901335521e+01 5.326151673467781802e+04
5.458894051697296135e-01 1.211477190817908678e+01 4.769031150329938100e+04
5.582859077859491093e-01 1.209012785611113650e+01 4.267973881902385619e+04
5.708593975542278764e-01 1.206283018783015493e+01 3.833319156732976262e+04
5.836171494307811347e-01 1.203895153873754253e+01 3.431903265737850597e+04
5.964911431890417282e-01 1.201502852213386596e+01 3.083708589469932485e+04
6.093958078702861325e-01 1.199271226970490289e+01 2.771604840020222764e+04
6.224549665395328057e-01 1.197097384724222557e+01 2.491229704090031373e+04
6.357461358471627744e-01 1.194810880402642184e+01 2.239718278888689019e+04
6.492175271024576144e-01 1.193027858470444791e+01 2.013302074526689103e+04
6.630026237311875681e-01 1.190871286701381138e+01 1.809810787035278918e+04
6.770725486991419073e-01 1.189186724115360683e+01 1.627404541128690107e+04
6.915070657501308782e-01 1.187430476982140526e+01 1.460340835321123996e+04
7.062771248504453592e-01 1.185612963667047914e+01 1.311274888621798891e+04
7.215012626858445799e-01 1.183991795831605387e+01 1.173106150697829071e+04
7.370590014100251164e-01 1.182545401694094345e+01 1.052758450911592263e+04
7.530873694125714835e-01 1.181252540634596215e+01 9.420798462110245964e+03
7.695460381202622324e-01 1.179673841338155071e+01 8.421531643079781134e+03
7.864749867618585633e-01 1.178374145094102410e+01 7.522554670304788488e+03
8.038818418122131160e-01 1.177419051418219631e+01 6.716718565086315721e+03
8.217753260477973498e-01 1.176149494798641371e+01 5.994137502741635217e+03
8.401788500946001381e-01 1.175145377407634584e+01 5.346149032352365793e+03
8.590801220847997799e-01 1.174519488382401100e+01 4.757870294904406364e+03
8.785006390992575742e-01 1.173785851647245160e+01 4.238040421199183584e+03
8.984412636637115757e-01 1.172963087365425672e+01 3.773266291914721023e+03
9.189098162351095889e-01 1.172474878266513976e+01 3.355181426610888593e+03
9.399073105876275536e-01 1.171948887046158383e+01 2.984410557538551075e+03
9.614421139670595862e-01 1.171691652764592284e+01 2.652643962340748203e+03
9.835154415801321548e-01 1.171540243765985245e+01 2.354798425062778733e+03
1.006110879330228025e+00 1.171452506910999425e+01 2.090465105339098045e+03
1.029241211425893310e+00 1.171528513991605713e+01 1.859401805953340272e+03
1.052900981784871570e+00 1.171550684327958258e+01 1.646659933214149760e+03
1.077079321536640988e+00 1.171831251116207007e+01 1.461709385443463361e+03
1.101777003937601140e+00 1.172237816346497574e+01 1.296480327769648966e+03
1.126987970546994289e+00 1.172557297386652486e+01 1.150545725140634431e+03
1.152693014723559894e+00 1.173118969882369456e+01 1.020694579815171210e+03
1.178885156375336862e+00 1.173681331869699029e+01 9.058761386626792955e+02
1.205342176176894986e+00 1.174476835594235880e+01 8.040913714037126283e+02
1.231946394965611979e+00 1.174995276846991388e+01 7.156295220691563372e+02
1.258683451906245088e+00 1.175888662460244305e+01 6.345714234284846498e+02
1.285545723431512632e+00 1.176401704650959523e+01 5.677176609567960668e+02
1.312533982019830292e+00 1.177233104248434969e+01 5.066289102978373649e+02
1.339619782225422995e+00 1.177922304147029031e+01 4.526630739426737478e+02
1.366807837851101270e+00 1.179056657006228015e+01 4.046213186307435308e+02
1.394095667958262785e+00 1.179457825194349674e+01 3.620194554101959739e+02
1.421465910061859184e+00 1.180444474085394901e+01 3.242641047522129156e+02
1.448903171367498910e+00 1.181196968849041262e+01 2.908874265915617343e+02
1.476379328528767854e+00 1.181708897301017025e+01 2.609172106197727317e+02
1.503890611312945991e+00 1.182414609379904391e+01 2.343137454503541903e+02
1.531445044112211606e+00 1.182856240901438127e+01 2.106432559245345715e+02
1.559023229216391915e+00 1.183771996799709747e+01 1.893228137795662462e+02
1.586590773734924742e+00 1.184113588321238630e+01 1.706475670050310782e+02
1.614123228299973789e+00 1.184876204576247183e+01 1.527202167143893803e+02
1.641636857841082264e+00 1.185069060321412238e+01 1.384154230510370382e+02
1.669072876286453733e+00 1.185652353839233442e+01 1.247114736417350969e+02
1.696453900981916396e+00 1.186070240137739162e+01 1.126371037062773723e+02
1.723729517260344180e+00 1.186333143726678863e+01 1.018241306200306155e+02
1.750907715124006891e+00 1.186688729055908453e+01 9.201563311198967199e+01
1.777951436573748545e+00 1.186958948840573846e+01 8.334474363554947729e+01
1.804874872834558275e+00 1.187138824954207550e+01 7.548950457629129573e+01
1.831592826103156879e+00 1.187410441050538701e+01 6.846582568117507606e+01
1.858179102960963114e+00 1.187452880436316072e+01 6.206025359559105681e+01
1.884512865342914401e+00 1.187497228306786035e+01 5.640480435528515102e+01
