2.191799393465098389e-01 1.550982308316407554e+01 3.683535669800713658e+06
2.248012939216599837e-01 1.529080704774674615e+01 3.260673300029216800e+06
2.305641828733073218e-01 1.510900050257004423e+01 2.905922384950945619e+06
2.365154710569191687e-01 1.489967963053728361e+01 2.550560107956030872e+06
2.426420987989550138e-01 1.471192431897362951e+01 2.248027684976798017e+06
2.489302478491769721e-01 1.454043743369010855e+01 2.000613621514927130e+06
2.554018579195560523e-01 1.438713371884917613e+01 1.761148501071559498e+06
2.620554885829546876e-01 1.425435463101346123e+01 1.559471728594307555e+06
2.688954619031191928e-01 1.408211322826071132e+01 1.383271515774997184e+06
2.759225141771149969e-01 1.394634519094383940e+01 1.222314526534374105e+06
2.831407693445674445e-01 1.381439012577535408e+01 1.082527943584980210e+06
2.905536590780738448e-01 1.369890859665981786e+01 9.607532736743499991e+05
2.981573506878130164e-01 1.358601361455731116e+01 8.459801616062076064e+05
3.059538650062182952e-01 1.348430382794220783e+01 7.501987008936230559e+05
3.139623998909366609e-01 1.337212591634892611e+01 6.640602008084283443e+05
3.221601005264190243e-01 1.327498339911223191e+01 5.881300925127117662e+05
3.305738930068645720e-01 1.319006610781860012e+01 5.209571967495849240e+05
3.391907185382216361e-01 1.309990661856208405e+01 4.623201111606362392e+05
3.480198704942219501e-01 1.302053790573080150e+01 4.092079039417071035e+05
3.570699705928494505e-01 1.294171625857040908e+01 3.633596827506593545e+05
3.663175920253106677e-01 1.286740520023172252e+01 3.211092294375412166e+05
3.757871984714715730e-01 1.279875952857825716e+01 2.849484922228595242e+05
3.854834597082831826e-01 1.273372812688527844e+01 2.525678203744614148e+05
3.953946030550177237e-01 1.267102000455943056e+01 2.236122452377903101e+05
4.055216066880675263e-01 1.261391046128835214e+01 1.992335354272810218e+05
4.158635462391352955e-01 1.255952093551169213e+01 1.764169379788875231e+05
4.264489455181786348e-01 1.250598751415343024e+01 1.566952233103893523e+05
4.372368722913231309e-01 1.246066668746811423e+01 1.387869836736012076e+05
4.482713130470536989e-01 1.241132291322021786e+01 1.235435834917890752e+05
4.595258369163823242e-01 1.236846577340109299e+01 1.096390744114970294e+05
4.709837226796303455e-01 1.232514217388702882e+01 9.737778000548154523e+04
4.826542433822684219e-01 1.228449651063060521e+01 8.651551984062617703e+04
4.945806753225623908e-01 1.224810210995998894e+01 7.700535887792725407e+04
5.067124210332882850e-01 1.221332745365934258e+01 6.859133323622425087e+04
5.190716498153069569e-01 1.218204424004715847e+01 6.092051397641666699e+04
5.316538324691003625e-01 1.214802490468605001e+01 5.423358172027294495e+04
5.444584691247640329e-01 1.211983161495690098e+01 4.831687796444761625e+04
5.574846897979216509e-01 1.209102311229486304e+01 4.302773322655814991e+04
5.707096191927717443e-01 1.206241113132069742e+01 3.832784991310009354e+04
5.841337415698723001e-01 1.203550109450167049e+01 3.421804069228690059e+04
5.974927041072334299e-01 1.201187086769096979e+01 3.059507614752476002e+04
6.107606479281280087e-01 1.198904168817056970e+01 2.737317433509583134e+04
6.240245002971549493e-01 1.196627853013012022e+01 2.454851670208692667e+04
6.373412899962719314e-01 1.194543798394821366e+01 2.207955386124699726e+04
6.508021238650529838e-01 1.192300474429550228e+01 1.980361471747404721e+04
6.644254302153977942e-01 1.190204007441910150e+01 1.781582041565178588e+04
6.782748717230617785e-01 1.188077157614276302e+01 1.599534428671070054e+04
6.923910052035650020e-01 1.186068815998262771e+01 1.437533476984704794e+04
7.068357625711388925e-01 1.184063928335663363e+01 1.278340180207101912e+04
7.215442706871397771e-01 1.182041691360415214e+01 1.157767107791879789e+04
7.366546542144986054e-01 1.180193516627451977e+01 1.038300457384774927e+04
7.521192351792411745e-01 1.178421470717349706e+01 9.291188684283471957e+03
7.679064113677169789e-01 1.176370777177103655e+01 8.331785965137842140e+03
7.841558563590700359e-01 1.174740536587020934e+01 7.443530383619807253e+03
8.008441418733964756e-01 1.173144202904964928e+01 6.654246983988832653e+03
8.179751350878242677e-01 1.171564656743944788e+01 5.938607436177891941e+03
8.355570707169177602e-01 1.170071915010736063e+01 5.300228239448481872e+03
8.536157955491183724e-01 1.168628381705981667e+01 4.722902893242410755e+03
8.721282172728757054e-01 1.167320602356027592e+01 4.207058280861842832e+03
8.911474821887953590e-01 1.166122048497639341e+01 3.716724682731537541e+03
9.106459358124715520e-01 1.165061898529363837e+01 3.335345424838111285e+03
9.306530399999978220e-01 1.163922748030983279e+01 2.961644833626268792e+03
9.511536453089475263e-01 1.162906084634648174e+01 2.633256950369427614e+03
9.721537023219514184e-01 1.161939184787029333e+01 2.339286113971266786e+03
9.936540866726337740e-01 1.161127520367743138e+01 2.078279330157646655e+03
1.015662041449598485e+00 1.160557386486724596e+01 1.842164699120855630e+03
1.038154421554317919e+00 1.160343098550359464e+01 1.634569899175988439e+03
1.061145372874795711e+00 1.159591381873158156e+01 1.450332636871913110e+03
1.084625519856569298e+00 1.158814696381965170e+01 1.285790768189110395e+03
1.108572510913835130e+00 1.158584572090343556e+01 1.134768853194671010e+03
1.133002191987431795e+00 1.158528018731289499e+01 1.011475141018499016e+03
1.157880997560619463e+00 1.158100450037690443e+01 8.971038831686732919e+02
1.183209991858564125e+00 1.157942537835049812e+01 7.960721625073886116e+02
1.208971254238870863e+00 1.157948370573267205e+01 7.044945870861103003e+02
1.235146846168294621e+00 1.157872195498532086e+01 6.249911076809420365e+02
1.261756606511955203e+00 1.157978005961510526e+01 5.538689728334425126e+02
1.288704018186775047e+00 1.157980200869368659e+01 4.888951943834253484e+02
1.316038039969094298e+00 1.158456192582845823e+01 4.363060052939744082e+02
1.343721107466960607e+00 1.158507139340297165e+01 3.853361140571786336e+02
1.371723574425568026e+00 1.158664622740957206e+01 3.444137616529564525e+02
1.400037685747048011e+00 1.159279419646677667e+01 3.059095403300944440e+02
1.428623400287515333e+00 1.159605711304070930e+01 2.718136274960672836e+02
1.457469073852579733e+00 1.159912853984729608e+01 2.418903883390261456e+02
1.486541016186390118e+00 1.160055500121029048e+01 2.151336054978386017e+02
1.515814868640790847e+00 1.160497547623886661e+01 1.918137538603414782e+02
1.545184755532858834e+00 1.160932277833300930e+01 1.707260177770172049e+02
1.574432714156126512e+00 1.161226592385142631e+01 1.522870067007047794e+02
1.603480592169717056e+00 1.161677438449771316e+01 1.363949003327471416e+02
1.632358878801894342e+00 1.161957379442176475e+01 1.220293620963373087e+02
1.661025469440517544e+00 1.162271520171124806e+01 1.094174946952489194e+02
1.689474303098523089e+00 1.162554219134887568e+01 9.822256854549186755e+01
1.717672925342683454e+00 1.162765834545069055e+01 8.827641153179013145e+01
1.745626980358050861e+00 1.162862453773839988e+01 7.947828031946639271e+01
1.773325610363903015e+00 1.162942863599960930e+01 7.163223883978996298e+01
1.800680083825030087e+00 1.163007433896296128e+01 6.431951103008948678e+01
1.827782059032297735e+00 1.162935731150432694e+01 5.836271391704247691e+01
1.854506892858566625e+00 1.162837677369761913e+01 5.277479209350270395e+01
1.880951951318734050e+00 1.162664937208967153e+01 4.776928974237498693e+01
1.906990000388955497e+00 1.162298800583323732e+01 4.326709868008542514e+01
1.932693265238102365e+00 1.161975990146108018e+01 3.925947514296603202e+01
