2.191799393465098389e-01 1.550982308316407554e+01 3.683535669800713658e+06
2.270114254444471347e-01 1.522643429839914830e+01 3.122039493829969317e+06
2.351636204713378475e-01 1.493867962725506437e+01 2.626493627330195159e+06
2.436586986588855364e-01 1.468344376881440105e+01 2.205745065902751405e+06
2.524779498985814663e-01 1.445247583028436011e+01 1.863209495760655496e+06
2.616491027975021977e-01 1.423925280130863058e+01 1.573618324368953239e+06
2.711762113755988857e-01 1.403811003142113378e+01 1.326436101188897155e+06
2.810667449972310550e-01 1.385911993845197365e+01 1.119475014319057344e+06
2.913322708773752323e-01 1.368864858755289582e+01 9.439250078417611076e+05
3.019794017990500290e-01 1.353348040046466316e+01 7.972608090731685515e+05
3.129847208005530068e-01 1.339123321815234569e+01 6.740444071186803048e+05
3.243917927564197168e-01 1.325818258606351208e+01 5.701672255446497584e+05
3.361947521988030152e-01 1.312786629133211846e+01 4.814677720481190481e+05
3.484042682527653256e-01 1.301517414792670024e+01 4.072173518762509339e+05
3.610254858867512628e-01 1.291184254134353715e+01 3.432823684535632492e+05
3.740552555332513074e-01 1.280967903958636889e+01 2.913992652248000377e+05
3.875106905512291644e-01 1.272007564586699857e+01 2.461717771792287531e+05
4.013987044494013445e-01 1.263650720076988598e+01 2.085830316744321899e+05
4.156903828077740393e-01 1.256004016529056067e+01 1.768369116861596121e+05
4.304139690618501435e-01 1.248839236383561691e+01 1.497412831792567449e+05
4.455833754835851201e-01 1.242293745045865272e+01 1.269396661483182688e+05
4.611878395847617274e-01 1.236212396986229400e+01 1.075867286887223891e+05
4.772019903240867222e-01 1.230516073246917585e+01 9.132883703419897938e+04
4.936463604983709619e-01 1.225262972022091290e+01 7.770482227616940509e+04
5.105209124286560485e-01 1.220201161694593850e+01 6.614196526646948769e+04
5.278310097056739814e-01 1.215837996799740850e+01 5.617551433271633141e+04
5.455685673477067565e-01 1.211534466272437349e+01 4.784980803400713194e+04
5.637347621496019423e-01 1.207730161562121296e+01 4.074740447236860200e+04
5.822671740733984524e-01 1.204048171302910930e+01 3.474624412150852731e+04
6.005605780415993467e-01 1.200790656415874125e+01 2.978677248676503950e+04
6.182824770741126574e-01 1.197421657685887375e+01 2.570883184339163563e+04
6.357150990034542426e-01 1.194513266893180869e+01 2.227980992147094730e+04
6.531292286129785074e-01 1.191209159345201840e+01 1.938607512958346342e+04
6.706451600745388930e-01 1.188065641793101257e+01 1.683618926592491698e+04
6.883801683032452212e-01 1.185073326425350793e+01 1.465380027895714011e+04
7.065285912453510564e-01 1.181725831062427545e+01 1.274640654628509947e+04
7.249381205061641298e-01 1.178711590511293039e+01 1.108977016678369728e+04
7.439125042698458978e-01 1.175761610551791847e+01 9.615495371362498190e+03
7.634435167911445275e-01 1.172610912400400807e+01 8.333810306997464068e+03
7.835657852481344721e-01 1.169735709446589667e+01 7.198862110452146226e+03
8.043524737944166558e-01 1.166683062755927125e+01 6.225991405117298200e+03
8.258189341951954754e-01 1.163837213027580830e+01 5.377101173330987876e+03
8.480089759598263832e-01 1.161034869990294993e+01 4.630123620577171096e+03
8.709519633445323983e-01 1.158208783809049436e+01 3.947148609589766238e+03
8.946701265522961632e-01 1.155790357907853050e+01 3.421154514315710003e+03
9.191613978189687728e-01 1.153157875328686721e+01 2.931741341036049562e+03
9.444579884927239988e-01 1.151001844663068852e+01 2.512260623788389239e+03
9.705476148516720691e-01 1.148821931882672054e+01 2.152293263386848594e+03
9.974431412473792058e-01 1.146888386268792637e+01 1.839088232260208542e+03
1.025135504495445549e+00 1.145059409356290026e+01 1.571649589922404630e+03
1.053614087203635696e+00 1.143151133351505244e+01 1.342036761159268053e+03
1.082863249896929503e+00 1.141187038123933917e+01 1.146370671076737608e+03
1.112863198660701824e+00 1.139806717788698265e+01 9.772720609652120629e+02
1.143585212610022550e+00 1.138010021139933414e+01 8.296137078584065421e+02
1.175015439569273568e+00 1.136766564195075446e+01 7.127847097878950535e+02
1.207105146596077816e+00 1.135770104239849232e+01 6.072627656225100736e+02
1.239818329985223677e+00 1.134485100701019533e+01 5.182254650499126001e+02
1.273118395070168996e+00 1.133468749877066273e+01 4.418908796451137277e+02
1.306958842809985866e+00 1.132223869670284877e+01 3.776416791151027610e+02
1.341281677085811141e+00 1.131355091360177667e+01 3.229320057062124647e+02
1.376050547033629057e+00 1.130417949685613266e+01 2.761745715778946533e+02
1.411195447308968287e+00 1.129868546763485249e+01 2.360778171376948933e+02
1.446663363457938223e+00 1.128804014156102298e+01 2.024554788835187651e+02
1.482393244692153056e+00 1.128052658960918286e+01 1.735684860396485476e+02
1.518318974039275071e+00 1.127240422466909209e+01 1.491059606164250795e+02
1.554380250838693023e+00 1.126587297611742677e+01 1.280772900293315786e+02
1.590506060559067514e+00 1.125806601105637839e+01 1.102215818008050547e+02
1.626633365575161916e+00 1.125077183594936159e+01 9.500669751338999447e+01
1.662691894093696776e+00 1.124289111177443701e+01 8.195356969538087810e+01
1.697962991051319870e+00 1.123510131937051426e+01 7.104721443164933703e+01
1.730642403984935518e+00 1.122550240225503870e+01 6.209702119841193024e+01
1.760738125073231686e+00 1.121252782720399388e+01 5.480562262941713669e+01
1.788420898613097609e+00 1.119770394356193854e+01 4.861573284614561885e+01
1.813852828490757574e+00 1.117869672175151585e+01 4.342249530432236071e+01
1.837179329416170459e+00 1.115677416532593469e+01 3.901013985049221588e+01
1.858551074853427743e+00 1.113211989689721371e+01 3.517043000292294153e+01
1.878097870803699054e+00 1.110445771706720031e+01 3.186343409613864708e+01
1.895951249738353495e+00 1.107411211346810909e+01 2.895097381231796874e+01
1.912122161646135465e+00 1.104115735398139897e+01 2.639366660998571135e+01
1.926809723603799096e+00 1.100607187499837814e+01 2.406267502582356599e+01
1.940065754052049618e+00 1.096761355523864800e+01 2.215043121724389863e+01
1.951969602255867686e+00 1.092710054786306095e+01 2.037648817757744979e+01
1.962606569366192488e+00 1.088449233400701566e+01 1.879566266208503933e+01
1.971998716175619393e+00 1.083971462439700417e+01 1.736835749519586614e+01
1.980254624661911711e+00 1.079319921501392265e+01 1.608210270011060317e+01
1.987416597290327047e+00 1.074536759141863840e+01 1.491296613286858097e+01
1.993570235191219897e+00 1.069498656228968869e+01 1.386845597768206417e+01
1.998653543355620288e+00 1.064369844882989646e+01 1.292163254894956026e+01
2.002829283526445181e+00 1.059109883655206374e+01 1.205149569972173573e+01
2.006115864824772554e+00 1.053684656569205380e+01 1.125509729263373515e+01
2.008516550054452843e+00 1.048143245642593158e+01 1.051051730593047928e+01
2.010107402476987826e+00 1.042531910658835947e+01 9.880836769674381515e+00
2.010914990698549509e+00 1.036805199084433404e+01 9.279074342726671532e+00
2.010982148582271201e+00 1.030974938014987252e+01 8.696843707567573745e+00
2.010125949932339395e+00 1.025276738679429478e+01 8.245287361061590659e+00
2.007247901781013866e+00 1.020251725401707787e+01 7.875204860673611584e+00
2.002146286110229489e+00 1.015671247197965954e+01 7.667170089920836595e+00
1.995125320490926057e+00 1.011381333485040379e+01 7.524975695666649145e+00
1.986646105686013852e+00 1.007230128787367818e+01 7.422318646576238521e+00
1.977011122884014593e+00 1.003216773908869364e+01 7.400509203544886283e+00
