2.191799393465098389e-01 1.550982308316407554e+01 3.683535669800713658e+06
2.258442594048532259e-01 1.528333701319836813e+01 3.178081244447886012e+06
2.327208366653827909e-01 1.501425156730504007e+01 2.763264759869262576e+06
2.398476661715096270e-01 1.478974952871025117e+01 2.379674449991485570e+06
2.472162389372945246e-01 1.459005023884622787e+01 2.062708906212940812e+06
2.548394441668169197e-01 1.440018199655104780e+01 1.770952291993332328e+06
2.627016816076135908e-01 1.421417180329462226e+01 1.542936241955569014e+06
2.708304402891179574e-01 1.404379883300704002e+01 1.336939312646877253e+06
2.792237903920662956e-01 1.388700636648186304e+01 1.155099670232443372e+06
2.878865460018881217e-01 1.374598975629068498e+01 9.991776356340510538e+05
2.968121596547766416e-01 1.360541995257054282e+01 8.647156461305931443e+05
3.060210975793471455e-01 1.347545724933986833e+01 7.489468202601308003e+05
3.155078227116145384e-01 1.335244822513547724e+01 6.490819152078232728e+05
3.252847620831612052e-01 1.324270435456948292e+01 5.623346358269944321e+05
3.353416813907043048e-01 1.313726328776488472e+01 4.873146874379696674e+05
3.456943017583015143e-01 1.303189412992833596e+01 4.214320291832679650e+05
3.563522888032724101e-01 1.294711019782770300e+01 3.659274567318379995e+05
3.672920116335869345e-01 1.286183440661915434e+01 3.174773837727697683e+05
3.785436152388844677e-01 1.278086690019066829e+01 2.755686857083830982e+05
3.901006357775896327e-01 1.270620346628302144e+01 2.389474926417852985e+05
4.019731183943776598e-01 1.263464781043480123e+01 2.071100802660966583e+05
4.141339573610511859e-01 1.256721446405512310e+01 1.798774790356808517e+05
4.266297056186735270e-01 1.250702498635573612e+01 1.560159959875023633e+05
4.394128398368455923e-01 1.244917465966151759e+01 1.355304285274912836e+05
4.525254980067834887e-01 1.239267764531511951e+01 1.181187398670601688e+05
4.659679436720338130e-01 1.234436775432621403e+01 1.026449822105187777e+05
4.797008120762435990e-01 1.229560129241387578e+01 8.909965659450749808e+04
4.937397853634858946e-01 1.226000056980200981e+01 7.758152712654847710e+04
5.080921826139938036e-01 1.220981360288878470e+01 6.764057665409080801e+04
5.227622503965134726e-01 1.217093491131680061e+01 5.881388813652495446e+04
5.377434591607266334e-01 1.213360940415648237e+01 5.133317041215616337e+04
5.530347025951924955e-01 1.210351751439261925e+01 4.471243924758458888e+04
5.686374762510153502e-01 1.206819620156052331e+01 3.902079606829020486e+04
5.844946055782644923e-01 1.203623176901838043e+01 3.410133907082813676e+04
6.006260391330573434e-01 1.200730631795661019e+01 2.957701070354698822e+04
6.170110413122665838e-01 1.198195137446085923e+01 2.601461660693813246e+04
6.338557533118422960e-01 1.195501211073621839e+01 2.275945417550254206e+04
6.511067076430878675e-01 1.192988939629911194e+01 1.986797748577035600e+04
6.689055205268967796e-01 1.190651873609351519e+01 1.734702500187970145e+04
6.873402365804721637e-01 1.188544693758433013e+01 1.512201425214857045e+04
7.063983026164719625e-01 1.186416573312129863e+01 1.317513571764029075e+04
7.261655059960892000e-01 1.184557917200853794e+01 1.143922948754603931e+04
7.466960834416652704e-01 1.182921385707265394e+01 9.844684866667106689e+03
7.679517344631636711e-01 1.181272495813740342e+01 8.611713844473792051e+03
7.900276997786329636e-01 1.179992551053774541e+01 7.448380197485619647e+03
8.129411113086645324e-01 1.178978069262318051e+01 6.433316289978885834e+03
8.366662569337349753e-01 1.177901010901049972e+01 5.561124931175751954e+03
8.612775291435317282e-01 1.177177706711614746e+01 4.795454440012188570e+03
8.867653923407189387e-01 1.176654826325206216e+01 4.134099407404740305e+03
9.131494095453515092e-01 1.176463214636915566e+01 3.557020194263697249e+03
9.404195973376608952e-01 1.176097687495579258e+01 3.061286142121687135e+03
9.686028700029007954e-01 1.176243733975917749e+01 2.631682232636926528e+03
9.976854308316210895e-01 1.176459815385071117e+01 2.260364175664296909e+03
1.027668894477601125e+00 1.176790041592903258e+01 1.941619454961778274e+03
1.058541076533824787e+00 1.177470823414690315e+01 1.668178720331265822e+03
1.090306065874181440e+00 1.178203626530839010e+01 1.432093080783235109e+03
1.122929675961723550e+00 1.179179838297315719e+01 1.228965535105759727e+03
1.156417233569843939e+00 1.180243905098308943e+01 1.055097282684526590e+03
1.190438926313659218e+00 1.181686017525689181e+01 9.062522753002057243e+02
1.224611699793006547e+00 1.182774141460446771e+01 7.811320137960783541e+02
1.258905143229223977e+00 1.184247301464592894e+01 6.748376900798047018e+02
1.293336921991242061e+00 1.185889819576068582e+01 5.843619501513732075e+02
1.327892247423759553e+00 1.186854797435210074e+01 5.069392193234771753e+02
1.362562607797194403e+00 1.188422206746400711e+01 4.400949606848852227e+02
1.397297906214938878e+00 1.189733886071944546e+01 3.829321855638445413e+02
1.432122654082091273e+00 1.190789741436848281e+01 3.337687290325410459e+02
1.467018659185840068e+00 1.191873418266285078e+01 2.914910870752004826e+02
1.501940658625404046e+00 1.193155308386078595e+01 2.547139895424496956e+02
1.536881021262119340e+00 1.194214175033449088e+01 2.229310153548296682e+02
1.571849361932539102e+00 1.195220624670987064e+01 1.954167546288360029e+02
1.606698275449129465e+00 1.196253017324950640e+01 1.713472500805239633e+02
1.641506533797178369e+00 1.197003690139333010e+01 1.507249012592968143e+02
1.676217394380490777e+00 1.197850973043453138e+01 1.325143548639221081e+02
1.710812621414030454e+00 1.198832545444771114e+01 1.160523343800363278e+02
1.745254018356375392e+00 1.199295589753172919e+01 1.028762602531779180e+02
1.779464652257956025e+00 1.199837033852954349e+01 9.088819991749791427e+01
1.813464341276297631e+00 1.200294985400716108e+01 8.024934496735893674e+01
1.847087004110532282e+00 1.200668020563039740e+01 7.077825028154752829e+01
1.879850263399258870e+00 1.201015821023346497e+01 6.282532152959854699e+01
1.911331812934243812e+00 1.201043653297542946e+01 5.632938052044094235e+01
1.941522051529060322e+00 1.200815769055967230e+01 5.037252681636502416e+01
1.970792917542839584e+00 1.200465800026057295e+01 4.516357129156916272e+01
1.998975904904165990e+00 1.199959502909720754e+01 4.060604921074824603e+01
2.026129198932871134e+00 1.199170908256819956e+01 3.659897539119928922e+01
2.052237249888641202e+00 1.198161986020301306e+01 3.306080471465074311e+01
2.077438806407056582e+00 1.197111521681019930e+01 2.977079249539717054e+01
2.101455339286545598e+00 1.195765972418429257e+01 2.713728264705030213e+01
2.124573746500005189e+00 1.194250652674016955e+01 2.466347959957167646e+01
2.146753110943419252e+00 1.192557666155338048e+01 2.245540727639490441e+01
2.167995745436490651e+00 1.190724119821491378e+01 2.046320192726252074e+01
2.188393331262574293e+00 1.188712906795481317e+01 1.868420928679271498e+01
2.207670624033190698e+00 1.186476391026219090e+01 1.704266220720606739e+01
2.226266535379485489e+00 1.184180516565814401e+01 1.566245131286634518e+01
2.243884598541812991e+00 1.181706348332432910e+01 1.436074311258205149e+01
2.260454168447956214e+00 1.178971665427938831e+01 1.323155934385459176e+01
2.276320569535704053e+00 1.176180209389761799e+01 1.216125204730865228e+01
2.291341936502169663e+00 1.173317890839573963e+01 1.120716252828069059e+01
2.305520532745312323e+00 1.170219768916550684e+01 1.034749079243172076e+01
2.318879618504381401e+00 1.167115165056215886e+01 9.575559769480214811e+00
2.331429161156507224e+00 1.163789336604571467e+01 8.862010647871390034e+00
