2.191799393465098389e-01 1.550982308316407554e+01 3.683535669800713658e+06
2.258175253655004266e-01 1.524648203327298823e+01 3.184681201814544387e+06
2.326640131083971552e-01 1.502084049662447818e+01 2.763898130114108790e+06
2.397576862906085904e-01 1.479218288473826881e+01 2.392178995239453856e+06
2.470932569928973588e-01 1.459177540971219500e+01 2.063307317061013309e+06
2.546729582597097030e-01 1.440212239195897403e+01 1.795362028714623768e+06
2.625056752343215005e-01 1.421848056515106506e+01 1.550365863020852208e+06
2.705946857130689942e-01 1.405026888085638248e+01 1.341314484902022174e+06
2.789453541131280967e-01 1.389590624039260369e+01 1.160359891026444035e+06
2.875634111092509881e-01 1.374811685078047319e+01 1.004031538783248398e+06
2.964422773266543465e-01 1.360958767935811586e+01 8.692974458111905260e+05
3.056022211337010575e-01 1.348087198929374786e+01 7.537684890904119238e+05
3.150341807841256503e-01 1.335759819181093633e+01 6.538976985492986860e+05
3.247610373850770005e-01 1.324733030766150677e+01 5.648544143039503833e+05
3.347669875413540885e-01 1.314210682265665930e+01 4.912573807629502262e+05
3.450511228775934303e-01 1.304520283147968307e+01 4.256852310965324286e+05
3.556575837971449605e-01 1.295144570450177213e+01 3.693265167787183309e+05
3.665223038592725913e-01 1.286942731504214521e+01 3.199985084193638759e+05
3.777185703441300335e-01 1.278450153379906951e+01 2.779302862277277745e+05
3.891931769252198747e-01 1.270983372183611060e+01 2.411220124270871747e+05
4.009901141666694646e-01 1.263838215065673865e+01 2.092877698237396253e+05
4.130853327000346686e-01 1.257084791350603759e+01 1.820118809814591950e+05
4.255024198419261050e-01 1.251240504668693454e+01 1.581130832395251782e+05
4.381983372816666278e-01 1.245263529101055511e+01 1.374951709865745215e+05
4.512375856896599369e-01 1.239966920131709216e+01 1.195506631231645297e+05
4.645838219079520548e-01 1.234938561626310438e+01 1.041901869607652334e+05
4.782270230269771161e-01 1.230196262101895677e+01 9.052684487681277096e+04
4.921774655439960511e-01 1.225725494911913138e+01 7.878927690447500208e+04
5.064341503414161449e-01 1.221471736737674085e+01 6.875433737361550448e+04
5.210074808671801838e-01 1.217536878403393352e+01 5.988650549215134379e+04
5.358909729067287131e-01 1.213816278469235854e+01 5.219067850116311456e+04
5.510809582532136819e-01 1.210526260024592382e+01 4.546600206606662687e+04
5.665884930482467663e-01 1.207269770767609707e+01 3.935712380815793585e+04
5.823267864070956756e-01 1.204155178976334639e+01 3.437964223417318863e+04
5.977317262587495961e-01 1.201209849495102411e+01 3.016441403535645804e+04
6.125338858462817671e-01 1.198435960121415889e+01 2.696734010454992313e+04
6.268659188481793265e-01 1.195933491330945486e+01 2.394436844503360408e+04
6.409668803382294611e-01 1.193174386715055846e+01 2.133571427138589206e+04
6.549585531391725057e-01 1.190240893763297159e+01 1.901642311986738787e+04
6.689122818560579997e-01 1.187542911647945587e+01 1.700528008492044682e+04
6.829334657580599099e-01 1.184841017891745274e+01 1.517832539763657587e+04
6.970763315985680775e-01 1.181984285472989171e+01 1.346144838800402067e+04
7.114642113598014239e-01 1.179132035708593129e+01 1.210956559789532366e+04
7.259736050894904924e-01 1.176911282792645075e+01 1.080469788307553790e+04
7.408056589505823686e-01 1.173153099181020842e+01 9.645509963098751541e+03
7.559462303917355852e-01 1.170395269579227104e+01 8.587027403686728576e+03
7.714445145176580532e-01 1.167502406338744869e+01 7.656883028402608943e+03
7.873271224168099103e-01 1.164663447761420656e+01 6.807445686399650185e+03
8.036070979032010619e-01 1.161871584693115267e+01 6.044871541456257546e+03
8.203190282073941075e-01 1.158655165680393750e+01 5.360952246023299267e+03
8.374735128752809343e-01 1.156116921405808462e+01 4.753012446921797164e+03
8.550987821344557815e-01 1.153055200512227607e+01 4.209304419810745458e+03
8.731945821496607252e-01 1.150545269047840158e+01 3.721496685445316871e+03
8.917870216781411674e-01 1.147898206957498779e+01 3.285921034885234349e+03
9.108849088406317795e-01 1.145281707780398861e+01 2.898644752710350076e+03
9.304670611911650679e-01 1.142767183965579214e+01 2.558769293199847652e+03
9.505674783736626221e-01 1.140190859579818472e+01 2.254121648348312647e+03
9.711679729497840752e-01 1.137838964425629840e+01 1.985112860344402634e+03
9.922921925673680033e-01 1.135512901524433893e+01 1.748057497941356587e+03
1.013925396801759193e+00 1.133459381273033095e+01 1.533708742426643539e+03
1.036035584947463173e+00 1.130932812899176376e+01 1.350512091547888986e+03
1.058647125558373148e+00 1.129222974288496495e+01 1.183697263067643462e+03
1.081744734092126237e+00 1.126856559062978747e+01 1.040671091458102410e+03
1.105301085162590624e+00 1.124901155635039451e+01 9.133536735022584026e+02
1.129260092370871105e+00 1.123341566899067878e+01 8.024183980797012055e+02
1.153316883826718708e+00 1.121163048913749982e+01 7.056991392570084827e+02
1.177383110629860230e+00 1.119379208498089540e+01 6.173464242165600808e+02
1.201483276106382947e+00 1.117452268920715319e+01 5.460764151118908103e+02
1.225580147692759247e+00 1.115824899175777674e+01 4.839197295319920613e+02
1.249672124036755427e+00 1.113989869299545177e+01 4.276691939048081963e+02
1.273732655014054194e+00 1.112306951729469517e+01 3.784992299975011747e+02
1.297779581008017047e+00 1.110378651506166570e+01 3.356080897504094196e+02
1.321767784007287894e+00 1.108432236743060351e+01 2.975272464617397077e+02
1.345738741472733757e+00 1.106762936240748196e+01 2.640910407583802453e+02
1.369602574990946398e+00 1.104769891398984782e+01 2.348954975350474967e+02
1.393371414098121486e+00 1.102961773923485467e+01 2.088331207062405781e+02
1.417065194888231128e+00 1.100928960495780373e+01 1.859008905023416105e+02
1.440640141105695493e+00 1.098890787187839990e+01 1.656381504171189363e+02
1.464032527513502657e+00 1.097097303148811420e+01 1.478106940466211654e+02
1.487292621532017467e+00 1.094786365938767858e+01 1.319177547544000788e+02
1.510421086421252168e+00 1.092764477414669955e+01 1.179526377654096763e+02
1.533261746879489795e+00 1.090548250857363044e+01 1.054660856802322968e+02
1.555917960483345075e+00 1.088327555155301063e+01 9.444728739692759234e+01
1.578427962198436285e+00 1.086046269230054939e+01 8.455916153225992105e+01
1.600500656276660827e+00 1.083660246637455593e+01 7.588125305190276038e+01
1.622380575119050095e+00 1.081324728116432787e+01 6.813486441087287915e+01
1.643964119535694879e+00 1.078898755511344021e+01 6.105125615524012517e+01
1.665289919989234368e+00 1.076398263981193537e+01 5.513762623317244760e+01
1.686113748900318399e+00 1.073872059510290988e+01 4.965359720955267164e+01
1.706674489981473641e+00 1.071301695694477552e+01 4.476081624433057016e+01
1.726823498600319695e+00 1.068653343040240244e+01 4.044989895440106409e+01
1.746586967093188836e+00 1.066004861937986625e+01 3.652281108396897480e+01
1.765930396254969503e+00 1.063247048734971223e+01 3.304277138413484494e+01
1.784842742003269533e+00 1.060415413055535616e+01 2.988065723909609872e+01
1.803297012594584192e+00 1.057622213616378204e+01 2.712258615634921100e+01
1.821284304831902068e+00 1.054595487521192076e+01 2.460317001622616218e+01
1.838795729505787291e+00 1.051716427118219421e+01 2.236974909923234733e+01
1.855798208991968234e+00 1.048677434185983337e+01 2.034382174381750374e+01
1.872369777103214172e+00 1.045593129472573324e+01 1.852339704458924885e+01
1.888252390925559965e+00 1.042435440771122401e+01 1.691230917537021483e+01
