2.191799393465098389e-01 1.550982308316407554e+01 3.683535669800713658e+06
2.261020700336215106e-01 1.524847654480879378e+01 3.180368391182641964e+06
2.332569526156973994e-01 1.499536767444404184e+01 2.724024868636087980e+06
2.406922915300783727e-01 1.476749137650133470e+01 2.342536362291060388e+06
2.483597588019881564e-01 1.455132795749871377e+01 2.013940672305122251e+06
2.563101946362991712e-01 1.436315954258549432e+01 1.737471873466860270e+06
2.645358936060469013e-01 1.417370534448437169e+01 1.491319612769700820e+06
2.730415575470281353e-01 1.400176219097408747e+01 1.287251748249984812e+06
2.818340800031132742e-01 1.384209547419891351e+01 1.106220635529235471e+06
2.909188717299761584e-01 1.369387723998999284e+01 9.511494323476387653e+05
3.002925327780625597e-01 1.355522041231653319e+01 8.183288143049266655e+05
3.099594176828676106e-01 1.342255448513723515e+01 7.062143616045799572e+05
3.199415490889822578e-01 1.330220429779817515e+01 6.088287027396629564e+05
3.302277518590074901e-01 1.318956480380768070e+01 5.244331117713334970e+05
3.408405112993831976e-01 1.308281855885209310e+01 4.514122995107138995e+05
3.517407913014399257e-01 1.298552236392595560e+01 3.885989158339888090e+05
3.629887226314161830e-01 1.289825288604468945e+01 3.351587771880629589e+05
3.745400278131220118e-01 1.280597833553254183e+01 2.891001980721036671e+05
3.864343870925911473e-01 1.272601942341797354e+01 2.494792499686487718e+05
3.986499543425641168e-01 1.265307337908956775e+01 2.152314595287994889e+05
4.112129118841545972e-01 1.258917004824341745e+01 1.858568920367622050e+05
4.241007607921355449e-01 1.251985105589840153e+01 1.606085356134130852e+05
4.373196277938094512e-01 1.245960018942895076e+01 1.388475238517071994e+05
4.508927814345061735e-01 1.239935455785754570e+01 1.201069609182638524e+05
4.648002394068589394e-01 1.234758786557826582e+01 1.038527263761898648e+05
4.790331306445679838e-01 1.229815915435666263e+01 8.983267604663960810e+04
4.935975871486621425e-01 1.225310942434141737e+01 7.779987910067971097e+04
5.084998761858215977e-01 1.220934812221332244e+01 6.727613604312455573e+04
5.237433146811093509e-01 1.216897462468569202e+01 5.840126159732941596e+04
5.393219192948354168e-01 1.213129145466799308e+01 5.065928145145489543e+04
5.552360740952388962e-01 1.209496037721555695e+01 4.389297765670497756e+04
5.714546781303864176e-01 1.206086870344654649e+01 3.806781176121233875e+04
5.878777973960129799e-01 1.203053985575857965e+01 3.311461188481078716e+04
6.035948459942862554e-01 1.199787867451364320e+01 2.905278813340085253e+04
6.187272827407815923e-01 1.197326493115242840e+01 2.534281304270418332e+04
6.334247913513869621e-01 1.194440513994074848e+01 2.266018226988358947e+04
6.478925133571112882e-01 1.191738351565984999e+01 2.013853497749978851e+04
6.622699428123939303e-01 1.188766896993650235e+01 1.791472559630538308e+04
6.766469584031654660e-01 1.185960399000736842e+01 1.584451768168919443e+04
6.911151711216840798e-01 1.182784229941383636e+01 1.418169372487555484e+04
7.057304793520883246e-01 1.179891429191957286e+01 1.263454856814641425e+04
7.205723247374323792e-01 1.176978759959306231e+01 1.124272943506683441e+04
7.356673393424923990e-01 1.173616343661781336e+01 9.990393930465153971e+03
7.510743911685123786e-01 1.170725906124853921e+01 8.872594926549933007e+03
7.668463453832824461e-01 1.167710156462930193e+01 7.866920137363510548e+03
7.830025449418591688e-01 1.164472883752743471e+01 6.987188777535116060e+03
7.995870668980310514e-01 1.161185636638297858e+01 6.176561520674810708e+03
8.165978848126085321e-01 1.158095213010501467e+01 5.459882346750699071e+03
8.340925075291125701e-01 1.155218331786264585e+01 4.819234061630223550e+03
8.520677665742903972e-01 1.152395935104012636e+01 4.249272086532280809e+03
8.705532398454437493e-01 1.149400905149591168e+01 3.741892104543375353e+03
8.895539038563539114e-01 1.146393214196063148e+01 3.293478538375106837e+03
9.090810463043437206e-01 1.143620879514940114e+01 2.896350040836208336e+03
9.291434594736687202e-01 1.140864773354517681e+01 2.540407091402220431e+03
9.497469579952818597e-01 1.138091207230915458e+01 2.228361582211290170e+03
9.708785095600112047e-01 1.135884409918702076e+01 1.954815943536168334e+03
9.925660434761239825e-01 1.132966185636477974e+01 1.712247109486817862e+03
1.014772348479949127e+00 1.130659087303203592e+01 1.498266161120847073e+03
1.037512008459674284e+00 1.128235224966236672e+01 1.310642339860535458e+03
1.060771035154544739e+00 1.125649364647005513e+01 1.147136202773062678e+03
1.084535804159097117e+00 1.123408705197456392e+01 1.002192569673001685e+03
1.108785852141760397e+00 1.121253980353953850e+01 8.758145062202822828e+02
1.133510012968891756e+00 1.119108485672930975e+01 7.650930841739043444e+02
1.158696546699688801e+00 1.117425799837271505e+01 6.683293124870953079e+02
1.184087386283200205e+00 1.115155741210030449e+01 5.843106465128083755e+02
1.209362477978619621e+00 1.113274582211986896e+01 5.113765783100799354e+02
1.234503050434709870e+00 1.111613063620804454e+01 4.473960315979277311e+02
1.259487244772296233e+00 1.109701772627875904e+01 3.958359609694478536e+02
1.284327655113516542e+00 1.107516891895305378e+01 3.490751917036409964e+02
1.308975171987426078e+00 1.105744393748483745e+01 3.068269118118898291e+02
1.333468594584614531e+00 1.103747499989387215e+01 2.724390450417664056e+02
1.357756188174322309e+00 1.101638482311678402e+01 2.401611510249022672e+02
1.381876107366719175e+00 1.099403895325119151e+01 2.139377424093625280e+02
1.405779311482776794e+00 1.097536265880168926e+01 1.899803368295602866e+02
1.429462528335839533e+00 1.095107911608697471e+01 1.688931507840667336e+02
1.452919297794989628e+00 1.092894284857669973e+01 1.503103995266424704e+02
1.476098695394999494e+00 1.090601249066026490e+01 1.338611708941682252e+02
1.499020908485214854e+00 1.088125133597617911e+01 1.194075391544782718e+02
1.521654476798632416e+00 1.085711950207471688e+01 1.061994661263518367e+02
1.543990824593473254e+00 1.083199677510956960e+01 9.531197782190574230e+01
1.566031976962102057e+00 1.080667078765371159e+01 8.532121968570179149e+01
1.587694917216510015e+00 1.077990251467852723e+01 7.645588462993067935e+01
1.609030515288812024e+00 1.075322151560940220e+01 6.845310140762320827e+01
1.629982823321704410e+00 1.072534341415393833e+01 6.154858598862843166e+01
1.650645808876437526e+00 1.069715654236002322e+01 5.538981982340534671e+01
1.670712928302794831e+00 1.066792935200778025e+01 4.961355841385066867e+01
1.690452869070375730e+00 1.063871261395235202e+01 4.487054178155275963e+01
1.709757820501470960e+00 1.060857201324589916e+01 4.045141774538441126e+01
1.728599976463046861e+00 1.057714984471626352e+01 3.651514492172037762e+01
1.746945712983062116e+00 1.054615312416259698e+01 3.301738635679468103e+01
1.764924381934835029e+00 1.051309949763131435e+01 2.987520167710009744e+01
1.782202279634786501e+00 1.048039263143998667e+01 2.710011698896234122e+01
1.799062609908499866e+00 1.044699948797953937e+01 2.457456587030871376e+01
1.815390898090647687e+00 1.041224195480785397e+01 2.232452697970599687e+01
1.831181542721580069e+00 1.037792705250843106e+01 2.024548407486567925e+01
1.846421643018429481e+00 1.034243883471742897e+01 1.843067539501823759e+01
1.861116804853462536e+00 1.030660910208962378e+01 1.685012841507583303e+01
1.875304780496421131e+00 1.027096355296780494e+01 1.540423191212035370e+01
1.888750168485204828e+00 1.023330399873543683e+01 1.407839316921829820e+01
1.901708960220919176e+00 1.019603524735668287e+01 1.284463465209855215e+01
