2.191799393465098389e-01 1.550982308316407554e+01 3.683535669800713658e+06
2.278966637401919348e-01 1.517625159630385312e+01 3.054388379654123913e+06
2.370110287204751087e-01 1.487892416584177546e+01 2.521566365627219900e+06
2.465431941922821557e-01 1.460945272627806624e+01 2.093388427494918462e+06
2.564888934985233848e-01 1.435446713716320488e+01 1.729712499300775118e+06
2.668686774336929690e-01 1.415369382224129424e+01 1.428448685131539823e+06
2.776931586298294063e-01 1.394012353105454238e+01 1.183937377974289469e+06
2.889729475127257308e-01 1.372262673185909954e+01 9.833819258576770080e+05
3.007142085006539456e-01 1.355365861786492765e+01 8.157027754635582678e+05
3.129212238883963826e-01 1.338217598834525290e+01 6.745994219595640898e+05
3.256363252903867189e-01 1.324361868391136277e+01 5.590190447863297304e+05
3.387922309435403290e-01 1.310144610094505602e+01 4.650231033169366419e+05
3.524819713186287395e-01 1.297641225760690808e+01 3.814072895984722418e+05
3.666622177118288306e-01 1.286667862215171176e+01 3.199865960188949248e+05
3.813835508226210425e-01 1.276043359505643870e+01 2.661084065565284109e+05
3.965970181541721984e-01 1.266708672034089567e+01 2.210125151714872045e+05
4.123280139206586536e-01 1.257676796949581366e+01 1.837311944563139696e+05
4.286066354750084351e-01 1.249791192316350319e+01 1.526543295798113395e+05
4.454182769150119570e-01 1.242375472382189372e+01 1.271512124873682915e+05
4.627644863206446524e-01 1.235498281039135371e+01 1.060993512064365059e+05
4.806054495182520703e-01 1.229286465806069018e+01 8.829470354324221262e+04
4.990097571611488148e-01 1.223549898459019047e+01 7.376214450407364347e+04
5.179331890539009553e-01 1.218483854673431743e+01 6.162255252978392673e+04
5.373879339149391088e-01 1.213501464690865461e+01 5.143445619607751723e+04
5.573696316876621815e-01 1.209204446939526001e+01 4.307893245904755167e+04
5.778346052206250194e-01 1.204962157752599694e+01 3.605453137720451923e+04
5.977922475750239162e-01 1.200977112386620860e+01 3.033630539822977153e+04
6.160073845855704722e-01 1.197683125227537460e+01 2.613874885650865326e+04
6.330722700319911800e-01 1.193721096145205252e+01 2.268072435931903601e+04
6.494158978777999636e-01 1.190435290113990519e+01 1.953945470396328892e+04
6.653053524954679609e-01 1.186471591738580500e+01 1.726277960719472685e+04
6.809706968147923867e-01 1.182333241155106940e+01 1.512363704527399932e+04
6.965810497699543857e-01 1.178164531973430762e+01 1.326172248516147374e+04
7.122745700862950224e-01 1.173836007187103370e+01 1.162476537766163892e+04
7.281527498638549201e-01 1.169411709153421164e+01 1.016454440278243237e+04
7.443168579842113219e-01 1.164743389930841744e+01 8.886261948858484175e+03
7.608470404259560782e-01 1.160234757638429315e+01 7.751464839837700310e+03
7.778101595419328884e-01 1.155336690924188758e+01 6.761396172960265176e+03
7.952552718507123197e-01 1.150506504859177603e+01 5.872686317562307522e+03
8.132476645965409645e-01 1.145725795113140144e+01 5.093586217879243122e+03
8.318113674823496284e-01 1.140778579241577262e+01 4.411137943871086463e+03
8.509958400135801959e-01 1.136242834158575477e+01 3.814463459159918330e+03
8.708087287653899500e-01 1.130961601746083112e+01 3.286720550097395517e+03
8.913868151541156637e-01 1.126168282083501815e+01 2.806906272466410428e+03
9.129971567756390849e-01 1.121309488466986615e+01 2.405000539817254321e+03
9.357008953396519502e-01 1.116608874815555730e+01 2.069431606217284298e+03
9.594674564028806696e-01 1.111916031111202052e+01 1.763928461671556079e+03
9.843355701745550856e-01 1.108043385789728319e+01 1.494199302778506535e+03
1.010257112915684763e+00 1.103220893280712467e+01 1.265874497727191965e+03
1.037228653680980273e+00 1.099190318671600330e+01 1.070730166211181086e+03
1.065199454416396296e+00 1.095078703647024021e+01 9.033772613399470401e+02
1.094123078169281005e+00 1.091386773713545821e+01 7.560026553105599305e+02
1.123991055924261406e+00 1.087786056492963560e+01 6.412417678952970164e+02
1.154701001440123775e+00 1.084643845603556933e+01 5.401998992575681768e+02
1.186211424088201127e+00 1.081220092436641877e+01 4.544637315463571667e+02
1.218445210308395588e+00 1.078027927069529390e+01 3.824292072074583189e+02
1.251335323543633082e+00 1.075252702355291845e+01 3.203911833849713844e+02
1.284841205220867533e+00 1.072524088765146111e+01 2.712651834501198778e+02
1.318844853907220394e+00 1.069754525364594677e+01 2.284579432093437390e+02
1.353270427816746668e+00 1.067236598028852690e+01 1.930754058415227803e+02
1.388020943843472965e+00 1.064863565826596847e+01 1.632749064384126996e+02
1.423063389188763850e+00 1.062598358005087640e+01 1.373616248172963594e+02
1.458254254676456529e+00 1.060358442985070404e+01 1.168075063012848744e+02
1.492966699861321356e+00 1.058026468869618775e+01 9.955792175114602571e+01
1.525267263098683435e+00 1.055846295523642553e+01 8.543514432175385309e+01
1.555026437293389074e+00 1.053453029624157899e+01 7.417149033238497680e+01
1.582422914484500120e+00 1.050889051551074793e+01 6.487156035534452769e+01
1.607615139030680318e+00 1.048039119913135764e+01 5.709396902356522219e+01
1.630748565160397900e+00 1.044912124178440394e+01 5.038121056733980652e+01
1.651987480907566974e+00 1.041521890891110225e+01 4.487079521226338130e+01
1.671364963286582794e+00 1.037843149421600764e+01 4.027213860672254953e+01
1.689074838033057580e+00 1.033938835570008941e+01 3.619796803425365539e+01
1.705200060929868977e+00 1.029801425368843404e+01 3.262292877730886431e+01
1.719819591577650852e+00 1.025494917097168113e+01 2.950127851813223856e+01
1.733006644061887425e+00 1.020842921887112809e+01 2.679023432761221102e+01
1.744875735994879662e+00 1.016033783358919251e+01 2.428066154369507501e+01
1.755515840186552934e+00 1.011001878046839408e+01 2.215351871317952615e+01
1.764801710481039398e+00 1.005788780506400393e+01 2.027717752751382463e+01
1.773016744263085531e+00 1.000415694772678243e+01 1.856566977659207396e+01
1.780115863151736866e+00 9.949460473380588255e+00 1.705774051459922447e+01
1.786171581236102313e+00 9.892516334953963764e+00 1.570657273277166510e+01
1.791214979158317844e+00 9.834557032387968079e+00 1.449929579803737312e+01
1.795293781977806313e+00 9.775269156708262130e+00 1.341507837513894152e+01
1.798462625692635930e+00 9.714720707014512513e+00 1.240603238169388511e+01
1.800749985363738981e+00 9.653228876915886048e+00 1.155054114401033338e+01
1.802212341552632102e+00 9.591209572437296771e+00 1.069876568801427474e+01
1.802856114507293439e+00 9.527994012831261017e+00 9.971798084940592943e+00
1.802741959475830269e+00 9.464714991049246962e+00 9.304681630165658746e+00
1.801884661011428967e+00 9.399724314682796233e+00 8.697160013929108757e+00
1.800483798211383490e+00 9.335291244813248568e+00 8.135258523185777690e+00
1.798092000609011754e+00 9.269912348516616163e+00 7.630802060936420439e+00
1.795221335540871710e+00 9.203970882214344229e+00 7.169745945977189727e+00
1.791726574634260327e+00 9.138137168937712218e+00 6.751193827958082316e+00
1.787830484880876591e+00 9.073319197514290835e+00 6.358853090874948322e+00
1.783053279854063478e+00 9.006804622850308917e+00 6.003469594772963269e+00
1.777903438007789827e+00 8.940696919806660148e+00 5.683552806807353086e+00
1.772250970116463265e+00 8.875139544139093672e+00 5.380727945949154822e+00
1.766270873094315963e+00 8.810076121202788713e+00 5.111150336897771318e+00
1.759568835043289869e+00 8.743611026845607981e+00 4.853604020165476207e+00
1.752558700675996173e+00 8.678013185116757455e+00 4.640339797730870686e+00
