2.191799393465098389e-01 1.550982308316407554e+01 3.683535669800713658e+06
2.250409695275631949e-01 1.528202033543573712e+01 3.240737972827571444e+06
2.310678321657866907e-01 1.507836576020818597e+01 2.867376881908277515e+06
2.373113353522375291e-01 1.488374973776130616e+01 2.520789762499018107e+06
2.437100523498131888e-01 1.468243031200065651e+01 2.213694613238488324e+06
2.503060817583047104e-01 1.450115740657710539e+01 1.943502959950410528e+06
2.571013857432604688e-01 1.434462933445798072e+01 1.712890028937062714e+06
2.640948973268814615e-01 1.418282284389730208e+01 1.502161889125671238e+06
2.712909245821872317e-01 1.404342831545552173e+01 1.322411064561541425e+06
2.786925840084625294e-01 1.390024083937396249e+01 1.167473073919205228e+06
2.863038776937879004e-01 1.376025629739254441e+01 1.026471852610999136e+06
2.941238367102425033e-01 1.364641646447872603e+01 9.027840330750352005e+05
3.021517963749064117e-01 1.352745074952425597e+01 7.951831351546765072e+05
3.104024194193514274e-01 1.341503197231846833e+01 7.012248702946356498e+05
3.188720205168515398e-01 1.331740873332166331e+01 6.169597564317865763e+05
3.275718866857341705e-01 1.322280343722179730e+01 5.393527315881877439e+05
3.364835347844124525e-01 1.312774539901753812e+01 4.749981613656745176e+05
3.456229502236248252e-01 1.304001365642320565e+01 4.229348771965275519e+05
3.550065602148356203e-01 1.295580768451611675e+01 3.729775335465676617e+05
3.646218739975332079e-01 1.288005850501492056e+01 3.286693733084694832e+05
3.744482383619919252e-01 1.280904919414478726e+01 2.895492413768224069e+05
3.845348720404618281e-01 1.273926692803224725e+01 2.555132657056208409e+05
3.948506785452124968e-01 1.267704661019917900e+01 2.251612601033550163e+05
4.054077128095692206e-01 1.261658535196137265e+01 1.988292439744062431e+05
4.161985048419272748e-01 1.255827032621656514e+01 1.754495373949992936e+05
4.272459910754787260e-01 1.250268776690868400e+01 1.551861783436843543e+05
4.385188860330722083e-01 1.245185859545631502e+01 1.370002711700398941e+05
4.500651089442893049e-01 1.240462966448355431e+01 1.209484188875022519e+05
4.618419869420454793e-01 1.235858876705470344e+01 1.069408131448106142e+05
4.738480811952273664e-01 1.231607358194526469e+01 9.454843341225139739e+04
4.860952329080118206e-01 1.227521080082766325e+01 8.369366926817371859e+04
4.985912495783034193e-01 1.223657248937499276e+01 7.396950290374137694e+04
5.113305780415838830e-01 1.220022857949979667e+01 6.552994070858710620e+04
5.243134893466392388e-01 1.216714499482914746e+01 5.805740702992762817e+04
5.375390484762901933e-01 1.213669122705868553e+01 5.137365409480411472e+04
5.510054853056568502e-01 1.210543730918923799e+01 4.556013585913671704e+04
5.647141636033548018e-01 1.207383322977604934e+01 4.033189579988877085e+04
5.786255020418801243e-01 1.204794369483991012e+01 3.548197243556340982e+04
5.925862725959148980e-01 1.202150503245156443e+01 3.182736404038991532e+04
6.063926492281562775e-01 1.199658388025027911e+01 2.836836652418057201e+04
6.200616313534650370e-01 1.197406944270854368e+01 2.534503420035961608e+04
6.337580820456008013e-01 1.195613001390277930e+01 2.267034143801097161e+04
6.475456543548401278e-01 1.192721382926458240e+01 2.032851279950074604e+04
6.614683880736907939e-01 1.190487056727248749e+01 1.821482696364284493e+04
6.755874984662975091e-01 1.188117877819605539e+01 1.632032661246408861e+04
6.899478562802212611e-01 1.186093302379399894e+01 1.459822282553126206e+04
7.046392012578768238e-01 1.183826776176977980e+01 1.306329590951139835e+04
7.195578422125001872e-01 1.181745781109053084e+01 1.169921267297687518e+04
7.348681829129530829e-01 1.179691460494614219e+01 1.037822603578763847e+04
7.506435358621620368e-01 1.177659792696158725e+01 9.345658157685753395e+03
7.666401289340625258e-01 1.175709321289929576e+01 8.345514719493243319e+03
7.831533712957670090e-01 1.173833629997415962e+01 7.436637220286119373e+03
8.000937549213161804e-01 1.171921781236692617e+01 6.634805315278828857e+03
8.174926018478964052e-01 1.170162585479360473e+01 5.899500949623564338e+03
8.353726168660696727e-01 1.168639552554896532e+01 5.246394951777623646e+03
8.537987143664218515e-01 1.167044969538637034e+01 4.656932981409255262e+03
8.725830375498868641e-01 1.165367619669590304e+01 4.136571030513764526e+03
8.919475241786144482e-01 1.164055756116141005e+01 3.642823424353090559e+03
9.118161451908664006e-01 1.162594997621141424e+01 3.256672939178272827e+03
9.322018171013091159e-01 1.161428779615286189e+01 2.883638152929426269e+03
9.531116282123585082e-01 1.160199225925954458e+01 2.554838795967375972e+03
9.745317704175898710e-01 1.159085522647845856e+01 2.261798937393779397e+03
9.964796685403430887e-01 1.158147891478465397e+01 2.001680106431120294e+03
1.018949753372984990e+00 1.157011093161929693e+01 1.761172890458702113e+03
1.041929719075345595e+00 1.156800952528537074e+01 1.565924446065948587e+03
1.065428516230849221e+00 1.155502734781306984e+01 1.380780911579911617e+03
1.089427503818520160e+00 1.154944246742222802e+01 1.221856738918547762e+03
1.113915518901624768e+00 1.154394851906676855e+01 1.079682410670131731e+03
1.138762432608699138e+00 1.154184501524803608e+01 9.538293356670226331e+02
1.163737762278611143e+00 1.153502901919671153e+01 8.440616605746997720e+02
1.188830780912832452e+00 1.153005139208926799e+01 7.485207675384349386e+02
1.214079669847452747e+00 1.152667283856310476e+01 6.634639145192978731e+02
1.239379939239472872e+00 1.152356197298647977e+01 5.901505513389546422e+02
1.264794438473464844e+00 1.152299836301854974e+01 5.244232587597811062e+02
1.290314326680819468e+00 1.151812415799154898e+01 4.642657432645758604e+02
1.315882654148894382e+00 1.151265429683826014e+01 4.132163513521828122e+02
1.341545263522126108e+00 1.150948197251419280e+01 3.704622754940662048e+02
1.367274224052125842e+00 1.150503078303590243e+01 3.303596383929433955e+02
1.393031626172379855e+00 1.150073843577615662e+01 2.950922649961581214e+02
1.418790571606119766e+00 1.149747429675879751e+01 2.636480842643358642e+02
1.444606376402722603e+00 1.149519083830716148e+01 2.357630756800389520e+02
1.470396083470426607e+00 1.148782562507619964e+01 2.110997825481055941e+02
1.496174033002199089e+00 1.148290917688932211e+01 1.891598258118728495e+02
1.521922540236328114e+00 1.147660531693116148e+01 1.695229901559305006e+02
1.547635359143588074e+00 1.147144472874429511e+01 1.520976587934403881e+02
1.573229299383957835e+00 1.146521962156670682e+01 1.365968055136111730e+02
1.598760092780116437e+00 1.145778359048552275e+01 1.222005533054615114e+02
1.624213565704780260e+00 1.145219105410880367e+01 1.102760233875620912e+02
1.649462168391365724e+00 1.144337123775816600e+01 9.924561061805044915e+01
1.674621564417345221e+00 1.143508230765822198e+01 8.952645200407950199e+01
1.699564910801160122e+00 1.142660497753871596e+01 8.045964720285549276e+01
1.724344675459059451e+00 1.141738858536622558e+01 7.280703411934665326e+01
1.748920832846268425e+00 1.140799526448835799e+01 6.551051593260051220e+01
1.773236464096415776e+00 1.139796798324847771e+01 5.941126243630247927e+01
1.797418600284529377e+00 1.138775751572577022e+01 5.367665394110097310e+01
1.821127566425929878e+00 1.137541580871023861e+01 4.860481371054850541e+01
1.844646533621399298e+00 1.136434561878408367e+01 4.409566144571682855e+01
1.867866354600402179e+00 1.135159946081400761e+01 3.998561502467474327e+01
1.890736527305117765e+00 1.133887543377985807e+01 3.629467629174071419e+01
1.913261081725037949e+00 1.132495463717585160e+01 3.303366827917212589e+01
