2.191799393465098389e-01 1.550982308316407554e+01 3.683535669800713658e+06
2.249952870097109148e-01 1.528280079164141370e+01 3.240719394056914840e+06
2.309729274278803646e-01 1.506717694139249986e+01 2.856335502356515732e+06
2.371440484849879904e-01 1.487200252764530362e+01 2.511686773229477461e+06
2.435082327331629382e-01 1.468900747817930608e+01 2.212020702035553753e+06
2.500459423438242679e-01 1.451160174310997597e+01 1.951413738168921787e+06
2.567797932355432855e-01 1.434377879745145457e+01 1.720487677445717622e+06
2.637087588355578327e-01 1.419042164422594254e+01 1.512534453853534767e+06
2.708369677743817094e-01 1.404910502309195230e+01 1.336861504669070477e+06
2.781678585990121078e-01 1.391038454704058758e+01 1.175275225296337157e+06
2.857054844046356123e-01 1.377833490039096098e+01 1.038058120548551437e+06
2.934613252513594839e-01 1.365196812454743558e+01 9.146866570351812989e+05
3.014061841893200255e-01 1.353918345190577099e+01 8.059514747477826895e+05
3.095600643404786689e-01 1.342985712088878536e+01 7.108375256251500687e+05
3.179467602900463152e-01 1.333388498153244583e+01 6.252057979954940965e+05
3.265379155003853562e-01 1.323586890878943301e+01 5.518844555819856469e+05
3.353581517890576458e-01 1.313740957209125071e+01 4.870443191939030075e+05
3.444012162968956292e-01 1.305087791227699157e+01 4.302898710827026516e+05
3.536732110346845204e-01 1.296999669881015471e+01 3.794925669566688593e+05
3.631821038525409051e-01 1.289294663977077171e+01 3.344904053816747037e+05
3.729021072645510304e-01 1.281805626484899285e+01 2.952469532435979345e+05
3.828788179872895658e-01 1.275003940425674465e+01 2.609679588519858371e+05
3.930653650266929811e-01 1.268511297916883684e+01 2.304366396677384910e+05
4.034987663695455140e-01 1.262640634199144074e+01 2.033842791188748670e+05
4.141688619172029795e-01 1.256799462222338803e+01 1.780189551610030176e+05
4.250946066592354300e-01 1.251083948267201862e+01 1.590131367014174757e+05
4.362324678185038884e-01 1.246371322884302124e+01 1.403689240971519321e+05
4.476221989712229066e-01 1.241480344800253022e+01 1.241915688056239596e+05
4.592631121102779823e-01 1.237171818987373051e+01 1.099866272760749562e+05
4.711299553733725998e-01 1.232646882370274355e+01 9.620987557261387701e+04
4.832056588902638450e-01 1.228613683878880281e+01 8.616489953234359564e+04
4.955598624422032361e-01 1.224661352391216163e+01 7.632065927331740386e+04
5.081387806246739913e-01 1.221010380251862237e+01 6.759890485729771899e+04
5.209602962387653857e-01 1.217760751635620231e+01 5.987493383559156064e+04
5.340206706170239626e-01 1.214387262757681185e+01 5.310005375472290325e+04
5.473179809968057308e-01 1.211132853130387055e+01 4.702102051193142688e+04
5.608537382630101042e-01 1.208265977100201205e+01 4.176778706766134565e+04
5.745903971075966288e-01 1.205420684898230732e+01 3.706011910989574244e+04
5.885145171300594225e-01 1.202954625196288774e+01 3.292492913717711053e+04
6.023100600147948125e-01 1.200323653306304372e+01 2.936522596028707267e+04
6.160683871927036259e-01 1.197751911479971199e+01 2.624342313837007532e+04
6.298791586068209769e-01 1.195752734061459144e+01 2.344419971211777374e+04
6.437852955796946608e-01 1.193543540024586314e+01 2.099027694840348340e+04
6.579107886951442996e-01 1.191083112547560141e+01 1.876667610649293420e+04
6.722165121298909751e-01 1.189143620366917453e+01 1.677553025797316150e+04
6.868139718761084866e-01 1.186916118875091364e+01 1.486476330663974477e+04
7.017747182205490430e-01 1.184849524250734554e+01 1.342366874070058475e+04
7.169883551880551487e-01 1.182530080856592924e+01 1.200814912785868182e+04
7.326933361352089280e-01 1.180893729000845838e+01 1.068724452140942412e+04
7.486847346043878915e-01 1.179021634168999100e+01 9.542783104508942415e+03
7.651272112477726095e-01 1.176976544142561032e+01 8.503262331064417594e+03
7.820276670080157366e-01 1.175355154371080779e+01 7.570114174666054168e+03
7.994071754945683006e-01 1.173666350576575645e+01 6.742314257264983098e+03
8.172683947932045667e-01 1.172182982851401789e+01 5.992989778408972597e+03
8.356301328554784913e-01 1.170618221763861833e+01 5.318301290304079885e+03
8.544910460898448301e-01 1.169241171122795109e+01 4.716458353895329310e+03
8.738788946672698676e-01 1.168010409265727922e+01 4.184933839188394813e+03
8.938055839915426404e-01 1.166678854360442408e+01 3.709779911339634964e+03
9.141529482182212396e-01 1.165380356846528898e+01 3.282026788536459208e+03
9.347308090000523428e-01 1.164458240960616209e+01 2.910274567167328314e+03
9.554393480968056407e-01 1.163525296466718295e+01 2.584189547227286312e+03
9.763883606838784646e-01 1.162691794505651544e+01 2.296968070065373922e+03
9.975492498226212756e-01 1.161741426139654187e+01 2.041694576011346953e+03
1.018902377555859218e+00 1.160924978784492367e+01 1.817252324397813709e+03
1.040496966072205209e+00 1.160099718861089180e+01 1.617007963311132244e+03
1.062316805216031002e+00 1.159228143446861914e+01 1.439593191426047952e+03
1.084342004100687262e+00 1.158513898137449694e+01 1.282612877563661868e+03
1.106600134675436831e+00 1.157751380437823308e+01 1.144076768877835548e+03
1.129089135403141597e+00 1.157056122692304179e+01 1.020389944768714713e+03
1.151781316890617246e+00 1.156304447661970158e+01 9.032723149027874570e+02
1.174705317873341315e+00 1.155615184180701505e+01 8.068192237440702002e+02
1.197847592342646150e+00 1.154833341972683236e+01 7.240720303303658056e+02
1.221188768223637533e+00 1.154108798298362792e+01 6.421362167189977299e+02
1.244697427875140372e+00 1.153762646795710012e+01 5.772439245440714330e+02
1.268419443003483638e+00 1.152812434081184279e+01 5.161008051682380255e+02
1.292316484915696506e+00 1.152143412605231809e+01 4.586748678897031937e+02
1.316355146972763013e+00 1.151326139588807784e+01 4.126383204389810544e+02
1.340544318245147304e+00 1.150863763669516970e+01 3.692223528832095667e+02
1.364881525376320015e+00 1.150137133859882077e+01 3.303662564725018456e+02
1.389344733240160501e+00 1.149154974377445626e+01 2.957941450612115659e+02
1.413891533631504549e+00 1.148629546799051049e+01 2.634981831531293892e+02
1.438604022051074072e+00 1.147696457027777051e+01 2.361033183387902739e+02
1.463213967816148209e+00 1.146806303524692972e+01 2.130990243445812098e+02
1.487974631995524266e+00 1.146084658590086214e+01 1.911424779326111150e+02
1.512750480542042864e+00 1.145242114705272662e+01 1.716168085434869965e+02
1.537535117144983809e+00 1.144341271501709123e+01 1.541042492045457095e+02
1.562390906825225967e+00 1.143434103972583316e+01 1.386041058398108419e+02
1.587061610861803418e+00 1.142750181656484187e+01 1.245867171160881242e+02
1.611746096098458869e+00 1.141618092397265904e+01 1.120792314914976373e+02
1.636370581974459171e+00 1.140638213425093994e+01 1.008170671652374892e+02
1.660884769113436965e+00 1.139643709496238699e+01 9.105144047633118021e+01
1.685274482800994011e+00 1.138580319114833017e+01 8.207885253454142571e+01
1.709530366992248807e+00 1.137593355448093391e+01 7.412928026042551721e+01
1.733620588328300682e+00 1.136391746594662244e+01 6.664383700742466488e+01
1.757585895776823559e+00 1.135280753311133140e+01 6.049726169191262670e+01
1.781298159111264878e+00 1.134084160657745777e+01 5.466179976383727279e+01
1.804692768331134012e+00 1.132787552090586836e+01 4.957786776894898395e+01
1.827916990561277100e+00 1.131515459481116714e+01 4.490084481390955773e+01
1.850855518948180123e+00 1.130209772598864504e+01 4.056732506248803816e+01
1.873511355023753877e+00 1.128810010777340977e+01 3.697196658938453595e+01
