2.191799393465098389e-01 1.550982308316407554e+01 3.683535669800713658e+06
2.259718346804294453e-01 1.525377890109007772e+01 3.190325210803374648e+06
2.330047180259301465e-01 1.500216156576873949e+01 2.732503557575364597e+06
2.402870397700201388e-01 1.478694063963773608e+01 2.365382226210684516e+06
2.478202947203927420e-01 1.457476603944152593e+01 2.033313146120983176e+06
2.556125566400897497e-01 1.437178143539861885e+01 1.760162324629118433e+06
2.636692289448222537e-01 1.419479259409346561e+01 1.517139621736863162e+06
2.719979534556781764e-01 1.402079757181131825e+01 1.306713256678384030e+06
2.806010022656992842e-01 1.386658168758281384e+01 1.127524104526714887e+06
2.894859809312030352e-01 1.371357759756065064e+01 9.733851615242969710e+05
2.986644672191157701e-01 1.357694124312006956e+01 8.398147519107403932e+05
3.081103786274664857e-01 1.344407061507858003e+01 7.254798663925756700e+05
3.178523035627633386e-01 1.332630867116568929e+01 6.266713163103957195e+05
3.278956373788986522e-01 1.321213931024266586e+01 5.385780106717328308e+05
3.382301653914897566e-01 1.311164321607936500e+01 4.676442446589345927e+05
3.488796558576030549e-01 1.300993629279186159e+01 4.041943421661161119e+05
3.598648640105583940e-01 1.291822917027317885e+01 3.492242782321038540e+05
3.711095529300788010e-01 1.283662783982515343e+01 3.022712603412526078e+05
3.827116580379683608e-01 1.275098511184333994e+01 2.609971337024685345e+05
3.946085188049798242e-01 1.267225846555960445e+01 2.257674352460376103e+05
4.068334068243593116e-01 1.260702905044857935e+01 1.957269614556780725e+05
4.193880745221153505e-01 1.254228306292235651e+01 1.679293054377912486e+05
4.322531381935099115e-01 1.248149711296885833e+01 1.466402492468785495e+05
4.454618164738292641e-01 1.242145656728902736e+01 1.270957623727978935e+05
4.590025266504459966e-01 1.236968842571591409e+01 1.103347454477693536e+05
4.728412399331707316e-01 1.232028154210553517e+01 9.557877299545289134e+04
4.870267687052441952e-01 1.227216516517901645e+01 8.296613965386149357e+04
5.015030033506520102e-01 1.222749824726899881e+01 7.195335194066504482e+04
5.163257968085934735e-01 1.218876013043177764e+01 6.257052727452955151e+04
5.314739499771883313e-01 1.215021547791048917e+01 5.437189710626476153e+04
5.469447772051463375e-01 1.211412126733795169e+01 4.722242951051443379e+04
5.627393000374073528e-01 1.208018634097623867e+01 4.105345994324562344e+04
5.788180764582223636e-01 1.204864683845875462e+01 3.538961030016304721e+04
5.950779901364685598e-01 1.201647072312382036e+01 3.116534245072109843e+04
6.112887877609390896e-01 1.198781827056211391e+01 2.727259015899481892e+04
6.276934377266679688e-01 1.196230376391784844e+01 2.386431358042791180e+04
6.442548102760838891e-01 1.193439486523337223e+01 2.092739759397497255e+04
6.611980993723510780e-01 1.191069898524761328e+01 1.833630647405802665e+04
6.785648790143710141e-01 1.188499783533842269e+01 1.604361101416712518e+04
6.964130467968167038e-01 1.186248636950168667e+01 1.402075497196397191e+04
7.147125585248129687e-01 1.183786138714309644e+01 1.229624477529778778e+04
7.336337291612132772e-01 1.181756398266947627e+01 1.071926527704336513e+04
7.531746372628457253e-01 1.179610829136545291e+01 9.336293090471976029e+03
7.733533753236312425e-01 1.177822569248601781e+01 8.125388027254554800e+03
7.942583830968784619e-01 1.175920189263267979e+01 7.068388962754113891e+03
8.158142169293033374e-01 1.174682032348388105e+01 6.148972960631181195e+03
8.381303643922733970e-01 1.173067082066260269e+01 5.329383813132761134e+03
8.612053599189967157e-01 1.171654773644394432e+01 4.615360767627312271e+03
8.850474674382556861e-01 1.170461650134156883e+01 3.997190080680644314e+03
9.096789605234004705e-01 1.169423257626486290e+01 3.458848940902130380e+03
9.351014544377806992e-01 1.168551950317240617e+01 2.987625696354858974e+03
9.613214363488780112e-01 1.167724467903902408e+01 2.579510167552632538e+03
9.883352741883891790e-01 1.167326050733091769e+01 2.226771185906015035e+03
1.016140125354201729e+00 1.166821053405025488e+01 1.920565129645603065e+03
1.044750141200080362e+00 1.166527899196004014e+01 1.655818238899517610e+03
1.074029665646606402e+00 1.166414559065549028e+01 1.427786023702091143e+03
1.102902990521661630e+00 1.166276730394063854e+01 1.237753138730271985e+03
1.131160381374621826e+00 1.166184576120446081e+01 1.078309170430289896e+03
1.158859667751475087e+00 1.166088403971041743e+01 9.426674004071282980e+02
1.186031732645885794e+00 1.165845720239695638e+01 8.280963901232958051e+02
1.212748400862666553e+00 1.165453043530994925e+01 7.290475760607304210e+02
1.239024559821041427e+00 1.165055987175618846e+01 6.435058802958894830e+02
1.264928964399684608e+00 1.164250859761576429e+01 5.696812463066306691e+02
1.290430257678939929e+00 1.163480429135258198e+01 5.053286814945036554e+02
1.315573153012839613e+00 1.163024576442924918e+01 4.489084126859081607e+02
1.340390844656355052e+00 1.161779650180218226e+01 3.992634819852179930e+02
1.364870384305303830e+00 1.160546494626557745e+01 3.560413291091746260e+02
1.389025021215079869e+00 1.159607789770150177e+01 3.176885078874822170e+02
1.412885073799223123e+00 1.158206466621146724e+01 2.837792825575337474e+02
1.436446368419399988e+00 1.156450459159560396e+01 2.539952626659719499e+02
1.459704089656135295e+00 1.155041657953632495e+01 2.273303362314723586e+02
1.482670708880855504e+00 1.152997064346891065e+01 2.037400325502912324e+02
1.505333487800986747e+00 1.151092895123809612e+01 1.818628665320604512e+02
1.527689534812866956e+00 1.149215158341232979e+01 1.642768256998342338e+02
1.549737822703727730e+00 1.146969963548550631e+01 1.477458327203763417e+02
1.571473922144356550e+00 1.144918195421771401e+01 1.328184719095405342e+02
1.592886960022382725e+00 1.142480031187844780e+01 1.196908877985229935e+02
1.614103008794729233e+00 1.140055562764788277e+01 1.076895123967484977e+02
1.634716884178065932e+00 1.137432426894646120e+01 9.724088627406889884e+01
1.655111863293311059e+00 1.134811426922929378e+01 8.760622551860782892e+01
1.675149683606545592e+00 1.132128934745936277e+01 7.935762124313536958e+01
1.694955423475396961e+00 1.129219098406731980e+01 7.173603892076242516e+01
1.714092624668940967e+00 1.126237520076650611e+01 6.496523629999514071e+01
1.732976169625190188e+00 1.123197957508530997e+01 5.878822395980764526e+01
1.751452677554615311e+00 1.120033808366697770e+01 5.332244683983380185e+01
1.769509667890683424e+00 1.116845983038902013e+01 4.838579737064920039e+01
1.787129233778604664e+00 1.113504039854016270e+01 4.378739050486544926e+01
1.804314596285614636e+00 1.110193661321074288e+01 3.995996505821454292e+01
1.821200838226928020e+00 1.106766661978523025e+01 3.629085083504239861e+01
1.837295840104283373e+00 1.103150316633841221e+01 3.302145272020942457e+01
1.853080290190357582e+00 1.099464495720019563e+01 3.020607437885869473e+01
1.868402657736811801e+00 1.095837855528462867e+01 2.755092839558007611e+01
1.883337294142942042e+00 1.092095654882195177e+01 2.517627621810817828e+01
1.897868226782563061e+00 1.088261953791112369e+01 2.299018489165591461e+01
1.911991927709739914e+00 1.084420839109451684e+01 2.102592558485564567e+01
1.925685615988512289e+00 1.080447508958389768e+01 1.923712358354958596e+01
1.938933169087447395e+00 1.076434168091502741e+01 1.761655126498934365e+01
1.951692386605417662e+00 1.072306723834423359e+01 1.610468736664012113e+01
1.964033222185787242e+00 1.068321384607781255e+01 1.482074228622150791e+01
1.975843878562506761e+00 1.064154792687367923e+01 1.357334283847820977e+01
