2.191799393465098389e-01 1.550982308316407554e+01 3.683535669800713658e+06
2.251216469486768679e-01 1.528699907610762665e+01 3.239819121861020569e+06
2.312392532589950256e-01 1.506150069642723643e+01 2.836056911574064288e+06
2.375572902728279034e-01 1.487517442534309353e+01 2.505613994669841137e+06
2.440718686721647379e-01 1.467183880977774812e+01 2.187636263410402462e+06
2.507727072451265693e-01 1.451774732038708393e+01 1.943611301694739144e+06
2.576780216088195297e-01 1.432461540191135896e+01 1.692316067596314708e+06
2.647880155370340161e-01 1.416650484167869806e+01 1.483453583818964893e+06
2.721058413184387903e-01 1.401940341177686378e+01 1.305110558399797184e+06
2.796351510603797275e-01 1.388142465170001039e+01 1.147383340181041742e+06
2.873810367018975742e-01 1.374733780195483845e+01 1.008095256753946189e+06
2.953340261369565845e-01 1.362085056348092849e+01 8.865134829078995390e+05
3.035142665437540743e-01 1.350602464450203577e+01 7.781564654689915478e+05
3.119345153019423278e-01 1.339735440223093832e+01 6.837643228779491037e+05
3.205695333955494442e-01 1.329315505145978271e+01 6.014680810626996681e+05
3.294107128383695904e-01 1.320301162884921453e+01 5.293821284524658695e+05
3.384971188869658754e-01 1.310843301537280325e+01 4.658670181204301189e+05
3.478234686758239214e-01 1.301786907653720959e+01 4.107508073890674277e+05
3.573964863772500222e-01 1.293663443493222331e+01 3.610016310474377824e+05
3.671879741048030277e-01 1.286464926127916719e+01 3.174053876499473117e+05
3.772365164157548412e-01 1.278888585943559164e+01 2.797481164218696649e+05
3.875235128453876077e-01 1.271922681012659240e+01 2.461576121485549374e+05
3.980627229856998350e-01 1.265749516045082679e+01 2.167750497301946452e+05
4.088432928021837331e-01 1.259751444716552804e+01 1.910932030519832624e+05
4.198611988822156249e-01 1.253763070796002488e+01 1.685390974376437953e+05
4.311433875994670206e-01 1.248293616661167604e+01 1.488436304037722875e+05
4.426688202516614323e-01 1.243353132384611115e+01 1.311268986100799521e+05
4.544504740045253177e-01 1.238918227441394926e+01 1.155426403976309375e+05
4.664962864571110535e-01 1.234381837705428886e+01 1.021356699318585888e+05
4.787728995625847306e-01 1.229900225895732291e+01 9.005446343296334089e+04
4.912968904193090180e-01 1.226016064307856013e+01 7.943300833115077694e+04
5.040637873816860015e-01 1.222258572569710999e+01 7.028120066063702689e+04
5.170995247520557836e-01 1.218695192965060414e+01 6.148044491616748564e+04
5.303656174774924459e-01 1.215203518726879395e+01 5.488564214138940588e+04
5.438893909103061919e-01 1.211899943096570631e+01 4.861593789519217535e+04
5.576610843336198275e-01 1.208987509793936610e+01 4.296350429679936497e+04
5.716518218803976481e-01 1.206360123373252868e+01 3.803269032529977267e+04
5.858605634830523767e-01 1.203350796775835185e+01 3.368875933378322225e+04
6.000157235525820365e-01 1.200887692090343073e+01 2.994048711726911279e+04
6.141785553635671357e-01 1.198315533609420136e+01 2.661213405212001089e+04
6.283406972070634255e-01 1.196136103511568649e+01 2.372359301014656739e+04
6.426695655461913681e-01 1.193697581105902650e+01 2.116747156092606383e+04
6.571752420937558847e-01 1.191507911983748436e+01 1.887306854480428592e+04
6.719653592957468558e-01 1.189312004485505980e+01 1.683483099195115574e+04
6.870576456484775996e-01 1.187043147140813559e+01 1.498706405463042756e+04
7.025273893483074961e-01 1.185009108790558052e+01 1.335665541780362037e+04
7.183808797269961577e-01 1.182838474996403377e+01 1.189061613548598871e+04
7.345487553504227440e-01 1.181051742674394056e+01 1.057593194636052795e+04
7.512191915270427511e-01 1.179163991929410571e+01 9.403401957193605995e+03
7.683529632262140474e-01 1.177065734769050209e+01 8.350026385142560684e+03
7.859707672922779942e-01 1.175640570104142313e+01 7.402955562969866151e+03
8.041018316936895394e-01 1.173821827620280445e+01 6.563565560822793486e+03
8.227537734322689644e-01 1.172531946245219459e+01 5.810138405928450993e+03
8.419479353691537993e-01 1.171072270138636817e+01 5.139409399326870698e+03
8.616749275569698385e-01 1.169672888045580805e+01 4.543872779072606136e+03
8.816246067855020296e-01 1.168688409773410442e+01 4.016792878965594809e+03
9.016923198917153881e-01 1.167422161246705592e+01 3.563053186713887953e+03
9.219029799662862290e-01 1.166262433424386380e+01 3.161189672197719119e+03
9.422833463982177582e-01 1.165301099596898915e+01 2.806806655836101072e+03
9.628415686864474354e-01 1.164139734958524208e+01 2.493879561248583741e+03
9.835853863689553167e-01 1.163221742325180053e+01 2.216120059760925869e+03
1.004529036214111049e+00 1.162103484998924330e+01 1.973134023057834838e+03
1.025691784920037541e+00 1.161113828874702136e+01 1.755187924533217483e+03
1.047036716376610777e+00 1.160153012731988120e+01 1.566066235168981621e+03
1.068619967785497726e+00 1.159361792621196585e+01 1.392555637386345325e+03
1.090616122947805744e+00 1.158340135873726595e+01 1.240348129645997460e+03
1.112410142218613673e+00 1.157442385638268689e+01 1.106837311119806145e+03
1.134636039725824386e+00 1.156371695167113067e+01 9.884011465804481986e+02
1.157091482512113245e+00 1.155483890091656107e+01 8.807082140163061013e+02
1.179724422026680042e+00 1.154565292765036766e+01 7.857324067161902121e+02
1.202575938428726010e+00 1.153698618325731928e+01 7.011473785101799194e+02
1.225614087282282050e+00 1.152769077669397291e+01 6.258806493565688243e+02
1.248853788149938415e+00 1.152136090570756544e+01 5.585353610417369055e+02
1.272257918198642868e+00 1.150916925101783583e+01 4.960806705404719423e+02
1.295830378956795093e+00 1.149958272635334922e+01 4.444578065908372082e+02
1.319551594071856515e+00 1.149014432838596811e+01 3.987516436842719827e+02
1.343427775881293362e+00 1.148104719092364689e+01 3.566924636661108821e+02
1.367402386269872538e+00 1.147017413182196144e+01 3.190937869342795921e+02
1.391496912424631471e+00 1.146067666428137954e+01 2.857088002440548848e+02
1.415688952845470361e+00 1.145042235515403029e+01 2.557398736734202771e+02
1.439937670529011227e+00 1.144021448724578249e+01 2.278803886065853703e+02
1.464256395871162519e+00 1.142956637145979393e+01 2.052762693789817092e+02
1.488678784872818239e+00 1.141910467360699144e+01 1.841643291950126127e+02
1.512967323310290713e+00 1.140790536869281446e+01 1.653479447937604618e+02
1.537318595374031593e+00 1.139565221061615041e+01 1.476908456961637626e+02
1.561649415361625826e+00 1.138538009030116527e+01 1.333086057921329370e+02
1.586003066122108063e+00 1.137336478951442764e+01 1.197896877302611216e+02
1.610145894971919178e+00 1.136098399554089156e+01 1.078881601721066943e+02
1.634262422935199188e+00 1.134868776741738650e+01 9.705333807192715767e+01
1.658335724814206991e+00 1.133557087606452107e+01 8.734665197330603803e+01
1.682261071059437230e+00 1.132255723950731330e+01 7.860342378934640806e+01
1.705851632896066672e+00 1.130820597460368582e+01 7.106487913835472625e+01
1.729366233792948737e+00 1.129413136906897464e+01 6.428505602491907212e+01
1.752682051491524007e+00 1.128099884790403529e+01 5.797139198156847328e+01
1.775808802592210744e+00 1.126501529575302030e+01 5.246717508665221175e+01
1.798671372803645641e+00 1.124998406997116440e+01 4.745745750928480078e+01
1.821195282444247443e+00 1.123389466508289480e+01 4.300513488471916901e+01
1.843472023294213002e+00 1.121788068268155847e+01 3.900689906615169633e+01
1.865442954798705921e+00 1.120100002394677929e+01 3.539234292896509970e+01
1.887083114250809768e+00 1.118431888067170021e+01 3.216261505328662906e+01
