2.191799393465098389e-01 1.550982308316407554e+01 3.683535669800713658e+06
2.271512729540179909e-01 1.521351400957843936e+01 3.093946080282489769e+06
2.354549425221361403e-01 1.492530137296411930e+01 2.610676732755704317e+06
2.441207104003054185e-01 1.467115784056174732e+01 2.173470550455572549e+06
2.531097744694958962e-01 1.443844521057003227e+01 1.839786933167933486e+06
2.624699309694774607e-01 1.421814349529794974e+01 1.550490406722939108e+06
2.721989561053618778e-01 1.402481701228261990e+01 1.304495037149864482e+06
2.823062774979405165e-01 1.383517452126118918e+01 1.097404508017768618e+06
2.928074031977393465e-01 1.366416786284800011e+01 9.220699636955485912e+05
3.036690030372386495e-01 1.351024641460091047e+01 7.769105722045619041e+05
3.149486234364043957e-01 1.336591561605519018e+01 6.541278851073642727e+05
3.266360623827554432e-01 1.322417506834626977e+01 5.515894083414305933e+05
3.387293030329843191e-01 1.310391857825181816e+01 4.645405212755237590e+05
3.512567298532405236e-01 1.299456365042919437e+01 3.871804202017720672e+05
3.642080387955394793e-01 1.288435120687505808e+01 3.304510449636441190e+05
3.775621055768282885e-01 1.278677765327269356e+01 2.785316620573937544e+05
3.913587672525558614e-01 1.269894905129660856e+01 2.357303306651254534e+05
4.056116646858167751e-01 1.261773693553864284e+01 1.961942305803539930e+05
4.202828475322533675e-01 1.253817237258830275e+01 1.679343941095531918e+05
4.354435043787253101e-01 1.246482134640546846e+01 1.416972297080161516e+05
4.510024504584567162e-01 1.239953566935121820e+01 1.198906787823968334e+05
4.670313919880770825e-01 1.233994455126433820e+01 1.013692913539438741e+05
4.834785875815932332e-01 1.228548296795698036e+01 8.598695525525943958e+04
5.003995435722099483e-01 1.223083775808062335e+01 7.209162294742331142e+04
5.177528325441124180e-01 1.218471845308464196e+01 6.169031222078032442e+04
5.355536129612353813e-01 1.213912926100560696e+01 5.240523382964732446e+04
5.537970283013813333e-01 1.209847386049328222e+01 4.442565421641981811e+04
5.724531807283510521e-01 1.205910180300667278e+01 3.739941352473285951e+04
5.911236598688197619e-01 1.202381725618708153e+01 3.224582065447431523e+04
6.081964186802599759e-01 1.199257245402136896e+01 2.788952742745625073e+04
6.239929169651302621e-01 1.195922421898779220e+01 2.444462245921382055e+04
6.389170767128581341e-01 1.192439065556211197e+01 2.154978766832346446e+04
6.533070571544847827e-01 1.189034438378459946e+01 1.907983468446697952e+04
6.672483015169966558e-01 1.185430899132581573e+01 1.692309576247872610e+04
6.810133501969080072e-01 1.181573642161874638e+01 1.504171205769622793e+04
6.946908938808777911e-01 1.177649435368254949e+01 1.337625780155950451e+04
7.083969524938189544e-01 1.173525486029485343e+01 1.188624117132723768e+04
7.222081653026142245e-01 1.169335692983892550e+01 1.055814098721715345e+04
7.362011414498113027e-01 1.164984159669708319e+01 9.285267279791805777e+03
7.504424640713129868e-01 1.160574445298680679e+01 8.298975612827101941e+03
7.649893919771103556e-01 1.155929794123672139e+01 7.351493513431782048e+03
7.798830565145505878e-01 1.151155364079627041e+01 6.492017640387613028e+03
7.951727330114904957e-01 1.146671215626466278e+01 5.726847614438962410e+03
8.108842325808000018e-01 1.141905041525893338e+01 5.041910518378904271e+03
8.270562252051867347e-01 1.137262612590146382e+01 4.430400740991552084e+03
8.437104864409262772e-01 1.132508217588804911e+01 3.886319022775837311e+03
8.608713838447554778e-01 1.127775063466063799e+01 3.401686473959812247e+03
8.785402272593051398e-01 1.123070876838637311e+01 2.976412669415680284e+03
8.967489420361134389e-01 1.118378406346661436e+01 2.582310048542133700e+03
9.154954702455245785e-01 1.113652484401885445e+01 2.264945340146834496e+03
9.347731287273072232e-01 1.109618165175928084e+01 1.971279937204159296e+03
9.546007538290048888e-01 1.104618086140150801e+01 1.713946360118906114e+03
9.749632178265543736e-01 1.100232335870349054e+01 1.488941875644415404e+03
9.958526105290543828e-01 1.096140894763589202e+01 1.291439938096469405e+03
1.017260174691414942e+00 1.091785989508373689e+01 1.120056471891835599e+03
1.039165258176126150e+00 1.087233850790450873e+01 9.705800961918652092e+02
1.061547627739209521e+00 1.083091449012816199e+01 8.408891304180691577e+02
1.084391573989597291e+00 1.078851850107167998e+01 7.276903119633872166e+02
1.107664859556098058e+00 1.075095536828220766e+01 6.295088965235410114e+02
1.131347163505085351e+00 1.070819200162655882e+01 5.447713794163080365e+02
1.155398633201953018e+00 1.066928580206435129e+01 4.716440998892340986e+02
1.179794560284924687e+00 1.062935322943023841e+01 4.086252666349977858e+02
1.204480104193611956e+00 1.059214144398236357e+01 3.533640140447354838e+02
1.229429827039161038e+00 1.055630887235876259e+01 3.060328867174621905e+02
1.254606091380875421e+00 1.051871866046719184e+01 2.650949110288797215e+02
1.279957293718344102e+00 1.048353739007736962e+01 2.298705526375556190e+02
1.305434783281769873e+00 1.044719625458051127e+01 1.994357955756190108e+02
1.331007891296787538e+00 1.041178390342891014e+01 1.731707930131549915e+02
1.356615599308352405e+00 1.037699636948782711e+01 1.505394159652311146e+02
1.382215396070070934e+00 1.034314247737671089e+01 1.309578567160941418e+02
1.407759500868794644e+00 1.030831578828171402e+01 1.135228907941149004e+02
1.433200695864786045e+00 1.027392229620331321e+01 9.895335359988114021e+01
1.458488346990381102e+00 1.023951028153904197e+01 8.675660220930740252e+01
1.483474748503419649e+00 1.020528724859049419e+01 7.553230298067227011e+01
1.507604646437506801e+00 1.017161466722259178e+01 6.660771506587147428e+01
1.530780602014735203e+00 1.013729627822283952e+01 5.864715985746488514e+01
1.552984636231000692e+00 1.010272044093192356e+01 5.168609456457139117e+01
1.574200610553573743e+00 1.006701317397075712e+01 4.589963807675174223e+01
1.594461927506324983e+00 1.003114884131694140e+01 4.095554479963778505e+01
1.613787991309582948e+00 9.994501339290994935e+00 3.655189417503299865e+01
1.632126784531011454e+00 9.955880169990463102e+00 3.270757841272745736e+01
1.649555308638875228e+00 9.916146662287061986e+00 2.926406948236145666e+01
1.666065024964564323e+00 9.876412408576859647e+00 2.630994874001412498e+01
1.681665022299360990e+00 9.834359749606111478e+00 2.378425477993161152e+01
1.696375693738115809e+00 9.792556995552873289e+00 2.141405685659973557e+01
1.710217204841022687e+00 9.749353888924664702e+00 1.939024401028114397e+01
1.723231982109400429e+00 9.705344468246327239e+00 1.758135883387643617e+01
1.735359542535788391e+00 9.660605679381902178e+00 1.598095972221194039e+01
1.746517159318549339e+00 9.614917331056759053e+00 1.456166665693928941e+01
1.756946024533270201e+00 9.568403037346067563e+00 1.331974753088066166e+01
1.766567076591332164e+00 9.521399996366389118e+00 1.213146351423520564e+01
1.775463572143589186e+00 9.473468293225479897e+00 1.111901486388062210e+01
1.783411500129029381e+00 9.424525672026994982e+00 1.020686052638123975e+01
1.790677230345413484e+00 9.375757859832768659e+00 9.369879815094913411e+00
1.797173676786363528e+00 9.326376112016101061e+00 8.641763836836139134e+00
1.802941332339378144e+00 9.275520811535091781e+00 7.993756377331798113e+00
1.808101147435553724e+00 9.224882351624403398e+00 7.365929322869678941e+00
1.812321681319940092e+00 9.173458632701667170e+00 6.840726204558159829e+00
1.815959170596479266e+00 9.122267999865329102e+00 6.342324949522947009e+00
1.819034422320396915e+00 9.071145362091968423e+00 5.880649531550305120e+00
