2.191799393465098389e-01 1.550982308316407554e+01 3.683535669800713658e+06
2.260855645111111700e-01 1.525547405129041678e+01 3.168984163486005738e+06
2.332194125904953619e-01 1.500417429973290240e+01 2.742241135647588875e+06
2.406352412476240876e-01 1.477304344827674143e+01 2.348190497897320893e+06
2.482809877788928754e-01 1.455695162031756063e+01 2.017947446571728680e+06
2.562133224841925405e-01 1.436487902737143862e+01 1.723357050188802881e+06
2.644099153089777832e-01 1.417858914336301268e+01 1.497177026750478428e+06
2.728980638043879692e-01 1.400267842923750017e+01 1.275001872384424321e+06
2.816544656584274442e-01 1.384326577934379543e+01 1.108309957461546408e+06
2.907169644196906377e-01 1.369750862794912116e+01 9.444884229380285833e+05
3.000604393648139134e-01 1.356047304666608788e+01 8.137648101967575494e+05
3.096881244682586631e-01 1.342219173138790289e+01 7.091529538775417022e+05
3.196331196774646610e-01 1.331122036813372844e+01 6.112155023853274761e+05
3.298878848028075073e-01 1.319421676496813589e+01 5.256949169553238899e+05
3.404496659883137766e-01 1.309042940539959154e+01 4.529999004767393926e+05
3.513343544023090348e-01 1.298863144812042236e+01 3.910484502448861604e+05
3.625206122078659665e-01 1.289691194141517627e+01 3.376917376999118133e+05
3.740406638263714667e-01 1.281107823010070490e+01 2.906843725072262459e+05
3.858903773503579715e-01 1.272990740392398301e+01 2.515654735975158692e+05
3.980696778991286156e-01 1.265739935357018808e+01 2.169278287875280366e+05
4.105884819901834959e-01 1.258735851682230233e+01 1.875036402920150722e+05
4.234077600544217668e-01 1.252241657564468724e+01 1.618301842673143838e+05
4.365863055430544981e-01 1.246041622143294525e+01 1.400586103447812202e+05
4.501061548108742927e-01 1.240394617170356817e+01 1.209192105615325709e+05
4.639549007255566182e-01 1.235114840037788220e+01 1.045490166769659991e+05
4.781308463643163531e-01 1.230014209505091927e+01 9.067126285730181553e+04
4.926386589776699521e-01 1.225711618378300116e+01 7.845380379561331938e+04
5.074798500844635019e-01 1.221235421504880492e+01 6.795502087814858533e+04
5.226627567900431481e-01 1.217160667537519103e+01 5.891772302585246507e+04
5.381788812414595169e-01 1.213482788023212500e+01 5.115653444344058516e+04
5.540275232339755274e-01 1.209833178157223266e+01 4.435265174854412180e+04
5.702105214706475467e-01 1.206288936084384567e+01 3.849215002714827278e+04
5.866428980593648701e-01 1.203413422550990219e+01 3.345329428943006496e+04
6.031810382178159902e-01 1.200170652406857208e+01 2.888892552005906327e+04
6.198680299034233787e-01 1.197452907175391346e+01 2.542907594009420063e+04
6.368394795894952720e-01 1.194841987541071049e+01 2.197566750555569524e+04
6.541517098290651200e-01 1.192180400857434464e+01 1.937693821624208795e+04
6.719258338945810483e-01 1.189799988397017927e+01 1.672011986492528740e+04
6.902058750963595557e-01 1.187374814220124719e+01 1.472539775461226782e+04
7.090756570961214145e-01 1.185149092426214956e+01 1.285039022515207762e+04
7.285730428675931680e-01 1.182969610735863597e+01 1.113560200665206685e+04
7.487551608185426533e-01 1.181136485075470866e+01 9.676646114763794685e+03
7.696179099188936723e-01 1.179264005661047854e+01 8.401588114127303925e+03
7.912393274933953169e-01 1.177525221161395486e+01 7.265823346635399503e+03
8.136311064475859611e-01 1.175810558598363897e+01 6.283723512037464388e+03
8.368278943680901305e-01 1.174644140689649952e+01 5.426950456652469256e+03
8.608363666728786612e-01 1.173409840706255203e+01 4.684312989839044349e+03
8.857043318507064056e-01 1.172448620441048028e+01 4.017034441623633029e+03
9.113770978508228815e-01 1.171553499163382916e+01 3.475175751315502566e+03
9.374811814482951755e-01 1.171081700097607659e+01 2.996488933242959774e+03
9.631437462887397771e-01 1.170273715245429358e+01 2.598591684265556523e+03
9.883699180984956145e-01 1.170107491916086140e+01 2.263800045375038280e+03
1.013264289573853949e+00 1.169054263427610962e+01 1.977613053491294067e+03
1.037864161689654452e+00 1.168294370658020043e+01 1.723272602104879297e+03
1.062219018400506920e+00 1.167615240184716896e+01 1.523649894824216972e+03
1.086340864035914233e+00 1.167002220252187250e+01 1.342798776826762378e+03
1.110326314214772569e+00 1.165959560143977214e+01 1.184264771915104575e+03
1.134135481432281933e+00 1.164574736013784140e+01 1.046372514811240762e+03
1.157804683424606518e+00 1.163532176368564386e+01 9.258277968613482471e+02
1.181368637480149308e+00 1.162217848912206186e+01 8.215186424442006228e+02
1.204827617950442908e+00 1.160795267587557333e+01 7.282588779091778406e+02
1.228210742635148733e+00 1.159467480565093389e+01 6.462796497236032565e+02
1.251502520954600239e+00 1.157859353620519549e+01 5.740504222490595794e+02
1.274726778438420860e+00 1.156463068454161203e+01 5.105132046875418155e+02
1.297872983710086192e+00 1.154650770991211139e+01 4.538905075565368179e+02
1.320947656395561554e+00 1.152817979480299293e+01 4.049117819865413139e+02
1.343946455987782285e+00 1.150822570223044927e+01 3.604323620947787958e+02
1.366865543003295214e+00 1.149031507336833613e+01 3.213036687108830733e+02
1.389689130149043939e+00 1.147223252615567546e+01 2.867855270596923560e+02
1.412418201553033326e+00 1.145067340996803651e+01 2.559304624584011094e+02
1.435035286409064970e+00 1.142561716231219293e+01 2.287620939853820801e+02
1.457530151663068985e+00 1.140289062774334639e+01 2.042840320573480994e+02
1.480027275420658039e+00 1.138019555322921761e+01 1.824576693758719159e+02
1.502098299267489168e+00 1.135376865838984983e+01 1.634000112156683429e+02
1.524247403596334260e+00 1.132941994008878694e+01 1.463088650291918782e+02
1.545982266551242379e+00 1.130262867865855902e+01 1.311672045696914779e+02
1.567758055829017838e+00 1.127607972232457278e+01 1.169891292392314313e+02
1.589057165100494107e+00 1.124799017943166390e+01 1.054950704701381312e+02
1.610246015868555203e+00 1.122042448794585923e+01 9.477459157491229291e+01
1.631172467240332713e+00 1.119103881511752263e+01 8.515854625384496046e+01
1.651815516305089160e+00 1.116096744060419965e+01 7.657728538376011329e+01
1.672156619763284668e+00 1.113019676870211505e+01 6.861614901720588477e+01
1.692180100175849855e+00 1.109933121072957540e+01 6.179573628393630003e+01
1.711868919502967268e+00 1.106742850482179108e+01 5.593158004345625756e+01
1.731196814126256589e+00 1.103502684215483498e+01 5.026174334967600288e+01
1.750139811319278538e+00 1.100218381976175941e+01 4.562685365243071800e+01
1.768684889981242625e+00 1.096870961862478921e+01 4.105817702385395762e+01
1.786817032188492194e+00 1.093422885553787971e+01 3.729557861618427950e+01
1.804520229695506517e+00 1.089955745728493142e+01 3.375904285882722888e+01
1.821761262244607549e+00 1.086411123857843641e+01 3.064637005824073057e+01
1.838544584320885411e+00 1.082784632308408312e+01 2.770514357182908327e+01
1.854830434697663621e+00 1.079126664550102888e+01 2.527519970660997473e+01
1.870636398842566273e+00 1.075399830656771272e+01 2.297533854301495637e+01
1.885916248191377376e+00 1.071630803744395877e+01 2.094322089654470176e+01
1.900769408812037042e+00 1.067772765568461146e+01 1.909941937768161679e+01
1.914913039536964456e+00 1.063822334979153261e+01 1.737823935887522353e+01
1.928602434014848876e+00 1.059923977644147008e+01 1.593044046000263947e+01
1.941733802799182840e+00 1.055893299820030506e+01 1.458531273850064736e+01
1.954307254718135489e+00 1.051913478743786534e+01 1.337145358174950438e+01
1.966317140359356008e+00 1.047827004353434077e+01 1.226450105881107966e+01
