2.191799393465098389e-01 1.550982308316407554e+01 3.683535669800713658e+06
2.276433100850710767e-01 1.519556917573939003e+01 3.079334513822705019e+06
2.364873998254728993e-01 1.489501065852028105e+01 2.543682544437502977e+06
2.457176841980493187e-01 1.462631158863136704e+01 2.123395892770756036e+06
2.553394180236559508e-01 1.438851420997631436e+01 1.763161622260780772e+06
2.653707609435780324e-01 1.415184164603747874e+01 1.471748960532603553e+06
2.758268616915737215e-01 1.394868806177374410e+01 1.211809436628379859e+06
2.866992643943829799e-01 1.376564215444329342e+01 1.020866924187982571e+06
2.980101758434215986e-01 1.358251167283423122e+01 8.487182447119316785e+05
3.097554324640084955e-01 1.342573324533903012e+01 7.067394994006878696e+05
3.219625339588282897e-01 1.327802930592468478e+01 5.897480052794036455e+05
3.346402387551504209e-01 1.314378638944260302e+01 4.913189577823512955e+05
3.477652646490616561e-01 1.301729707807699832e+01 4.102841281401912565e+05
3.613761372789096593e-01 1.290499472688614624e+01 3.422917134390138090e+05
3.754687431556489874e-01 1.280130755756132821e+01 2.873411779163853498e+05
3.900519001342401260e-01 1.270477969632423410e+01 2.389680738239572675e+05
4.051336083129223331e-01 1.261951580909506099e+01 1.996899020413405087e+05
4.206938357718907895e-01 1.253491047859649576e+01 1.669651705704232154e+05
4.367728666524113290e-01 1.246138589919709005e+01 1.395579605598780618e+05
4.533422809537620557e-01 1.239111801620104991e+01 1.169422148455995193e+05
4.704334736003688011e-01 1.232720853528956262e+01 9.794878736674212269e+04
4.880144776873473478e-01 1.226918436450945293e+01 8.215143641406664392e+04
5.060718493718437960e-01 1.221583838645450015e+01 6.884282722644782916e+04
5.246470358772340470e-01 1.216735679162837513e+01 5.784713554513536656e+04
5.437210869802941993e-01 1.212247795878323764e+01 4.857316715141327586e+04
5.632934738494800309e-01 1.207851391823198739e+01 4.087973352709777100e+04
5.832801079026790347e-01 1.203880922216049321e+01 3.445529722957027843e+04
6.021345998744058736e-01 1.200268794329176458e+01 2.934734800181906394e+04
6.193203769232922262e-01 1.196937801158779990e+01 2.543587335638028162e+04
6.354628467036330663e-01 1.193392810506182755e+01 2.218517693682611934e+04
6.508924126945500044e-01 1.189798896042908716e+01 1.947482179110887955e+04
6.658873992152153365e-01 1.185823811040144804e+01 1.712007376596583345e+04
6.806342475187391328e-01 1.181883680756973831e+01 1.501157690299259593e+04
6.952908518862123133e-01 1.177689623063392332e+01 1.332748209395049162e+04
7.099926879397777668e-01 1.173458466815104906e+01 1.164903839256958236e+04
7.248194971198760328e-01 1.168888403168311640e+01 1.035019717607351959e+04
7.398813585302888018e-01 1.164397886744837329e+01 9.115062745164537773e+03
7.552421764204660937e-01 1.159603230716524358e+01 8.012830846131961152e+03
7.709700927041462926e-01 1.154939632332089339e+01 7.011714372681586610e+03
7.871711869694645314e-01 1.150732921091413807e+01 6.147257708273838034e+03
8.037378914578695577e-01 1.145062937920924817e+01 5.340189033458374070e+03
8.208512265934488905e-01 1.140110937209761133e+01 4.688617993804182333e+03
8.385089720744770547e-01 1.135532957071365168e+01 4.082959161933988071e+03
8.567275221915879868e-01 1.130231786984975706e+01 3.545964325190644104e+03
8.755419152103265379e-01 1.125320004115519090e+01 3.074804508194577011e+03
8.949464966474853789e-01 1.120455590464939988e+01 2.659711944225206480e+03
9.149691290649474285e-01 1.115567497664732599e+01 2.284176337996351322e+03
9.356110799097203667e-01 1.110679646656187636e+01 1.971133235278925667e+03
9.568624583919005389e-01 1.105825884892623634e+01 1.710618205926110477e+03
9.787241329960677527e-01 1.101380480596424682e+01 1.461917782539307382e+03
1.001181469854369066e+00 1.096807402754162375e+01 1.264938458082950547e+03
1.024233376353014036e+00 1.092543715752816702e+01 1.086936345607574822e+03
1.047848402369135679e+00 1.087718860313328761e+01 9.333890320792224884e+02
1.071997149508080449e+00 1.083297319732944963e+01 8.006826861857053927e+02
1.096662660098563169e+00 1.079087689613812806e+01 6.865152917277363258e+02
1.121809136763450621e+00 1.075113257057435945e+01 5.883970188717172505e+02
1.147400875290278233e+00 1.070777952838431979e+01 5.030585676841876648e+02
1.173398727791252316e+00 1.066967219715289872e+01 4.324759504630444553e+02
1.199761120160302008e+00 1.062819577422316186e+01 3.712871982016371817e+02
1.226434484029022665e+00 1.059177063424628074e+01 3.185695812225243344e+02
1.253375529671606481e+00 1.055177121410267915e+01 2.733146635865702478e+02
1.280529536351097342e+00 1.051382772144739164e+01 2.347866282098386250e+02
1.307841421355307787e+00 1.047754921629008962e+01 2.019034433605933998e+02
1.335270533862192854e+00 1.044119707064930758e+01 1.738182438209353222e+02
1.362742449027393166e+00 1.040467155614456018e+01 1.489188947999737707e+02
1.390205126174502981e+00 1.036920865865935504e+01 1.290191573611641047e+02
1.417605582980952184e+00 1.033289182468994127e+01 1.113779884091795083e+02
1.444881560422123679e+00 1.029791929187098631e+01 9.625048681706302034e+01
1.471976897993358291e+00 1.026186970153452727e+01 8.331317553475906834e+01
1.498830130258988369e+00 1.022658330975216678e+01 7.224485507187206679e+01
1.525384053742400825e+00 1.019079264940835472e+01 6.250193410183547371e+01
1.551580339369799999e+00 1.015568932833750893e+01 5.435010264194102803e+01
1.577374909685182347e+00 1.011927520773907574e+01 4.751123130603515676e+01
1.602705061546535470e+00 1.008402907622285127e+01 4.149032370305680217e+01
1.627522302061096049e+00 1.004761711287927994e+01 3.626339052966410748e+01
1.651777534274157855e+00 1.001062020650111073e+01 3.176192521251814682e+01
1.675431041315631253e+00 9.973870859114226661e+00 2.778728481130036698e+01
1.698434583006751986e+00 9.937040550124901728e+00 2.444763932714630528e+01
1.720289415534669297e+00 9.899494832586098525e+00 2.166392173949071775e+01
1.740395206983942566e+00 9.862058926283008731e+00 1.917422899734742359e+01
1.758769740326272535e+00 9.823378176335898715e+00 1.718261851559899256e+01
1.775442537322560854e+00 9.783757837740811425e+00 1.542198893889867151e+01
1.790486855698071311e+00 9.743394913465335705e+00 1.391649574973705050e+01
1.803988977654231718e+00 9.700569435419733821e+00 1.259733344914786279e+01
1.816014016384102314e+00 9.656832623273947647e+00 1.144510808215617459e+01
1.826623883837224183e+00 9.612214702299876734e+00 1.041773262178597115e+01
1.835904617227470004e+00 9.565715515715535133e+00 9.542847924827087880e+00
1.843900552355962175e+00 9.518575909518503408e+00 8.779122267112505540e+00
1.850691445948789982e+00 9.469385952432475051e+00 8.083413041821517098e+00
1.856338124870722694e+00 9.419820349985025487e+00 7.450872069320925384e+00
1.860880187255175011e+00 9.368568866832326592e+00 6.910505988417898315e+00
1.864466529657684557e+00 9.317526627023779540e+00 6.397640633257908327e+00
1.866998552003195089e+00 9.264978978238465501e+00 5.951878402894656084e+00
1.868529378626870185e+00 9.211857774825016776e+00 5.559399409974686179e+00
1.869193722785659428e+00 9.157805138319785598e+00 5.207858440301593284e+00
1.869047114616447347e+00 9.103268678346630338e+00 4.879045424307735246e+00
1.868108694525196567e+00 9.048192318126918821e+00 4.571662872445643622e+00
1.866527204966227815e+00 8.993214712852735104e+00 4.304174500888777288e+00
1.864003023100919476e+00 8.937513543810894134e+00 4.061253787599129694e+00
1.860903233780635491e+00 8.881505812811248290e+00 3.837506984237729846e+00
