2.191799393465098389e-01 1.550982308316407554e+01 3.683535669800713658e+06
2.245465173904928335e-01 1.531918506821711290e+01 3.287797344931565691e+06
2.300660564832944788e-01 1.512049756697679825e+01 2.931564935683776159e+06
2.357292395035171517e-01 1.492026681222045070e+01 2.588676462522104383e+06
2.415741589949401136e-01 1.476227195277066606e+01 2.313155782777830493e+06
2.475536953105144100e-01 1.457242906967725204e+01 2.047201357515086886e+06
2.537037510151370356e-01 1.441953928111685101e+01 1.819107706874039723e+06
2.600204668993488233e-01 1.427252688465646280e+01 1.618210874450596515e+06
2.665066161638536824e-01 1.412932160643292079e+01 1.440620933676122222e+06
2.731631122574378345e-01 1.400013448032858143e+01 1.283314826803725213e+06
2.799936701728613087e-01 1.387436215176111709e+01 1.139092933654365130e+06
2.870008828710022275e-01 1.375696116887892906e+01 1.016329641124944319e+06
2.941835351675525234e-01 1.364558480311345612e+01 9.037056071543190628e+05
3.015545830181403097e-01 1.353533339340802044e+01 8.040927665043433663e+05
3.090840961480937898e-01 1.342974042449708350e+01 7.151281691475671250e+05
3.168198537762189071e-01 1.333813744274483959e+01 6.367660922184302472e+05
3.247408347357118585e-01 1.324701922164546630e+01 5.616554796193677466e+05
3.328342676578380233e-01 1.316445845899253086e+01 5.047698551446762867e+05
3.411309120283500529e-01 1.308425410039902026e+01 4.488056227651157533e+05
3.496128721579030429e-01 1.300300837342697946e+01 4.000897547976796632e+05
3.582993222787858589e-01 1.292878448845712747e+01 3.570729194709493313e+05
3.671723471773760128e-01 1.286023735385871447e+01 3.180390717487584916e+05
3.762491275280945291e-01 1.279771183552116831e+01 2.829672107406980940e+05
3.855297265831377773e-01 1.273212867157539918e+01 2.524428931953082501e+05
3.950079973894595198e-01 1.267289126260044796e+01 2.249847482399036526e+05
4.046712769049705116e-01 1.262189951999870097e+01 1.991008020140575245e+05
4.145578094673464387e-01 1.256606480624486544e+01 1.789758794327332871e+05
4.246691658419982085e-01 1.251706133489390638e+01 1.595411431813052041e+05
4.349473642604206880e-01 1.246824419817056651e+01 1.424464600421003997e+05
4.454382161824085862e-01 1.242390355612560349e+01 1.271195503263112041e+05
4.561286146100749783e-01 1.238056590783423516e+01 1.134965005768190749e+05
4.670462398416659333e-01 1.233429133339885375e+01 1.014765529033797793e+05
4.781521736429162339e-01 1.230147451811745007e+01 9.052143120934240869e+04
4.894644757476989683e-01 1.226546448035106529e+01 8.085435307183812256e+04
5.009669939670823302e-01 1.222975207887918181e+01 7.237486467682526563e+04
5.126884662727451136e-01 1.219769593717341039e+01 6.416798490578054771e+04
5.246094515426974469e-01 1.216659888823133429e+01 5.786219628446535353e+04
5.367366932535898583e-01 1.213710124713279903e+01 5.176730838009274157e+04
5.490663370702321133e-01 1.210789602776466545e+01 4.642033709038164670e+04
5.616008985300147138e-01 1.208230226752761816e+01 4.149095956760738773e+04
5.743030519504251918e-01 1.205636551697101844e+01 3.681123157057177741e+04
5.872026593595415234e-01 1.203159090794785868e+01 3.334158380145745468e+04
6.003034230062815890e-01 1.200963748464555891e+01 2.987864176797772598e+04
6.135549762902281490e-01 1.198629287092556694e+01 2.652170843502492062e+04
6.271145117815327685e-01 1.195953444852022329e+01 2.405348196576717601e+04
6.409590849888369135e-01 1.194406813403610812e+01 2.151552668687093319e+04
6.551715160989770581e-01 1.192382451638934704e+01 1.926923376621420175e+04
6.697250109176980937e-01 1.190624321573342215e+01 1.725543218248625635e+04
6.847109585748797356e-01 1.188810886554410473e+01 1.543169614907069445e+04
7.001388189946177176e-01 1.187248760028156802e+01 1.378035924962511490e+04
7.160306563135169222e-01 1.185713226405167653e+01 1.230025435431101323e+04
7.323946717710229093e-01 1.184298304030114934e+01 1.097854633363016910e+04
7.492579225262311349e-01 1.182887800125053523e+01 9.775409144387491324e+03
7.666599330363250697e-01 1.181720612543157678e+01 8.706604751495393430e+03
7.844169268300539288e-01 1.180510080823754215e+01 7.743787472978922779e+03
8.023352242776531362e-01 1.179450356289452095e+01 6.911392183692067192e+03
8.204230926521335343e-01 1.178677911272636081e+01 6.160473229462797462e+03
8.386823795411482152e-01 1.178061579546825755e+01 5.503190521725498002e+03
8.571764547633337061e-01 1.177123655793958079e+01 4.916252246182461931e+03
8.758809797752279414e-01 1.176710109719804365e+01 4.390805763169616512e+03
8.948200518312380281e-01 1.176068752406774820e+01 3.929226944476522021e+03
9.140306851773468688e-01 1.175545394014584666e+01 3.515851796469673900e+03
9.334870538553640129e-01 1.174927042754919526e+01 3.123007133201718261e+03
9.532187145664487993e-01 1.174388816843718786e+01 2.818899522027280454e+03
9.732615974094226408e-01 1.173921549308180445e+01 2.522785142976773386e+03
9.935220575742319538e-01 1.173422043171415829e+01 2.259360827985650758e+03
1.014129484878091736e+00 1.173361738287296241e+01 2.025100102346400263e+03
1.035013154132877311e+00 1.172745444945001481e+01 1.813122201531418341e+03
1.056175558526716518e+00 1.172460228929096715e+01 1.611863331384730827e+03
1.077641501368736821e+00 1.172023868655834100e+01 1.455701359249996358e+03
1.099408714480811122e+00 1.171838592935773349e+01 1.303469205829402426e+03
1.121462117582016527e+00 1.171634139349371395e+01 1.168612209952557805e+03
1.143798072620746176e+00 1.171415558700288528e+01 1.047370769774682458e+03
1.166530430895273085e+00 1.171121655038976250e+01 9.383387518149415882e+02
1.189333030922696599e+00 1.171137425822858269e+01 8.420615838808657827e+02
1.212507770540709240e+00 1.170873811385914820e+01 7.560605425815198259e+02
1.235949958654527281e+00 1.170861259098368201e+01 6.781526130818900810e+02
1.259734283356283235e+00 1.170705045817080858e+01 6.076289144884736970e+02
1.283674535908139847e+00 1.170912452343431198e+01 5.444932874902801814e+02
1.307853090826325504e+00 1.170481278187254937e+01 4.886735924925855556e+02
1.332235205575228010e+00 1.170405433489651337e+01 4.387056607794287970e+02
1.356756807309226653e+00 1.170484371585276762e+01 3.942983883458401237e+02
1.381569468585997829e+00 1.170143405108512979e+01 3.540317578201877495e+02
1.406534521548762351e+00 1.170347929955424782e+01 3.186891263360502649e+02
1.431745470628973171e+00 1.169990674590073176e+01 2.863934136851000858e+02
1.456981414437336309e+00 1.170231582849280194e+01 2.576144339440499493e+02
1.482394894757161685e+00 1.170163259134993261e+01 2.314816459048986701e+02
1.507986312389996808e+00 1.169760497556171508e+01 2.086786229105746315e+02
1.533549949923512123e+00 1.169714171649062351e+01 1.870322385916360304e+02
1.559252741026377009e+00 1.169597367687240208e+01 1.694914938953673413e+02
1.585067606630612858e+00 1.169483639003914810e+01 1.527604661840387337e+02
1.610812386738240454e+00 1.169491437688744284e+01 1.377460132222671803e+02
1.636625139002409357e+00 1.169282928033241120e+01 1.243506787608423281e+02
1.662434066980254421e+00 1.168975783073582875e+01 1.123278956420728463e+02
1.688214986687597285e+00 1.168902951352209030e+01 1.014981733731244589e+02
1.713943965334036923e+00 1.168548591325503772e+01 9.180489886647522724e+01
1.739612684969465528e+00 1.168287057768625381e+01 8.302615597829563399e+01
1.765191738127988907e+00 1.167997979192541003e+01 7.527246627621197206e+01
1.790669952069037452e+00 1.167688090955782876e+01 6.819492610898876706e+01
1.815998341332714983e+00 1.167361630014675811e+01 6.181981669770257071e+01
