2.191799393465098389e-01 1.550982308316407554e+01 3.683535669800713658e+06
2.278260604365200948e-01 1.519492223849248091e+01 3.061614357238852885e+06
2.368685726347500853e-01 1.489079485778488632e+01 2.532248096999644767e+06
2.463101166952890719e-01 1.461097829089318267e+01 2.098380157350690104e+06
2.561639826168807810e-01 1.436863555584647756e+01 1.743067747061465401e+06
2.664456900214240420e-01 1.413292854794210562e+01 1.440109288177697686e+06
2.771637937130950191e-01 1.392521508385093831e+01 1.195413227267012233e+06
2.883297574167711930e-01 1.373690114190858758e+01 9.915720515294172801e+05
2.999475851669928250e-01 1.355924871176489432e+01 8.249769597260175506e+05
3.120290944461974747e-01 1.339400583983269932e+01 6.830392359415527899e+05
3.245847913241123317e-01 1.325400507070932576e+01 5.678719746229324955e+05
3.376142829431925674e-01 1.311439515104844666e+01 4.721313127188098733e+05
3.511456946429683534e-01 1.299280736171844985e+01 3.923345557975462871e+05
3.651723334969494417e-01 1.287820420839440416e+01 3.262989295325920684e+05
3.797032413782972515e-01 1.277055182310724391e+01 2.709057507005779771e+05
3.947392644370374404e-01 1.267617477891054456e+01 2.257892225268777111e+05
4.103049043813182251e-01 1.258756721468115991e+01 1.877656597253997170e+05
4.263719402141557535e-01 1.250889658838966234e+01 1.568185573656138731e+05
4.429566038500244995e-01 1.243348358417535060e+01 1.305556076369096118e+05
4.601012525798857111e-01 1.236594003672287023e+01 1.090786001885212027e+05
4.777338853795326523e-01 1.230266413486945964e+01 9.091844349328379030e+04
4.958872485777963690e-01 1.224487485592890756e+01 7.597441943227959564e+04
5.145675093709112247e-01 1.219312386761416001e+01 6.356226122633703199e+04
5.337725463215103883e-01 1.214337686321334431e+01 5.323162686298882909e+04
5.534958184230213130e-01 1.209972293219977146e+01 4.452707526218958810e+04
5.737044637154492532e-01 1.205749054955206567e+01 3.738368345605274226e+04
5.942218602268881655e-01 1.201853597243866822e+01 3.139341827541542807e+04
6.145267258906397245e-01 1.198308083689422077e+01 2.654607823420115528e+04
6.348292901234234842e-01 1.194971711189291597e+01 2.252890093729926230e+04
6.554105236228969789e-01 1.191472925271571093e+01 1.911612378456857550e+04
6.764753239260561379e-01 1.188276184054668683e+01 1.621564303353335526e+04
6.980808524224448863e-01 1.185188201931494767e+01 1.377719279186936910e+04
7.203885362018105365e-01 1.182142281553471364e+01 1.167874667607778429e+04
7.435679253617142326e-01 1.179115095869086716e+01 9.885175970706997759e+03
7.675609012251487506e-01 1.176562965176588271e+01 8.347239350645264494e+03
7.925539486434448611e-01 1.173900417688330755e+01 7.032927117144436124e+03
8.185727414707076877e-01 1.171549571384161581e+01 5.909709611130869234e+03
8.456510928980713881e-01 1.169259737062331617e+01 4.970427688542468786e+03
8.738208695685968364e-01 1.166969206389474323e+01 4.166526585973931105e+03
9.031426325130924582e-01 1.165364906428687242e+01 3.481674625040921455e+03
9.336091478769117380e-01 1.163668427296190622e+01 2.911778746150117058e+03
9.652447505641942316e-01 1.161995617518947910e+01 2.430005820038921684e+03
9.980488992464541242e-01 1.160921173365245096e+01 2.026470805672762936e+03
1.032020109581664569e+00 1.160022247364623738e+01 1.687893312953583290e+03
1.067141428383822310e+00 1.159034514942105965e+01 1.405946615887071175e+03
1.103389442586921954e+00 1.158520115588312116e+01 1.169998688285635581e+03
1.140746511140505959e+00 1.158079736367558432e+01 9.743619793434726262e+02
1.179151567017221680e+00 1.157772595710906316e+01 8.096256751428231837e+02
1.218493011309330187e+00 1.157776421181604043e+01 6.737699368027916762e+02
1.257342672924726346e+00 1.157788633771169451e+01 5.609297825492352558e+02
1.295279189445320389e+00 1.157614084908431096e+01 4.758883193076555358e+02
1.332362199497488797e+00 1.157403939416806082e+01 4.033370809686661005e+02
1.368615504896265822e+00 1.157139415585394282e+01 3.441211322997830848e+02
1.404098079179118441e+00 1.156176102949017803e+01 2.939846993090257570e+02
1.438844839161156353e+00 1.155598133601279187e+01 2.521327646786495507e+02
1.472853354803442150e+00 1.154620039681931942e+01 2.171840469269136804e+02
1.506135942322618160e+00 1.153093898912647930e+01 1.874803532738916942e+02
1.538735809505322294e+00 1.151770591841954960e+01 1.615255879745491825e+02
1.570666598761731869e+00 1.150059323215763030e+01 1.407554164789160325e+02
1.601816093853824174e+00 1.148018368863596450e+01 1.224188660298349447e+02
1.632279045421906938e+00 1.145960575577438334e+01 1.066221128800231668e+02
1.662036992970902016e+00 1.143652987113088138e+01 9.268427177662698568e+01
1.691060572941172069e+00 1.141208020196937412e+01 8.146298875905162618e+01
1.719383649564090843e+00 1.138495853732233165e+01 7.135714971759239234e+01
1.746864581794221438e+00 1.135546480950616299e+01 6.265984673978817909e+01
1.773593214132415774e+00 1.132511348096211101e+01 5.512409484057212694e+01
1.798921336361863466e+00 1.129293204135064599e+01 4.867729824673405403e+01
1.822464837617517430e+00 1.125857010227941046e+01 4.302112666229866988e+01
1.844309964013904235e+00 1.122210976430323015e+01 3.834555502824890283e+01
1.864458124113230530e+00 1.118379347872990692e+01 3.439458009347834633e+01
1.883177125404719598e+00 1.114247234312926160e+01 3.093697955419982648e+01
1.900076498697391481e+00 1.109792907972381037e+01 2.787603844448353030e+01
1.915654704544063058e+00 1.105144982041903212e+01 2.520315829952591358e+01
1.929837543385903187e+00 1.100315419444731724e+01 2.283924750095633627e+01
1.942856430419719560e+00 1.095392576677859076e+01 2.073006928114890357e+01
1.954246359429189672e+00 1.090133566432328749e+01 1.890216482631463890e+01
1.964577379962153980e+00 1.084652631315237059e+01 1.727108874037361375e+01
1.973702868717637449e+00 1.079139558692606293e+01 1.580228748734313626e+01
1.981853266330519503e+00 1.073457362057151521e+01 1.449034482795567769e+01
1.988618956071348087e+00 1.067448214375393611e+01 1.333014192356052163e+01
1.994630404300296256e+00 1.061512742432239342e+01 1.227354718221297603e+01
1.999629938669514884e+00 1.055460701840360649e+01 1.130615393976720817e+01
2.003370088767600699e+00 1.049126923701016167e+01 1.045591777954871127e+01
2.006163796468185101e+00 1.042708811527568713e+01 9.710395023858445995e+00
2.008208800387182080e+00 1.036250259384064343e+01 9.011717936346210323e+00
2.009411452593503622e+00 1.029761875295124796e+01 8.379952669186097935e+00
2.009753137027665559e+00 1.023155129811956243e+01 7.784346167252244264e+00
2.009307971390570380e+00 1.016516195985211901e+01 7.273656155134101020e+00
2.008100592567155562e+00 1.009825494367802001e+01 6.809505196463638832e+00
2.006360524839990944e+00 1.003070153537929166e+01 6.381513105865438185e+00
2.003531773485721867e+00 9.962032143576301735e+00 5.973636825137974782e+00
2.000220954215844227e+00 9.893971126945448447e+00 5.628279204710224803e+00
1.996297969632907288e+00 9.825444040367123932e+00 5.286373656388599684e+00
1.991710829053827458e+00 9.757478906726012369e+00 5.000389658376045432e+00
1.986787211286733301e+00 9.690349703075636256e+00 4.718089651583076360e+00
1.980901664315112498e+00 9.621369890781689804e+00 4.465155246280107626e+00
1.974664078115697441e+00 9.553258839042614525e+00 4.239294074187711203e+00
1.968053170340893443e+00 9.486109609486197414e+00 4.028055864768832706e+00
1.960871454838902350e+00 9.418435984547429030e+00 3.836479227891741228e+00
1.953202455644713620e+00 9.351598415300697908e+00 3.659440581779992208e+00
