2.191799393465098389e-01 1.550982308316407554e+01 3.683535669800713658e+06
2.257727858087086314e-01 1.526930371238561790e+01 3.185744112011842895e+06
2.325672024043865527e-01 1.501683890267390531e+01 2.760836137838962022e+06
2.396086871813979391e-01 1.480638916656664783e+01 2.389886552074558567e+06
2.468884269960305022e-01 1.459490688699981042e+01 2.072881606845868519e+06
2.544079880249062176e-01 1.440233586743311633e+01 1.796601890996762086e+06
2.621762153585298072e-01 1.422714596762026495e+01 1.556170689922865946e+06
2.701984208053817005e-01 1.405901103548484521e+01 1.349784700556587195e+06
2.784783015903010139e-01 1.389795896258189956e+01 1.172242806731516030e+06
2.870214566958720903e-01 1.375882848430375027e+01 1.016691506635963335e+06
2.958284692462772592e-01 1.361812508302039681e+01 8.799260457825465128e+05
3.048980788227781957e-01 1.349016020828260132e+01 7.617777207432731520e+05
3.142434470171889260e-01 1.336993497531080344e+01 6.611463892994878115e+05
3.238729076865454193e-01 1.326443952603063181e+01 5.729316461469487986e+05
3.337861499180161395e-01 1.315605124619138344e+01 4.978682701747848769e+05
3.439756828038364467e-01 1.305238597861212035e+01 4.312530775199866621e+05
3.544620775674813817e-01 1.296558433930349707e+01 3.752837996923196479e+05
3.652400699208376844e-01 1.287670792004322529e+01 3.257360650214331690e+05
3.763028993000461231e-01 1.279719446064515154e+01 2.831560654070395976e+05
3.876741585047353000e-01 1.271863247605107716e+01 2.455144169342391542e+05
3.993418983808284528e-01 1.264914607404730695e+01 2.138633198116068670e+05
4.113175273933438736e-01 1.258271991146395585e+01 1.856349273088424525e+05
4.235892941775590281e-01 1.251446560892484605e+01 1.617634027344039059e+05
4.361782313225680552e-01 1.246421438352047417e+01 1.406255214035100944e+05
4.490711586240144215e-01 1.240981981189778871e+01 1.223463509692984517e+05
4.622688330404566837e-01 1.235678683166597125e+01 1.064452728891878651e+05
4.757602361271313640e-01 1.230884803543624884e+01 9.281078473037389631e+04
4.895649918401839273e-01 1.226333101334328823e+01 8.085654371582860767e+04
5.036596264069326256e-01 1.222124586149111281e+01 7.073445791894449212e+04
5.180731136082008526e-01 1.218186069305274088e+01 6.161642156770258589e+04
5.327911386968103846e-01 1.214534115502191725e+01 5.366740019597110222e+04
5.478125481851390255e-01 1.211209712143699946e+01 4.686213414035434835e+04
5.631388283016343088e-01 1.207836438411000657e+01 4.089591893372691993e+04
5.787294792570147894e-01 1.204674490826158539e+01 3.547439356567649520e+04
5.942313515119421741e-01 1.201814856222117811e+01 3.141425573971575432e+04
6.091440983063374226e-01 1.199139036782070278e+01 2.770622094852439477e+04
6.236157850799346480e-01 1.196395882124183174e+01 2.458784780883281564e+04
6.378778051279773154e-01 1.193825527535922681e+01 2.188577973551342802e+04
6.520427796984140656e-01 1.191167534353033552e+01 1.951731531420863394e+04
6.661888614647663021e-01 1.188420804880761317e+01 1.740073947489368220e+04
6.804189094778285707e-01 1.185403257311171288e+01 1.553593584662071407e+04
6.948276920417598701e-01 1.182961627895304879e+01 1.385001922070867477e+04
7.093520048184956961e-01 1.180120716387826718e+01 1.237469475045771105e+04
7.241583548998845599e-01 1.177251794373833960e+01 1.102823229019290920e+04
7.392629634767577951e-01 1.174617246657382630e+01 9.822971784752327949e+03
7.546958806840632361e-01 1.171878255831943072e+01 8.754436773166968123e+03
7.704946146328902623e-01 1.168856377444028460e+01 7.778245418203185181e+03
7.866950938781008817e-01 1.166309581852304866e+01 6.911402106414225273e+03
8.033033405521577963e-01 1.163717316441988636e+01 6.124061722149695925e+03
8.203541826676190585e-01 1.160841814784657089e+01 5.442415170881990889e+03
8.378710160368441073e-01 1.158219878243060386e+01 4.812354180529991936e+03
8.558632582701923841e-01 1.155688577138871587e+01 4.255133324125032232e+03
8.743546586020107814e-01 1.152869274368956454e+01 3.759987786585558297e+03
8.933417275959096848e-01 1.151115909506952306e+01 3.318690235641240179e+03
9.128430136164324971e-01 1.148156607654388672e+01 2.926122110115962187e+03
9.328644833686347004e-01 1.145855837604106142e+01 2.579856275049678970e+03
9.534065865259874206e-01 1.143479772573158115e+01 2.267590701366265421e+03
9.744745376716632546e-01 1.141723345707050719e+01 1.998637652871275577e+03
9.960638720209771257e-01 1.139193625849328484e+01 1.756827064242758297e+03
1.018171446998625163e+00 1.137244269124251872e+01 1.543775571312061629e+03
1.040790024218114063e+00 1.135058100857252583e+01 1.356310085790970106e+03
1.063914493007266371e+00 1.133134291389584014e+01 1.191320131173173195e+03
1.087533830821942660e+00 1.131454131832820309e+01 1.039126665056712909e+03
1.111630841267040370e+00 1.129700078145731901e+01 9.165170836515550263e+02
1.136196204243310026e+00 1.128376597345402566e+01 8.037856273992724709e+02
1.161215686182194506e+00 1.126320928241653263e+01 7.053398805889718233e+02
1.186653298773089338e+00 1.124820639037836578e+01 6.192714495417195621e+02
1.212509988040573417e+00 1.123421246366969939e+01 5.426716151557382091e+02
1.238743493111557958e+00 1.122095366787729454e+01 4.762969662241128503e+02
1.265343178150590164e+00 1.120656898607835572e+01 4.178870711526673176e+02
1.292274903820383791e+00 1.119392940380385859e+01 3.651348109057566944e+02
1.319508020451741315e+00 1.117990737836180415e+01 3.224517209919487186e+02
1.347023294410333305e+00 1.117042755460975556e+01 2.834197319685816296e+02
1.374773034499404911e+00 1.115835436768971789e+01 2.489907282817604539e+02
1.402035268805184920e+00 1.114452247214560288e+01 2.198090922551898529e+02
1.428275944519638241e+00 1.113286475510907891e+01 1.949119851527830178e+02
1.453489092356772261e+00 1.111836687788727396e+01 1.735887762320064951e+02
1.477753439350119269e+00 1.110415231627615462e+01 1.551420655530210979e+02
1.501062107878931018e+00 1.108798599372973293e+01 1.391695086360412006e+02
1.523500857258998753e+00 1.107152900210667923e+01 1.251529833822426099e+02
1.545072239407747405e+00 1.105370785243931131e+01 1.129976594113932578e+02
1.565815794663595328e+00 1.103343138386889777e+01 1.017227824450266809e+02
1.585790871835264015e+00 1.101220922777199185e+01 9.266899965885367862e+01
1.604950032298706031e+00 1.098943673707247903e+01 8.414527226635316026e+01
1.623380121986026436e+00 1.096526332521123237e+01 7.655326282006444671e+01
1.641098974535846189e+00 1.093934210604683699e+01 6.948681268038829728e+01
1.658079032028883848e+00 1.091212076576393919e+01 6.372492275531962491e+01
1.674393569190405717e+00 1.088423756486013438e+01 5.829562515241271115e+01
1.690034473940614124e+00 1.085456614280771781e+01 5.315405553204470124e+01
1.705024890463308518e+00 1.082359483543298140e+01 4.897339141451016076e+01
1.719373432907354227e+00 1.079138595124403999e+01 4.495863407393574818e+01
1.733119720413372367e+00 1.075855033220164181e+01 4.135212810697608177e+01
1.746195405717598792e+00 1.072427224543574020e+01 3.795228161256260080e+01
1.758696752727314516e+00 1.068852501967748836e+01 3.512091380535414942e+01
1.770738001908431336e+00 1.065262025749794184e+01 3.237065870980487858e+01
1.781923311937763543e+00 1.061409224868604007e+01 2.993326053980671730e+01
1.792688268184231326e+00 1.057628310525277016e+01 2.770044483756013420e+01
1.802851557021982742e+00 1.053625749601824602e+01 2.555911901680574516e+01
1.812473978312076905e+00 1.049646453856845518e+01 2.369834129585895965e+01
1.821710927443636274e+00 1.045524776464032080e+01 2.197402180201262567e+01
