2.191799393465098389e-01 1.550982308316407554e+01 3.683535669800713658e+06
2.272134171767358768e-01 1.520814567185028210e+01 3.093464817745935638e+06
2.355860231670120208e-01 1.491990908641030877e+01 2.596826762537167408e+06
2.443179866374360354e-01 1.467181224074975709e+01 2.181026100992988795e+06
2.533997585569806033e-01 1.442801881199118696e+01 1.816195356074121781e+06
2.628384999791936183e-01 1.421263566944767298e+01 1.538328223559280392e+06
2.726585626456509703e-01 1.400916955287526910e+01 1.293322545205524191e+06
2.828640689756132809e-01 1.382419546169828095e+01 1.085874239062722540e+06
2.934734907011385951e-01 1.365263317486339822e+01 9.119470445563688409e+05
3.044435820905225798e-01 1.350184026640720347e+01 7.665806706391888438e+05
3.158408460817960783e-01 1.335471932611986290e+01 6.455923350868159905e+05
3.276534160894736258e-01 1.322224523306439004e+01 5.428944247707213508e+05
3.398719510979425484e-01 1.309119365610147590e+01 4.583684214534964412e+05
3.525250145009996006e-01 1.298026128030230453e+01 3.844956593484153273e+05
3.656140765294683681e-01 1.287691531348351681e+01 3.239868939868740854e+05
3.791568620946754731e-01 1.277543323639633854e+01 2.731342985714989481e+05
3.930968225024098484e-01 1.268580180748654129e+01 2.303050243313372775e+05
4.075083076468955512e-01 1.260447138789792376e+01 1.940316961225724372e+05
4.223602676872141859e-01 1.252867406154076058e+01 1.639511547896084667e+05
4.376722090184081981e-01 1.245502170644202344e+01 1.381257199120636215e+05
4.534377550048936389e-01 1.239092571319511826e+01 1.170785792340674525e+05
4.696708557043363097e-01 1.233039719401699230e+01 9.876454915973826428e+04
4.863536324771104424e-01 1.227470338794120330e+01 8.353109552367021388e+04
5.034481503276250214e-01 1.222141785639340661e+01 7.082520364160109602e+04
5.210195330061943020e-01 1.217584108248970765e+01 5.994845754240011593e+04
5.390421023021439995e-01 1.213175791217427957e+01 5.083374183549130976e+04
5.575150620533526613e-01 1.208996118916076412e+01 4.304866931770365773e+04
5.764046486799599966e-01 1.205181751544058422e+01 3.618415425179717568e+04
5.955068923229053235e-01 1.201674706933723336e+01 3.103615064630450797e+04
6.144887962194626185e-01 1.198439366984814036e+01 2.652329521866948926e+04
6.335210910585639121e-01 1.195183985082707423e+01 2.274490485944697866e+04
6.528410926113490387e-01 1.192086647562614665e+01 1.953266212756218738e+04
6.726294644709069903e-01 1.189037153416899883e+01 1.674106174497392567e+04
6.928694388956014860e-01 1.186290434716064190e+01 1.434980713105980431e+04
7.138376222567822671e-01 1.183345613822703868e+01 1.227874473414857857e+04
7.354108964161790718e-01 1.180582370022603200e+01 1.050236765487470802e+04
7.578725181620133977e-01 1.178288372084174185e+01 8.965349063807503626e+03
7.810652289722479491e-01 1.175631763048063050e+01 7.637810581674812056e+03
8.052138057103702673e-01 1.173523585649645717e+01 6.439134422731540326e+03
8.302907043598979353e-01 1.171485507974607287e+01 5.521816018349481055e+03
8.563464523798970385e-01 1.169538086229891860e+01 4.681896249600049487e+03
8.833921071543819892e-01 1.167680487558841484e+01 3.959728041076030422e+03
9.114557661396563981e-01 1.166342464913166310e+01 3.349910461018631850e+03
9.405600592025064044e-01 1.164935361943381054e+01 2.829301762166979188e+03
9.707098886915106473e-01 1.163770284688216528e+01 2.386508707687093192e+03
1.001888105788593775e+00 1.162869423291297011e+01 2.012383506838101766e+03
1.034115616221672029e+00 1.162118741368438357e+01 1.682044992594179121e+03
1.067369915877584452e+00 1.161554150138833919e+01 1.427342244781777481e+03
1.101638136892811426e+00 1.161176731693565323e+01 1.193024882810294002e+03
1.136885908568120884e+00 1.160818750963470869e+01 1.010990509090931937e+03
1.173086293669924451e+00 1.160954464930514440e+01 8.502937453700114929e+02
1.210213507600254035e+00 1.160844760911428786e+01 7.162270114280379403e+02
1.248205373843488397e+00 1.161158176439909440e+01 6.021871480975863733e+02
1.287033045261541941e+00 1.161526613580814704e+01 5.074226567644284387e+02
1.326636614924982860e+00 1.162213662092100996e+01 4.279248264144400764e+02
1.366959509965946173e+00 1.162497593390891382e+01 3.607180921401119917e+02
1.407939587960558514e+00 1.163133909508431074e+01 3.045126449758701597e+02
1.448752669385488856e+00 1.164043603942969618e+01 2.565652193988410090e+02
1.487449830520805483e+00 1.164492103731833872e+01 2.207550472087442586e+02
1.524095803512470759e+00 1.164511689863652677e+01 1.903542190050086163e+02
1.558790118928547574e+00 1.164334364179037351e+01 1.654422879633031300e+02
1.591704444636813598e+00 1.163937159153160295e+01 1.445780782499989812e+02
1.622944420736044835e+00 1.163080408799705268e+01 1.262492754053261876e+02
1.652620050068608348e+00 1.162095140673669036e+01 1.119679674125332696e+02
1.680826560544391501e+00 1.160509277370897685e+01 9.909308521545072779e+01
1.707615766701624072e+00 1.158766758204585834e+01 8.761373211261383176e+01
1.733075409230706576e+00 1.156729388666228608e+01 7.851358544808014983e+01
1.757273438911297614e+00 1.154429951018048151e+01 7.014177979736265911e+01
1.780255771298018708e+00 1.151841980689375333e+01 6.280014212709783550e+01
1.802063239259140248e+00 1.148938014929950491e+01 5.619038200293221053e+01
1.822748752922296989e+00 1.145824890865270440e+01 5.076862801731422081e+01
1.842345329599133219e+00 1.142420210622245413e+01 4.575218249500411360e+01
1.860890491450014617e+00 1.138827599580056926e+01 4.133250551111569848e+01
1.878445982355204213e+00 1.135033898580503298e+01 3.740573908295795036e+01
1.894924573373615306e+00 1.130957800942275959e+01 3.380356452557229829e+01
1.910478144168576975e+00 1.126797164615002877e+01 3.079186384155521594e+01
1.925074098300132430e+00 1.122418115955486506e+01 2.800208516285573879e+01
1.938749182761878131e+00 1.117818525900110593e+01 2.553265016965596956e+01
1.951503401556281547e+00 1.113020245646536566e+01 2.329476485962652887e+01
1.963375679739788993e+00 1.108131612362902629e+01 2.129277870761870872e+01
1.974377927865032634e+00 1.103082298747759538e+01 1.947537381308836402e+01
1.984517124724689330e+00 1.097879235054939961e+01 1.784942450999553643e+01
1.993820690371760351e+00 1.092580976487250943e+01 1.638335610323247593e+01
2.002476201963395486e+00 1.087307418822422100e+01 1.506069414622952962e+01
2.009965642408280573e+00 1.081600996136333492e+01 1.381323123240834683e+01
2.016838113534805910e+00 1.075956536394926744e+01 1.277256322451648352e+01
2.022940108801337011e+00 1.070237314831070208e+01 1.176065664020200074e+01
2.028273351493810051e+00 1.064404223706031161e+01 1.087646107834742004e+01
2.032858319903843469e+00 1.058504437728561243e+01 1.009256420703068535e+01
2.036720836362848619e+00 1.052532592528853961e+01 9.361392702241161601e+00
2.039862075886530235e+00 1.046504521205535987e+01 8.670544710425621915e+00
2.042312466718192887e+00 1.040480655928306852e+01 8.070175669771215254e+00
2.044086017515813314e+00 1.034254523847305407e+01 7.527996182650769086e+00
2.045194639830055117e+00 1.028098428349014526e+01 7.003757745510272414e+00
2.045646713656178228e+00 1.021946570258375431e+01 6.562455135919626592e+00
2.045512020017822508e+00 1.015718361413972559e+01 6.115905865335744096e+00
2.044860600379642346e+00 1.009436106034917913e+01 5.750687533749307079e+00
2.043474798278209548e+00 1.003145937712880809e+01 5.403249970867424423e+00
2.041378360366755906e+00 9.968429434753097951e+00 5.080014415851340281e+00
2.038882112470194130e+00 9.905449882221857294e+00 4.772687687995598615e+00
