2.191799393465098389e-01 1.550982308316407554e+01 3.683535669800713658e+06
2.260652156860828432e-01 1.525322427942181136e+01 3.180367893856489565e+06
2.331769258743532636e-01 1.499565913818657847e+01 2.730514721739626490e+06
2.405685526736981994e-01 1.476600120496270740e+01 2.350276106257388368e+06
2.481882331001430408e-01 1.456321332913737621e+01 2.022432804764786502e+06
2.560881665337903512e-01 1.436248572391008160e+01 1.745710800393467536e+06
2.642611149202954146e-01 1.417938892398477968e+01 1.500089813875733875e+06
2.727105387743953835e-01 1.401228576368048628e+01 1.292491896032113116e+06
2.814423763603764450e-01 1.385289300316434336e+01 1.114560582739625592e+06
2.904633824916628138e-01 1.370089378308917816e+01 9.577141729427167447e+05
2.997693417368192947e-01 1.356033664642546022e+01 8.255042589830624638e+05
3.093699218598954248e-01 1.342441202563795599e+01 7.130481702377290931e+05
3.192708035193783100e-01 1.331454304650331721e+01 6.138341479896054370e+05
3.294846974443353949e-01 1.319913193491650460e+01 5.290631234480423154e+05
3.400001969442186800e-01 1.308430507912507501e+01 4.560288996870219707e+05
3.508332978949820768e-01 1.299281778450902181e+01 3.934085708748998004e+05
3.619838225066155935e-01 1.290228705521798602e+01 3.396658252599689877e+05
3.734501503724418359e-01 1.281672565836095146e+01 2.934640875373882009e+05
3.852501698954380882e-01 1.273402724139325670e+01 2.533346250665116531e+05
3.973839178767095692e-01 1.266255065288483372e+01 2.187543116778620752e+05
4.098268070343426550e-01 1.259208614098755241e+01 1.890222231953636801e+05
4.225912779247306683e-01 1.252634736475157773e+01 1.632541746533618425e+05
4.357279116569590105e-01 1.246335255238883200e+01 1.414020599569835467e+05
4.491719334332964775e-01 1.240854525364303740e+01 1.222225219849298446e+05
4.629560747034540680e-01 1.235385763043870178e+01 1.059374643278047879e+05
4.770635402345499987e-01 1.230505440428641606e+01 9.157649244806586648e+04
4.915054061559384069e-01 1.225779810705679118e+01 7.936183859803630912e+04
5.062752377380372870e-01 1.221490228460333327e+01 6.830867036952183116e+04
5.213844600945708452e-01 1.217610823734441006e+01 5.955669090912592219e+04
5.368262061615790559e-01 1.213698732258516344e+01 5.178210530817802646e+04
5.525988586068598662e-01 1.210177160686066955e+01 4.494140928319606610e+04
5.687030721558307134e-01 1.206761778552187714e+01 3.904808330481771554e+04
5.850293682648720628e-01 1.203653574218921030e+01 3.389776929759138147e+04
6.005883638116301659e-01 1.200660136561662839e+01 2.972183841629653398e+04
6.152349240569782163e-01 1.197924620497179582e+01 2.634761374689211152e+04
6.292374230373771749e-01 1.195231781184543962e+01 2.342751484943115793e+04
6.428383000814923420e-01 1.191857781434540264e+01 2.093645510222548182e+04
6.561595997552724935e-01 1.189303936006786877e+01 1.871295913332355121e+04
6.693378352227502548e-01 1.186172823918608010e+01 1.678782257731867503e+04
6.824339982975775598e-01 1.183073554814898998e+01 1.496172611654942011e+04
6.955480981778743299e-01 1.179879159732964489e+01 1.349631480510850088e+04
7.087589741647450925e-01 1.176628208838924117e+01 1.211711495446787376e+04
7.221215658721124031e-01 1.173920648672274858e+01 1.084183795828923212e+04
7.356471772786067342e-01 1.169834472267877246e+01 9.732761303342815154e+03
7.494349325626270542e-01 1.166391451997427708e+01 8.707055981049685215e+03
7.634833044760159781e-01 1.163050712622625937e+01 7.714304685716710082e+03
7.778436897158851338e-01 1.159395733396543804e+01 6.949415627322526234e+03
7.925422527935709338e-01 1.155917855279908046e+01 6.197524288916418300e+03
8.076091564262320999e-01 1.152335274047536728e+01 5.522546454334024020e+03
8.230682774498954135e-01 1.148681892008589855e+01 4.912957689830363961e+03
8.389197608200905654e-01 1.145047252491481871e+01 4.370226079144361393e+03
8.551966855843599058e-01 1.141676926219862054e+01 3.874730191888852005e+03
8.719111117651681120e-01 1.138112995028477137e+01 3.435861482000756496e+03
8.890717648871462320e-01 1.134724639432778659e+01 3.039976879119728437e+03
9.066827811901497780e-01 1.131141962914641574e+01 2.693778882469951895e+03
9.247573189662212645e-01 1.127684397058500210e+01 2.378320587544047612e+03
9.432946930062238167e-01 1.124448746782652719e+01 2.097025911281266872e+03
9.623051482390033717e-01 1.121131882406473146e+01 1.848794687368461155e+03
9.817529010992556149e-01 1.118382659974501969e+01 1.629694496236005762e+03
1.001671611085510172e+00 1.114804816291748502e+01 1.435717531793871558e+03
1.022035157328877952e+00 1.111492150238426113e+01 1.263909800636795808e+03
1.042836045924289134e+00 1.108920173062656112e+01 1.110726512554642795e+03
1.063884990234374106e+00 1.105787891959601232e+01 9.776664275420203012e+02
1.085085937158290159e+00 1.102715212485376561e+01 8.614792866053195439e+02
1.106437946175350184e+00 1.099739107711115693e+01 7.585827935972972682e+02
1.127866668544804440e+00 1.097034731101465788e+01 6.703877535181932217e+02
1.149476513271828981e+00 1.094095599978015620e+01 5.882967221959291919e+02
1.171103700137169579e+00 1.091391053330477234e+01 5.227285154498885049e+02
1.192859877654905087e+00 1.088433437973341178e+01 4.623523185612085626e+02
1.214675768763878283e+00 1.085814440412155335e+01 4.086386445225871853e+02
1.236578720692004696e+00 1.082995406855635601e+01 3.603008979302268813e+02
1.258481436874348436e+00 1.080338274196693860e+01 3.207134781510245034e+02
1.280419960124204559e+00 1.077588328558613995e+01 2.842985108244336061e+02
1.302378139950973068e+00 1.074624124913587941e+01 2.510551977026850921e+02
1.324296374528302511e+00 1.071787286819108687e+01 2.228782762683489409e+02
1.346238663589391926e+00 1.069228118192608612e+01 1.990264548195237353e+02
1.368030680064532989e+00 1.066140901451858980e+01 1.769519852202210473e+02
1.389771969178311917e+00 1.063309277644562023e+01 1.574484128681971526e+02
1.411406017177060823e+00 1.060508185631498002e+01 1.402484643489831342e+02
1.432953877953979882e+00 1.057553466318013946e+01 1.247846221610087838e+02
1.454271934822607859e+00 1.054647016642944735e+01 1.114260397189635228e+02
1.475478585335397774e+00 1.051740115472134462e+01 9.958400689805434070e+01
1.496509091550707771e+00 1.048757683242720340e+01 8.893686620560005451e+01
1.517276805085639779e+00 1.045759227010608328e+01 7.951201537437599143e+01
1.537744290271670478e+00 1.042730522041478558e+01 7.096598475845523524e+01
1.557983655543270674e+00 1.039676128505061214e+01 6.389705774687777051e+01
1.577932104077484077e+00 1.036596998372411704e+01 5.707163766267265004e+01
1.597567072878991246e+00 1.033481932368338008e+01 5.142879719810243699e+01
1.616869423659438088e+00 1.030338708025929328e+01 4.624791912655007309e+01
1.635803066871183153e+00 1.027118218548383943e+01 4.150357422698587584e+01
1.654352736674833624e+00 1.023974574734176102e+01 3.736838620582398107e+01
1.672507879702876288e+00 1.020647218252435273e+01 3.379028196904766901e+01
1.690230214824319788e+00 1.017292036069242833e+01 3.054506443982248598e+01
1.707528417473975768e+00 1.014053693467980644e+01 2.753810597296216756e+01
1.724358486580045202e+00 1.010580037553177846e+01 2.500693130408724940e+01
1.740721572371397130e+00 1.007169137543653470e+01 2.262034383001091697e+01
1.756584667548409362e+00 1.003781924852875562e+01 2.057204542173688111e+01
1.771953534780275730e+00 1.000213040583161117e+01 1.864980984623303328e+01
1.786807257849963415e+00 9.967076349365616039e+00 1.696617242376827406e+01
1.801143154944252478e+00 9.931590531387683995e+00 1.549677679292786436e+01
