2.191799393465098389e-01 1.550982308316407554e+01 3.683535669800713658e+06
2.261923530100731494e-01 1.525511375475146458e+01 3.179068200374186970e+06
2.334488313509839597e-01 1.501492501291547121e+01 2.715457688681378029e+06
2.409874704393833167e-01 1.476824679356137437e+01 2.332856515781583264e+06
2.487711371520436865e-01 1.454741701108549634e+01 1.999035838991897879e+06
2.568420816062261247e-01 1.434607265007677768e+01 1.718820554971884936e+06
2.651958911763939164e-01 1.415816159603976843e+01 1.473757876985660754e+06
2.738387251894487395e-01 1.398569561557588870e+01 1.266019608035031939e+06
2.827752453773986208e-01 1.382623636826681945e+01 1.088374906912201783e+06
2.920156899291795893e-01 1.367982537108671615e+01 9.342477951141481753e+05
3.015548065193527916e-01 1.353526690903872520e+01 8.029346941950117471e+05
3.114054024728885040e-01 1.340323699979867555e+01 6.896546918667196296e+05
3.215417303288481410e-01 1.328959070810994270e+01 5.944870946515251417e+05
3.320139991388440515e-01 1.317330198163571531e+01 5.105835499461395084e+05
3.428193128141247548e-01 1.307064626536202745e+01 4.384336104419882759e+05
3.539310623108166687e-01 1.296068703234485930e+01 3.780268427335408633e+05
3.653883737554866618e-01 1.287543201697838846e+01 3.245721723405242665e+05
3.771703442665446104e-01 1.278787533773607343e+01 2.802456846677538124e+05
3.892929792012835288e-01 1.270812145959369843e+01 2.412464143615335051e+05
4.017645244588071152e-01 1.263656162258074822e+01 2.082331023574075080e+05
4.145584297118897754e-01 1.256562081222680582e+01 1.790493702678698755e+05
4.277153548981226794e-01 1.250294310299244138e+01 1.541686842986182892e+05
4.412010512973192911e-01 1.244080547756795418e+01 1.333099965486786095e+05
4.550489924625752414e-01 1.238380129102924876e+01 1.148145685713380080e+05
4.692506569823057250e-01 1.233265973808222959e+01 9.909190496183426876e+04
4.837651757946263564e-01 1.228301753130225471e+01 8.578658837886794936e+04
4.986490475260168531e-01 1.223620735860492026e+01 7.399954061622222071e+04
5.138701927322880669e-01 1.219636754319848748e+01 6.398343583226354531e+04
5.294373227752415811e-01 1.215525688552318506e+01 5.537114602552581346e+04
5.453477504771447881e-01 1.211623871622272830e+01 4.787372620093517617e+04
5.616020252880414843e-01 1.208226535324963891e+01 4.145437219420188922e+04
5.781545178622071735e-01 1.204864532451750669e+01 3.599912331656683091e+04
5.950414904475289646e-01 1.201728602282146596e+01 3.117156296832925727e+04
6.122651460087753517e-01 1.198841997918533764e+01 2.708055667134253235e+04
6.299736414973338139e-01 1.196085029133968547e+01 2.348929064227253184e+04
6.482348271721065647e-01 1.193318745768037736e+01 2.033326423916664862e+04
6.671016138083077918e-01 1.190858412824180057e+01 1.761126531687467286e+04
6.867076365052270370e-01 1.188731998095774856e+01 1.522580695326739624e+04
7.070527726994895179e-01 1.186664008233873524e+01 1.310438040889166405e+04
7.282473449057423887e-01 1.184811893172144970e+01 1.130569310882066384e+04
7.502547628508630106e-01 1.183079135527527548e+01 9.729109878797748024e+03
7.731791326948659338e-01 1.181455822382196885e+01 8.352557890223599316e+03
7.970449410871971452e-01 1.180339384438978634e+01 7.153785418542359366e+03
8.218583818610392111e-01 1.179297689031809249e+01 6.123302600887091103e+03
8.476447619023764757e-01 1.178552717619767343e+01 5.240323738251601753e+03
8.744353650283563928e-01 1.178048643093560699e+01 4.472731899634964975e+03
9.022571171412940849e-01 1.177824020676966299e+01 3.814545773665706292e+03
9.310854361434617310e-01 1.177591106714724667e+01 3.252971751240047070e+03
9.609558227275520892e-01 1.177728348856860485e+01 2.769388907098522395e+03
9.918522492107363364e-01 1.178075762208522015e+01 2.359002355747821184e+03
1.023780663935801361e+00 1.178749319765665859e+01 2.007662644084774001e+03
1.056735678344088880e+00 1.179920063868015845e+01 1.706187050611596305e+03
1.090700756335754917e+00 1.180513427651769476e+01 1.451158031142434993e+03
1.125671610807133627e+00 1.181824916567478567e+01 1.233850264412474189e+03
1.161613554903809131e+00 1.183256018357217343e+01 1.049301737948020673e+03
1.198503977886854699e+00 1.184604969971362642e+01 8.927401489441029980e+02
1.236322705463032356e+00 1.186354187425202156e+01 7.595386672034312596e+02
1.274953652321339392e+00 1.188250361415531842e+01 6.474265474797844035e+02
1.312807661544005189e+00 1.190282535145917997e+01 5.542644782188566523e+02
1.349401320048666308e+00 1.191869889421750273e+01 4.782428684198866335e+02
1.384847470597495800e+00 1.193324114266674130e+01 4.150338114113950496e+02
1.419241665174715283e+00 1.194664713431725289e+01 3.624710344335636023e+02
1.452621473247565298e+00 1.195628221047208051e+01 3.171728594091465538e+02
1.485088438641237740e+00 1.196337516202364348e+01 2.789698884677268893e+02
1.516684194177056577e+00 1.196973162939832669e+01 2.461368144353578202e+02
1.547425171453456372e+00 1.197510513941798393e+01 2.177731309371875170e+02
1.577384246314697869e+00 1.197370947275731545e+01 1.931556739488994197e+02
1.606613519812503110e+00 1.197413248379501738e+01 1.719051429986797928e+02
1.635093585791520310e+00 1.196905671007106520e+01 1.530015446947250837e+02
1.662791059303295071e+00 1.196292854408442707e+01 1.359678032853080083e+02
1.689855562290591307e+00 1.195576271108123301e+01 1.222327127407265692e+02
1.716222679353010427e+00 1.194501244011009256e+01 1.095848651865001386e+02
1.741921043524121915e+00 1.193354012071659120e+01 9.832355974313226454e+01
1.766976798720756525e+00 1.192061445746388060e+01 8.835200025069161711e+01
1.791363283842351661e+00 1.190270795891739652e+01 7.949238668170308131e+01
1.815109524626043136e+00 1.188480924137583727e+01 7.165930116993250465e+01
1.838210272693675984e+00 1.186508128866829814e+01 6.467726381007072689e+01
1.860672757338883265e+00 1.184399500549282536e+01 5.838969090752469526e+01
1.882491996190942984e+00 1.182087558868468591e+01 5.258021983012434930e+01
1.903669733119440100e+00 1.179582369878835202e+01 4.789430794049796702e+01
1.924204551692646259e+00 1.177002590125517578e+01 4.337451824102608811e+01
1.944097717891858590e+00 1.174247457824940000e+01 3.937458220028811695e+01
1.963337972398814468e+00 1.171326213585102316e+01 3.576875130769955291e+01
1.981928485146491781e+00 1.168297910459182098e+01 3.254423415651710627e+01
1.999868993839431397e+00 1.165195959741448739e+01 2.963915387229867093e+01
2.017157601919385534e+00 1.161858767468343601e+01 2.702461956525808873e+01
2.033780586682072400e+00 1.158478709478205992e+01 2.466978576815526125e+01
2.049746534265294073e+00 1.154918358155132907e+01 2.255079560416264783e+01
2.065229251690400947e+00 1.151388505887155844e+01 2.058210391376001880e+01
2.079685368196213080e+00 1.147493286983393546e+01 1.886301515988260036e+01
2.093654125367634844e+00 1.143598259312102350e+01 1.733035224463246138e+01
2.106965790834120167e+00 1.139637045393350157e+01 1.586275601121478473e+01
2.119599484737393791e+00 1.135521874155999988e+01 1.458245137272234082e+01
2.131569800159235140e+00 1.131409327721900304e+01 1.346015325233633675e+01
2.143053592895844961e+00 1.127204546412612096e+01 1.240657744628796877e+01
2.153528839096970238e+00 1.122804503612151628e+01 1.144799965024559718e+01
2.163505425848603725e+00 1.118450510844759016e+01 1.054610570152810922e+01
2.172835378668736883e+00 1.113983655627586700e+01 9.759005408222014566e+00
2.181507016173977576e+00 1.109419784759544214e+01 9.055915194207921459e+00
2.189540210050946012e+00 1.104879607987140666e+01 8.397445603683456383e+00
