2.191799393465098389e-01 1.550982308316407554e+01 3.683535669800713658e+06
2.265576179248142974e-01 1.523870369493050880e+01 3.148497801648932975e+06
2.342151465437825320e-01 1.496632606988688252e+01 2.676807135029828642e+06
2.421804715622644377e-01 1.473869344788308489e+01 2.273899023993527982e+06
2.504265253935609725e-01 1.449806045178535996e+01 1.936083697471237974e+06
2.589870996731790109e-01 1.429329686498481067e+01 1.648389700231739320e+06
2.678619998050962292e-01 1.410206084668824289e+01 1.404474998334364733e+06
2.770574744133789125e-01 1.392716322973899779e+01 1.197263862918894505e+06
2.865821335201662601e-01 1.376641124809339978e+01 1.023500828378656995e+06
2.964297776340814594e-01 1.360882550028407856e+01 8.702576191056519747e+05
3.066196432249989057e-01 1.347244991935685654e+01 7.420030077775450191e+05
3.171631504143365698e-01 1.333708602702431634e+01 6.322916512376309838e+05
3.280471138180791613e-01 1.321081395185773388e+01 5.362159601310925791e+05
3.392751075533190219e-01 1.309892355690084109e+01 4.615542751606260426e+05
3.508749271018216653e-01 1.299677795750388754e+01 3.939205500713188667e+05
3.628464000527534261e-01 1.289523557988283997e+01 3.358539041233688476e+05
3.751657943899693870e-01 1.280670996961737451e+01 2.867656023476778064e+05
3.878718287570667722e-01 1.271775396652162371e+01 2.454174058448949654e+05
4.009531007011596371e-01 1.264031224105113616e+01 2.094483495554453984e+05
4.144039939290046770e-01 1.256700020673526197e+01 1.792893627057434351e+05
4.282491564343556822e-01 1.249907669887967820e+01 1.533089575828042289e+05
4.424643743171650101e-01 1.243436855535012597e+01 1.311507649415794876e+05
4.570797364341027680e-01 1.237334547433608911e+01 1.112291629959799902e+05
4.720731525666109207e-01 1.232301755783701402e+01 9.620613053005802794e+04
4.874514695778620066e-01 1.227214717847325076e+01 8.259013427450925519e+04
5.031810611299147862e-01 1.221992140363513357e+01 7.088577809916916885e+04
5.193225783955608410e-01 1.218102867979825632e+01 6.021175859612470958e+04
5.358269891701450405e-01 1.213908820797513854e+01 5.226140978994980105e+04
5.527199324882668963e-01 1.210121487934546991e+01 4.488136300257770199e+04
5.699945709398591687e-01 1.206370129044855410e+01 3.853503959964310343e+04
5.875184768588427309e-01 1.202958597128781015e+01 3.322141504624327354e+04
6.048381952475927470e-01 1.199953926612269761e+01 2.876397533700744316e+04
6.219980040764958584e-01 1.197005453687624588e+01 2.496504823042087446e+04
6.391840366066602330e-01 1.194139078587008562e+01 2.151990281588338621e+04
6.565033715430070860e-01 1.191251222774453566e+01 1.894982152486499035e+04
6.741200945766414598e-01 1.188472829885222914e+01 1.649203687166660893e+04
6.921142201490481094e-01 1.185474385535006370e+01 1.436721815507450992e+04
7.105447293112154838e-01 1.182918913727408317e+01 1.251135235359617036e+04
7.294401569950748065e-01 1.180127166076489509e+01 1.087562852692734305e+04
7.489319833717439368e-01 1.177826795630349110e+01 9.445945866032243430e+03
7.690556568781736768e-01 1.175107733208532146e+01 8.198657508034284547e+03
7.898228727021830986e-01 1.172821005115447335e+01 7.090843814525079324e+03
8.113024823489204396e-01 1.170405999752340165e+01 6.140690062253034739e+03
8.334997251152079789e-01 1.168419005828815216e+01 5.301186497691039222e+03
8.556673938451394568e-01 1.166574879226422823e+01 4.594547506317011539e+03
8.773442698091526992e-01 1.164557439899962610e+01 4.001583899693721378e+03
8.986175853986414497e-01 1.162301555387730190e+01 3.500713696045830602e+03
9.195611049606532417e-01 1.160405879778829430e+01 3.069617714821775280e+03
9.402732468216128403e-01 1.158193290735368564e+01 2.697374314742689421e+03
9.607118061792625507e-01 1.155934476109501396e+01 2.380140228469664180e+03
9.810075620381991657e-01 1.153597222864350336e+01 2.099532296107064212e+03
1.001185846407056879e+00 1.151207085627045856e+01 1.856000272994695479e+03
1.021266051233207017e+00 1.148998006745978806e+01 1.640286357490227829e+03
1.041290873153520646e+00 1.146124366099357950e+01 1.452053981212651024e+03
1.061264646233408104e+00 1.143467061221379311e+01 1.287154040625224297e+03
1.081230586210677913e+00 1.140639259913349335e+01 1.140983670620165640e+03
1.101189009779941497e+00 1.137775620796477938e+01 1.013187402781647506e+03
1.121166897399706430e+00 1.134904018891890587e+01 8.993893109338798695e+02
1.141269648816338300e+00 1.132307923143324935e+01 7.973918500172361519e+02
1.161154773187234923e+00 1.129051514789216704e+01 7.082738024356284541e+02
1.181188039853254601e+00 1.125623647333600452e+01 6.287141839030097117e+02
1.201246841305692259e+00 1.122451198156274543e+01 5.550471404041863934e+02
1.221322619317271041e+00 1.119222949792019151e+01 4.961406936024455945e+02
1.241406777764134883e+00 1.116062177260882216e+01 4.382685499297743945e+02
1.261497487085664559e+00 1.112404298689673610e+01 3.919133287678722013e+02
1.281587405798936707e+00 1.109080543478138381e+01 3.483705863476836839e+02
1.301655538977248616e+00 1.105402981938755147e+01 3.087022105937720653e+02
1.321690846323057666e+00 1.101926658069472253e+01 2.758799985619521067e+02
1.341680373250843550e+00 1.098201954125092605e+01 2.453666881691113986e+02
1.361608117411055696e+00 1.094494917325319072e+01 2.185456736071215289e+02
1.381451252019597398e+00 1.090715801933981766e+01 1.945763672480015600e+02
1.401194809590460943e+00 1.086977253083896322e+01 1.734381768819346519e+02
1.420807571326430097e+00 1.083290816210977425e+01 1.547142726746934329e+02
1.440281138926505555e+00 1.079224985892265387e+01 1.374414435931245464e+02
1.459589844572761974e+00 1.075262391003853857e+01 1.232407829895974771e+02
1.478699951753075448e+00 1.071264972973046170e+01 1.101104591388129847e+02
1.497600295658457759e+00 1.067241047531877207e+01 9.843772035143841492e+01
1.516265216592522336e+00 1.063194420215509517e+01 8.806753087494470833e+01
1.534666983790016870e+00 1.059120517595747835e+01 7.886697055323661232e+01
1.552785642003290612e+00 1.054953785712126191e+01 7.039669139052156766e+01
1.570597767699839054e+00 1.050820417708945520e+01 6.311642603497891457e+01
1.588074698605846047e+00 1.046580526689914770e+01 5.665422160863177936e+01
1.605199274937799458e+00 1.042255707650653029e+01 5.112990367773653588e+01
1.621954736817909470e+00 1.037970000665257153e+01 4.600945693336480957e+01
1.638313589799566206e+00 1.033570552886240357e+01 4.139961071456980335e+01
1.654252445451637632e+00 1.029231770188880546e+01 3.718985215814070955e+01
1.669753292346139562e+00 1.024777817710179662e+01 3.359174302090270459e+01
1.684804265590545302e+00 1.020341299507767907e+01 3.041288120079435942e+01
1.699380858654770954e+00 1.015849199191668362e+01 2.744307475017696873e+01
1.713465269541565528e+00 1.011299991345496530e+01 2.486380701777114410e+01
1.727052615398357194e+00 1.006727780383635285e+01 2.261568394314897290e+01
1.740117252565245964e+00 1.002194826335456845e+01 2.053310072673145470e+01
1.752655059100941770e+00 9.975663290210782463e+00 1.860999568405478044e+01
1.764649783068772626e+00 9.928932486198878138e+00 1.699970454249504215e+01
1.776093885051642340e+00 9.881988666612951278e+00 1.549294845288077660e+01
1.786977472597485184e+00 9.834812128977375778e+00 1.414948170991923959e+01
1.797295070227977298e+00 9.787342478277844648e+00 1.293043515394435872e+01
1.807043506196979843e+00 9.740141542067528135e+00 1.183797295095352453e+01
1.816214896248837363e+00 9.692078404343655862e+00 1.082393696877654676e+01
1.824801849771684914e+00 9.643913126024925120e+00 9.936960958926587040e+00
