2.191799393465098389e-01 1.550982308316407554e+01 3.683535669800713658e+06
2.257464500356980430e-01 1.527752863273179784e+01 3.215367927168951370e+06
2.325105190043952330e-01 1.501689225151518059e+01 2.766649554861745797e+06
2.395210305439355036e-01 1.480202035477505262e+01 2.407996304344678298e+06
2.467681436790957195e-01 1.459184810124475185e+01 2.082066773849032121e+06
2.542520851312258245e-01 1.440640899156774424e+01 1.804876506989199203e+06
2.619834308330089567e-01 1.423157151757375516e+01 1.562936809107701294e+06
2.699662636872696142e-01 1.405625533397788907e+01 1.356545376209978713e+06
2.782047764956621649e-01 1.391080135499311332e+01 1.171936427897436544e+06
2.867026602169636118e-01 1.375917958168100341e+01 1.018807820975408191e+06
2.954566226347063451e-01 1.362085016346698652e+01 8.860996996645005420e+05
3.044845560284927810e-01 1.349593126859042513e+01 7.664557486778164748e+05
3.137915940058704778e-01 1.337384770389906663e+01 6.668020428697009338e+05
3.233582286223108393e-01 1.327030616372809746e+01 5.778537641997069586e+05
3.332111149316703269e-01 1.316001473956907830e+01 5.017448991398004000e+05
3.433458588247361720e-01 1.305890334357674298e+01 4.361013829883261351e+05
3.537652580142681691e-01 1.296877252907844102e+01 3.782228281070631929e+05
3.644948545479540503e-01 1.288784673540055081e+01 3.285502600861986866e+05
3.754801661506035337e-01 1.280150674405960487e+01 2.854530168337909272e+05
3.867837408109764952e-01 1.272536876087101021e+01 2.479186507197647879e+05
3.983793091856548951e-01 1.265927740973577365e+01 2.159837640810255543e+05
4.102921735991856278e-01 1.258901018918589365e+01 1.875011646426740917e+05
4.224689613462105364e-01 1.252739643515092105e+01 1.635575881633532117e+05
4.349885904845946505e-01 1.246875104059705919e+01 1.423663584270066640e+05
4.477918961662012420e-01 1.241488239444140973e+01 1.241209417654601857e+05
4.609109917015941082e-01 1.236365032140481368e+01 1.078978779307788063e+05
4.743141173774404473e-01 1.231492839269150252e+01 9.434231996840846841e+04
4.880351025868922554e-01 1.226748123870437368e+01 8.225754429851472378e+04
5.020333875348419461e-01 1.222594133416867024e+01 7.155254077545194014e+04
5.163516723948751164e-01 1.218876169319799274e+01 6.255508124504975422e+04
5.309738715688023802e-01 1.214921827188732628e+01 5.458007986381511728e+04
5.458968464969460310e-01 1.211473124027748582e+01 4.768729358391770074e+04
5.611208110663665760e-01 1.208181680061034768e+01 4.164668360777355701e+04
5.766129943716391537e-01 1.205097638985949615e+01 3.611291426348373352e+04
5.921684332247263427e-01 1.202277181473528067e+01 3.193446271347750007e+04
6.072432784436038178e-01 1.199545330770076035e+01 2.814471773841072718e+04
6.220474505279980360e-01 1.196875984417389738e+01 2.494909650424038045e+04
6.366953629872350584e-01 1.194240618612866811e+01 2.216827222136294222e+04
6.513274098066579310e-01 1.191610480251855719e+01 1.963185001956687847e+04
6.660225938022246162e-01 1.188946855418788573e+01 1.748768976592218678e+04
6.808667485870619762e-01 1.186043904215565981e+01 1.556928641414016056e+04
6.958999978856563740e-01 1.183978563492507519e+01 1.383633167134284849e+04
7.112098940054167873e-01 1.180691688780059501e+01 1.232443203414455456e+04
7.268228665293475776e-01 1.178315613028301811e+01 1.092796882356825154e+04
7.427888350147203722e-01 1.176038943203550602e+01 9.693411046347613592e+03
7.591390234125017233e-01 1.173086560572351900e+01 8.599624206765931376e+03
7.759130003432354039e-01 1.170939739293873494e+01 7.610230728392421952e+03
7.931366122199997593e-01 1.168621962005268067e+01 6.731353719134531275e+03
8.108374614744403575e-01 1.165971624217330138e+01 5.960051369354050621e+03
8.280988084493063894e-01 1.163632611608293033e+01 5.263095332990124916e+03
8.446589971622620041e-01 1.161360908949906445e+01 4.724076802486488305e+03
8.613987750104912244e-01 1.158993252354861170e+01 4.209310705113475706e+03
8.781121633389388226e-01 1.156211770088059332e+01 3.767184612015872517e+03
8.950947279996931405e-01 1.153969510078506211e+01 3.367491002546473283e+03
9.122661153346450780e-01 1.151472850948324123e+01 3.003183630254866330e+03
9.296487746671474595e-01 1.149016485016140088e+01 2.681171958699043444e+03
9.472600261853295622e-01 1.146423364635993813e+01 2.390295854153973778e+03
9.651187493894556324e-01 1.143753950729492530e+01 2.131827100497196170e+03
9.831874793350997566e-01 1.141171025127665750e+01 1.902213629970974353e+03
1.001554427765330990e+00 1.138650498637827724e+01 1.694880660186461910e+03
1.020174665890065002e+00 1.136127510031840160e+01 1.509283855270832419e+03
1.039037680739686165e+00 1.133450832554468768e+01 1.345527078801038215e+03
1.058159975714208834e+00 1.130928230052039574e+01 1.198030060014633364e+03
1.077545309386390704e+00 1.128370151338360827e+01 1.066935818876152325e+03
1.097178908761391014e+00 1.126103639944166979e+01 9.498679843741416562e+02
1.117066186261937322e+00 1.123469543048558883e+01 8.447869986148955377e+02
1.137191789280589838e+00 1.120610481931935531e+01 7.525522333052741715e+02
1.157548905735725109e+00 1.118364482484711964e+01 6.658946469065739393e+02
1.178114126419101293e+00 1.115432201843706750e+01 5.958357198966973556e+02
1.198979054590491700e+00 1.112822521663046516e+01 5.277313146882750061e+02
1.219873414813284151e+00 1.110348895087187238e+01 4.725094770189477913e+02
1.241021656719844435e+00 1.107753297365194634e+01 4.177593416996171527e+02
1.262334818184946528e+00 1.105032611447818525e+01 3.743564970692750649e+02
1.283790222583871765e+00 1.102619929665572052e+01 3.332778568468645517e+02
1.305372815900199379e+00 1.100166061788599592e+01 2.966876639247996650e+02
1.327053031173565989e+00 1.097494403290411746e+01 2.644081569831004117e+02
1.348813758550174935e+00 1.094924862801789978e+01 2.356674345251325633e+02
1.370635899067716768e+00 1.092297236614754929e+01 2.101355237705026866e+02
1.392495056349933646e+00 1.089796643647663643e+01 1.874406713500091257e+02
1.414360827531793152e+00 1.087489343053405655e+01 1.673257308981139317e+02
1.436218441771786702e+00 1.084602169320047516e+01 1.488043002651393749e+02
1.458034952395929951e+00 1.082014578116929471e+01 1.335552573353821515e+02
1.479791937424227877e+00 1.079493723228502233e+01 1.193948320008521335e+02
1.501465689127484682e+00 1.076800684393868757e+01 1.068700896607046218e+02
1.523028198871958283e+00 1.074129346963096943e+01 9.567960320150761788e+01
1.544440452935631480e+00 1.071509390799293548e+01 8.575541623760791765e+01
1.565689871101128450e+00 1.068819773375148863e+01 7.694360538390071724e+01
1.587095093524228950e+00 1.066368240801197054e+01 6.849067308184874037e+01
1.607598140554942656e+00 1.063409956107270915e+01 6.193085299047621817e+01
1.628202915599214595e+00 1.060730968780296202e+01 5.578777408308391017e+01
1.648543038780322156e+00 1.057968643917891960e+01 4.998258981069524509e+01
1.668593236813954661e+00 1.055121386570204756e+01 4.520240307479892294e+01
1.688334073400887592e+00 1.052309350662963539e+01 4.078501785914972544e+01
1.707895151668943790e+00 1.049616730349108273e+01 3.624229659326612563e+01
1.726786625351690363e+00 1.046494026310455716e+01 3.327826623403435491e+01
1.745460388694786813e+00 1.043681243090098043e+01 3.011455651031637615e+01
1.763969350743319842e+00 1.040788264314038436e+01 2.698545188715016607e+01
1.781594840017736825e+00 1.037691668355300223e+01 2.474348688604723279e+01
1.799022251147542661e+00 1.034611252912142731e+01 2.245069870632079301e+01
1.816205481286429890e+00 1.031709055174947665e+01 2.024098949687274640e+01
