2.191799393465098389e-01 1.550982308316407554e+01 3.683535669800713658e+06
2.249432804445197776e-01 1.528820915520832813e+01 3.246478029619535431e+06
2.308620699504071172e-01 1.507658876491077038e+01 2.864081480434232391e+06
2.369728060519805390e-01 1.487897653807029741e+01 2.528235540137791540e+06
2.432736529446468121e-01 1.469293304457960225e+01 2.224406375909792725e+06
2.497445859874763419e-01 1.451566360526444477e+01 1.963260232954685576e+06
2.564079333815837414e-01 1.435696599292812259e+01 1.732430068807608215e+06
2.632624472257265591e-01 1.420154895603042000e+01 1.526390080807860475e+06
2.703120525627148996e-01 1.406297243896305638e+01 1.345154388680774486e+06
2.775606453862756173e-01 1.394320022108079549e+01 1.186572293636803282e+06
2.850111864668105066e-01 1.378976760466532170e+01 1.049596577583552804e+06
2.926721881160005978e-01 1.366847842578741101e+01 9.242738453895585844e+05
3.005228843000380956e-01 1.355007429682419051e+01 8.152850175365180476e+05
3.086032716769451789e-01 1.344108115922185931e+01 7.209960837705187732e+05
3.168669808136646560e-01 1.334567885829991951e+01 6.347963554878078867e+05
3.253547598133263441e-01 1.324639830989782574e+01 5.625185137506377650e+05
3.340670059615906684e-01 1.314856593005105800e+01 4.956542546982690692e+05
3.429976195689075635e-01 1.306716541406559351e+01 4.370429222491923720e+05
3.521431141837443324e-01 1.298206687264629267e+01 3.869989458353734808e+05
3.615162522412054824e-01 1.290488167138019016e+01 3.418204256196453352e+05
3.711164037655708126e-01 1.283236393445247892e+01 3.017870590621820302e+05
3.809654490406492178e-01 1.276243955083635306e+01 2.668274354302134016e+05
3.910077736934284842e-01 1.269872275389905703e+01 2.341731903206869902e+05
4.013145987379597157e-01 1.263781966162875747e+01 2.087176835283915570e+05
4.118186347045080242e-01 1.257500600643166955e+01 1.846395689928715874e+05
4.225713760263751229e-01 1.252599724874534992e+01 1.631970994632416114e+05
4.335698796810785738e-01 1.247430542677412291e+01 1.448608107236841170e+05
4.448150633060353742e-01 1.242976278524194456e+01 1.280998159732628410e+05
4.562591023933147416e-01 1.237905044029474588e+01 1.133561661671566690e+05
4.679697573534125632e-01 1.233697637202845421e+01 1.004482160250217421e+05
4.798870605841510928e-01 1.230115112110697950e+01 8.890532000566554780e+04
4.920621607844535284e-01 1.225761460847793494e+01 7.896028531147936883e+04
5.044549259064275981e-01 1.221959123101738776e+01 7.002396797906873689e+04
5.170991114867831140e-01 1.218695078115006325e+01 6.148068141977611958e+04
5.299595548668675216e-01 1.215362577246343889e+01 5.510952173764145846e+04
5.430623043281974649e-01 1.212083485320432530e+01 4.897054624594326742e+04
5.563984038385497710e-01 1.209287082099639399e+01 4.339573774391553889e+04
5.699697734943008909e-01 1.206460871737358787e+01 3.858699631515781221e+04
5.837392772637183258e-01 1.203778311413919333e+01 3.431690708564855595e+04
5.975683898618469048e-01 1.201374432126730873e+01 3.051327658672720281e+04
6.115168114703258828e-01 1.198826730981879507e+01 2.726348072904613218e+04
6.256413160423842656e-01 1.196555286396439577e+01 2.426059313455786469e+04
6.399999591812508548e-01 1.194898691355545495e+01 2.164798055875743012e+04
6.546316433649127520e-01 1.192037388827468014e+01 1.932366149544988366e+04
6.695813552473004471e-01 1.190077959575508793e+01 1.721232747101427594e+04
6.849298986078552476e-01 1.188097801921181862e+01 1.532008204874958028e+04
7.006625047819298180e-01 1.186411528894663370e+01 1.364223213968598247e+04
7.168634799516442335e-01 1.184379817789855061e+01 1.214473382676770962e+04
7.335054638283148298e-01 1.182562516375880968e+01 1.078547139731353673e+04
7.506554694377430836e-01 1.181003030703762136e+01 9.482724616077128303e+03
7.683445148585690276e-01 1.179630112899104155e+01 8.476509955405681467e+03
7.864916302996988184e-01 1.178260215090832297e+01 7.513294535643867675e+03
8.052336859984831063e-01 1.177015122174236339e+01 6.653000829262927255e+03
8.245318344360273999e-01 1.175767821162932947e+01 5.882280173108059898e+03
8.444187944653037681e-01 1.174802088040236292e+01 5.201792529079833002e+03
8.648894565735970597e-01 1.173928131895638316e+01 4.588876163633576653e+03
8.859638352793736127e-01 1.173201029409823803e+01 4.029453676683316189e+03
9.076434426708248626e-01 1.172474319525425912e+01 3.569802066360571189e+03
9.299281460085098150e-01 1.171976931329266947e+01 3.146489537295848095e+03
9.528344096903005322e-01 1.171514373169291900e+01 2.772530832139055292e+03
9.763708275690234917e-01 1.171237692306720390e+01 2.437988412526064621e+03
1.000499454061067439e+00 1.170897140373335255e+01 2.146128354680501616e+03
1.025254281117894406e+00 1.171045824647391598e+01 1.889173180035696532e+03
1.050623596663989856e+00 1.171134178682935456e+01 1.657989795297906767e+03
1.076589113224405647e+00 1.171580701261013502e+01 1.459574316475894875e+03
1.103162274250399921e+00 1.171634824038283718e+01 1.284423611642081596e+03
1.130319324552149229e+00 1.172177178816976628e+01 1.120097818911049217e+03
1.158046243225224536e+00 1.172806028112595733e+01 9.922864349046947154e+02
1.186341830503023553e+00 1.173193443369372346e+01 8.728413350738985628e+02
1.215184359370986789e+00 1.173886590414862674e+01 7.671334627608520123e+02
1.244557203898345010e+00 1.174924982241263649e+01 6.748581962065075004e+02
1.274441368024440191e+00 1.175609713835108394e+01 5.894533634358197105e+02
1.304817723825205222e+00 1.176581002605676218e+01 5.219953321718453481e+02
1.335527921281198571e+00 1.177488683965929894e+01 4.583763706187581306e+02
1.366123619635749575e+00 1.178558334309204803e+01 4.058229039004829133e+02
1.396548040673198710e+00 1.179592464941836383e+01 3.592065573214916299e+02
1.426795412682977826e+00 1.180844107774287544e+01 3.183498899650751923e+02
1.456877606040233974e+00 1.181655142267206848e+01 2.828355378127025119e+02
1.486790015854254854e+00 1.182657561249269307e+01 2.517252321417079770e+02
1.516520556271055975e+00 1.183184842051627506e+01 2.244659275188101333e+02
1.546065266929759208e+00 1.183928857710134075e+01 2.003719151730844032e+02
1.575407585887945716e+00 1.184634242410480987e+01 1.792173514739047562e+02
1.604531554145524952e+00 1.185318549129038246e+01 1.602426783962572188e+02
1.633439538438195004e+00 1.185643186911239155e+01 1.436739846090697768e+02
1.662134060224840004e+00 1.186114864701463212e+01 1.289364554407800654e+02
1.690576170853739901e+00 1.186563510846363556e+01 1.158406962843189945e+02
1.718770658005980723e+00 1.186739040816456026e+01 1.041655045267562230e+02
1.746680603917653896e+00 1.186984823170693204e+01 9.372154281638022155e+01
1.774322935519052624e+00 1.186982278649344558e+01 8.460343329382045852e+01
1.801649172663053688e+00 1.187005328949695659e+01 7.629270528038469479e+01
1.828682399397254965e+00 1.187226410107227892e+01 6.890485087374568707e+01
1.855392610546985344e+00 1.186956455239986674e+01 6.231177694634927633e+01
1.881749858110820295e+00 1.186538193086218662e+01 5.644847311418600810e+01
1.907773558353980103e+00 1.186179531329994319e+01 5.116922548078360222e+01
1.933390679198736972e+00 1.185718471699449950e+01 4.638563045002432261e+01
1.958647480148108189e+00 1.185210058647070674e+01 4.212468188272308112e+01
1.983499038762730260e+00 1.184548056510422498e+01 3.831117332317765545e+01
2.007949354746536574e+00 1.183880070115185745e+01 3.484752977250662553e+01
2.031937962084098714e+00 1.183034744344283595e+01 3.176278523068617687e+01
2.055507578465391560e+00 1.182195606786882003e+01 2.885893022194492730e+01
