2.191799393465098389e-01 1.550982308316407554e+01 3.683535669800713658e+06
2.247187428166658452e-01 1.530853284850334006e+01 3.281802470562726259e+06
2.303906645970872080e-01 1.509941967081819492e+01 2.902971835446678102e+06
2.362493017903509185e-01 1.490279146075699579e+01 2.558540151481277775e+06
2.422735096589570536e-01 1.472397829962195459e+01 2.267230328463934362e+06
2.484548539445770587e-01 1.455233056569777972e+01 2.014277922192982165e+06
2.548248037545635669e-01 1.439269334504162501e+01 1.766372616800789721e+06
2.613544037826932009e-01 1.424744589006047590e+01 1.583244401587220374e+06
2.680709127457324148e-01 1.409891650922264894e+01 1.402201176717483671e+06
2.749702852605656056e-01 1.396746566395202649e+01 1.240303595479442272e+06
2.820542675207216576e-01 1.383770523278933418e+01 1.102630230634872802e+06
2.893262199953206548e-01 1.371761870026613295e+01 9.776594391149983276e+05
2.967775491509923591e-01 1.360504096071741920e+01 8.675577156078717671e+05
3.044286336649409952e-01 1.349549141433072919e+01 7.667329300970290788e+05
3.122700502736154848e-01 1.339506125007177140e+01 6.820113162581665674e+05
3.203380407464951340e-01 1.330165783810985580e+01 6.040393703440201934e+05
3.285567062427732776e-01 1.320514052710207231e+01 5.366769201683319407e+05
3.369948130675775033e-01 1.312427375441452604e+01 4.713351056573616224e+05
3.456342493544317107e-01 1.303817467186998158e+01 4.231729832067854004e+05
3.544878168336306756e-01 1.295893372003017063e+01 3.747701027837334550e+05
3.635501042472997213e-01 1.289041950176757823e+01 3.333828035157821723e+05
3.728049215776251257e-01 1.282046117051594614e+01 2.953623781631162274e+05
3.822984540753570637e-01 1.275410992654737008e+01 2.598094260730824317e+05
3.919731282682825113e-01 1.269785181300553312e+01 2.317172424109562417e+05
4.018820549424885202e-01 1.263353733935696965e+01 2.070529826924521476e+05
4.119877741945130456e-01 1.257898374019531040e+01 1.845660155207826756e+05
4.223185382460177273e-01 1.252840974943874919e+01 1.637495167253763648e+05
4.328722109660377848e-01 1.247957957137892393e+01 1.456740853761421167e+05
4.436473325513012878e-01 1.243118598519393281e+01 1.282587118788461084e+05
4.546220548544843143e-01 1.238533857847626329e+01 1.155199960081057507e+05
4.658390122814980439e-01 1.234557990884130518e+01 1.029363535079826688e+05
4.772538821104109763e-01 1.230361091576289923e+01 9.139141104064058163e+04
4.888901288278430513e-01 1.226749844226034369e+01 8.133477170442268834e+04
5.007254142890431581e-01 1.223077341920643768e+01 7.256710453413431242e+04
5.127907481482267826e-01 1.219777087469265453e+01 6.459625567846407648e+04
5.250731748572536883e-01 1.216551475916691238e+01 5.753011167809319886e+04
5.375714383970180421e-01 1.213617477343180973e+01 5.138619695385218802e+04
5.502839410329776193e-01 1.210539051471747385e+01 4.591491961799833371e+04
5.632141474148741889e-01 1.208078455488989356e+01 4.082869020254144561e+04
5.763260075207424782e-01 1.205541758555453491e+01 3.615998834926645941e+04
5.895576458839670853e-01 1.202802503793328803e+01 3.262390717764871442e+04
6.026803195009327041e-01 1.200310233041905406e+01 2.927883929914516921e+04
6.157241776585109516e-01 1.198142896015552417e+01 2.629635728401132292e+04
6.287968187933987707e-01 1.195763902586985594e+01 2.341739094982051029e+04
6.419437939990344510e-01 1.193688233088953865e+01 2.126700324236434972e+04
6.552626613707144276e-01 1.191667848934669038e+01 1.913976783922058166e+04
6.687245218527345658e-01 1.189207281757646584e+01 1.724181669408530797e+04
6.824955269183232698e-01 1.187263824722585426e+01 1.550136523947038586e+04
6.964358496503642026e-01 1.185385251536467344e+01 1.395117489501398268e+04
7.107166328803636857e-01 1.183543694481940989e+01 1.252864931166230599e+04
7.252575350856124148e-01 1.181474638395977728e+01 1.127854924900868718e+04
7.401797525418519763e-01 1.179633491942731993e+01 1.010095859184431720e+04
7.554721289512407179e-01 1.177918816631313526e+01 9.072815358312229364e+03
7.711496903816704718e-01 1.176123498404328060e+01 8.142855168577432778e+03
7.872609139803375955e-01 1.174528588579316057e+01 7.285148357398118605e+03
8.037163270566752837e-01 1.172606591678605525e+01 6.522001991555161112e+03
8.206389615028452100e-01 1.171323706139552456e+01 5.831084108070164802e+03
8.380065428474748890e-01 1.169839375642219004e+01 5.215768413265743220e+03
8.558317670427146862e-01 1.168368577310464929e+01 4.648921415665994573e+03
8.741155886683936727e-01 1.167060253204756037e+01 4.157014197463805431e+03
8.928691103992989486e-01 1.165784858999172791e+01 3.705035672537443133e+03
9.121022661299282852e-01 1.164797947500354880e+01 3.301571602150635954e+03
9.318234422463208544e-01 1.164073515805034198e+01 2.940431302458566279e+03
9.520197062193208604e-01 1.162772610267143847e+01 2.620880227989369814e+03
9.727036906387613868e-01 1.161847078567983793e+01 2.328679447890559459e+03
9.938698622263226756e-01 1.161064888373179826e+01 2.062926192437202644e+03
1.015528825922349609e+00 1.160830841874665076e+01 1.827387295665810825e+03
1.037655788844267235e+00 1.159714883436991251e+01 1.637767726933348968e+03
1.060266644415540860e+00 1.159274825903573181e+01 1.455001774135683263e+03
1.083351174829975783e+00 1.159035893775792836e+01 1.293510352598105101e+03
1.106891329486633158e+00 1.158393591082955432e+01 1.148948639319411086e+03
1.130886898964270637e+00 1.158366842110167383e+01 1.019921630121858470e+03
1.155326520025991233e+00 1.157952682693171553e+01 9.067601601519652377e+02
1.180026715603647025e+00 1.157962189405812481e+01 8.056290352626006097e+02
1.204908917751745356e+00 1.157617527479599495e+01 7.175155256682868412e+02
1.229990206685786847e+00 1.157602753982686572e+01 6.381944065488488604e+02
1.255213848467995774e+00 1.157497101779818571e+01 5.656162434517938209e+02
1.280621632419533640e+00 1.157480859532953232e+01 5.081437411848792749e+02
1.306169478712471133e+00 1.157367829527198921e+01 4.532849456992148021e+02
1.331874467565365094e+00 1.157751652933911757e+01 4.051668744017111408e+02
1.357688670886865179e+00 1.157357065313612843e+01 3.599212747882284589e+02
1.383601624709843492e+00 1.157412599140033116e+01 3.239110187464452792e+02
1.409612501412490504e+00 1.157374816126106154e+01 2.901547779974349623e+02
1.435726179812337078e+00 1.157668853640030093e+01 2.598491528186875712e+02
1.461932299490115827e+00 1.157378764969895180e+01 2.330308931548102578e+02
1.488147924173963688e+00 1.157598751091571643e+01 2.089800903734459894e+02
1.514404929571467218e+00 1.157297657570981286e+01 1.877545646481890458e+02
1.540683529755937364e+00 1.157145754690606232e+01 1.678075078380286413e+02
1.566947293237967109e+00 1.157034635789696253e+01 1.518627457656178308e+02
1.593188050126509214e+00 1.156893970100416702e+01 1.364940942208789920e+02
1.619397758676597743e+00 1.156742764153125691e+01 1.229055926533120413e+02
1.645551814800141122e+00 1.156577440361849440e+01 1.107758549675991446e+02
1.671639474182299967e+00 1.156485808994134601e+01 9.996984271359390561e+01
1.697587408480761395e+00 1.156017145090425480e+01 9.022267539382515622e+01
1.723438370157752919e+00 1.155703304053122338e+01 8.148575621903155763e+01
1.749140159949265527e+00 1.155356036446763390e+01 7.360798177743296833e+01
1.774677230137291950e+00 1.155343093771138108e+01 6.662369667653663896e+01
1.800044008260547335e+00 1.154553914628032985e+01 6.033160126636598619e+01
1.825204976054509265e+00 1.154036324975600891e+01 5.463217798624187793e+01
1.850184027252485430e+00 1.153491118293590922e+01 4.952083190519687150e+01
