2.191799393465098389e-01 1.550982308316407554e+01 3.683535669800713658e+06
2.250037854603336718e-01 1.528304878249719501e+01 3.248225869569669012e+06
2.309914782464322913e-01 1.508671056356438811e+01 2.865673819897602778e+06
2.371721776366949586e-01 1.487634471414766502e+01 2.514725119848403614e+06
2.435466458564301828e-01 1.471614700363074313e+01 2.210809647400277667e+06
2.500956993637081238e-01 1.451172182231156960e+01 1.947640001420223620e+06
2.568418392388535088e-01 1.434247921014169158e+01 1.718768174799068365e+06
2.637833680971057859e-01 1.418288720335040409e+01 1.515585787967647659e+06
2.709245019292840229e-01 1.403186199075918417e+01 1.331846255972057814e+06
2.782687531919187940e-01 1.391251374035350885e+01 1.177514324211128987e+06
2.858198718497119151e-01 1.377416672444817181e+01 1.034988285426151589e+06
2.935929681357853926e-01 1.364895278295122161e+01 9.118439984893323854e+05
3.015534869008240637e-01 1.353592542322137326e+01 8.038071181343558710e+05
3.097174312293568543e-01 1.342193567790517506e+01 7.084766589114322560e+05
3.181254426116174594e-01 1.332519932856924427e+01 6.236836347854585620e+05
3.267372715916243009e-01 1.322545852327200677e+01 5.501835230163616361e+05
3.355736047100567054e-01 1.313421818901162652e+01 4.852368991625803756e+05
3.446364842125445027e-01 1.304664775444501501e+01 4.287450147244280670e+05
3.539287327451618448e-01 1.296444087236626075e+01 3.782895033389885793e+05
3.634581698852331622e-01 1.289221071429335375e+01 3.333720524657442002e+05
3.731992654494388773e-01 1.281684629651486773e+01 2.941788634357198607e+05
3.831973301623307071e-01 1.274921348897574802e+01 2.600222288472301734e+05
3.934079197779428161e-01 1.268667615346491750e+01 2.300651288859722554e+05
4.038600635596861221e-01 1.262447718076971626e+01 2.025605148201719858e+05
4.145548934411221742e-01 1.256504275657643888e+01 1.789494761020202131e+05
4.255070373173683862e-01 1.251264752167535121e+01 1.581186010866053111e+05
4.366695900786719542e-01 1.246062020160082184e+01 1.399194707280107250e+05
4.480928655546953521e-01 1.241217795505961341e+01 1.234664229509652650e+05
4.597586154750185616e-01 1.236660033554089289e+01 1.094328851354175567e+05
4.716541113202608049e-01 1.232526823666438887e+01 9.573298113152955193e+04
4.837601246541407551e-01 1.228581858615227951e+01 8.553820892275532242e+04
4.961423801472080730e-01 1.224690022302662484e+01 7.575294355181699211e+04
5.087518578728819074e-01 1.220911539561796566e+01 6.719912197024445049e+04
5.216045820738484107e-01 1.217310624139177300e+01 5.943369148280057561e+04
5.346963273320805010e-01 1.214106142125583609e+01 5.277049186587479926e+04
5.480265717559210659e-01 1.211212160346579836e+01 4.681897516818591248e+04
5.615952293139141460e-01 1.208380707836339063e+01 4.147584908572126733e+04
5.753641681723123957e-01 1.205381974526985012e+01 3.684835709009101993e+04
5.893315645598745656e-01 1.202723461260319482e+01 3.273367108253828337e+04
6.033003933618065195e-01 1.200531792388084540e+01 2.914392388838770057e+04
6.173829743122408731e-01 1.198046790676056261e+01 2.593095589944105814e+04
6.315951445511999163e-01 1.195652734919043958e+01 2.313132081225820730e+04
6.460542049861436320e-01 1.193213787660882730e+01 2.045990092030060987e+04
6.608161966601859838e-01 1.191280588024749676e+01 1.836149606940112790e+04
6.758365509949761929e-01 1.189080594657093926e+01 1.637580107345287797e+04
6.912499778403099482e-01 1.187149654132727505e+01 1.459741939123767042e+04
7.070795141706183173e-01 1.185297534022010701e+01 1.297564235069204005e+04
7.233328937722226515e-01 1.183301175768456481e+01 1.154827422924826897e+04
7.400526561143223603e-01 1.181399907844774333e+01 1.024691895712315818e+04
7.572556279714709460e-01 1.179999504938917454e+01 9.105119551018484344e+03
7.749633745258762696e-01 1.178372684899347078e+01 8.075622115032793772e+03
7.931967355535828323e-01 1.176954202642330927e+01 7.147688233553149985e+03
8.119765150503341911e-01 1.175552610885343618e+01 6.359646108552642545e+03
8.313207382538471135e-01 1.174434446857804559e+01 5.595865956374096641e+03
8.512263380629249143e-01 1.173277589914663466e+01 4.947047085381180295e+03
8.715904897764379378e-01 1.172446026063107283e+01 4.369551257854963296e+03
8.921064535049554323e-01 1.171475514835127818e+01 3.867631451906502207e+03
9.127350400614596682e-01 1.170578228054881009e+01 3.426211320220502330e+03
9.335081892569079276e-01 1.169841102044500403e+01 3.041490625271962926e+03
9.544475083133473481e-01 1.169003813263950775e+01 2.680985999812547561e+03
9.755623082666284862e-01 1.168292934026375107e+01 2.399749659615656128e+03
9.968583206865886392e-01 1.167659443472101799e+01 2.133429378260115755e+03
1.018363897093224724e+00 1.166986366382192486e+01 1.899772432939478449e+03
1.040091133225344855e+00 1.166285735889773001e+01 1.690565979492037286e+03
1.061976125753359312e+00 1.165607649423334991e+01 1.506579773723338803e+03
1.084080817402708341e+00 1.164990643679483995e+01 1.344201229268595398e+03
1.106410475263301718e+00 1.164409689710394069e+01 1.198885218083933751e+03
1.128966297306343236e+00 1.163878019300170763e+01 1.068582775728941442e+03
1.151723028945993432e+00 1.163485449895786417e+01 9.529947075921438682e+02
1.174675273891560456e+00 1.162690357128440866e+01 8.509393987557364198e+02
1.197857807977185551e+00 1.162050870393349733e+01 7.604956324668180514e+02
1.221211232161354188e+00 1.161387429421321116e+01 6.788848907898373000e+02
1.244779588933951686e+00 1.160874663626438874e+01 6.067683704758745762e+02
1.268638044934634168e+00 1.160221481551009859e+01 5.420403633236999212e+02
1.292432239633852120e+00 1.159829883835255337e+01 4.850219624864097341e+02
1.316512363325615054e+00 1.159055128718103589e+01 4.337269945986407151e+02
1.340725372015499017e+00 1.158423311066448314e+01 3.885193765112205142e+02
1.365080240451354232e+00 1.157537261899787850e+01 3.477739600600559129e+02
1.389564081473998680e+00 1.156926743445151118e+01 3.115027643009225926e+02
1.414152540840887040e+00 1.156147986578677944e+01 2.791263825745567715e+02
1.438825030273122030e+00 1.155544641395611372e+01 2.500567725658041809e+02
1.463579131449029402e+00 1.154710420268762228e+01 2.242045045509872807e+02
1.488368086269888257e+00 1.153987282810902570e+01 2.013788543755172498e+02
1.513204596291726212e+00 1.153191719390309800e+01 1.807986955507884375e+02
1.538137302932211625e+00 1.152346473188181974e+01 1.623558827767042771e+02
1.562992812237470330e+00 1.151645646001127332e+01 1.458221769297900892e+02
1.587714079234787024e+00 1.150608877814296882e+01 1.310245511172122974e+02
1.612479765900721951e+00 1.149749620046489262e+01 1.182014917358927590e+02
1.637186242021469118e+00 1.148799758075551658e+01 1.064566158120666017e+02
1.661792351762035436e+00 1.147817138543063820e+01 9.588465687158179662e+01
1.686296550464693178e+00 1.146749656862584210e+01 8.660390140438144613e+01
1.710659056661445021e+00 1.145736814692941330e+01 7.785656339105129575e+01
1.734869408550492320e+00 1.144673495640297567e+01 7.051427823336165090e+01
1.758897923471082203e+00 1.143483818293325882e+01 6.373173937731638006e+01
1.782728337341245695e+00 1.142341818609200210e+01 5.764905583331226779e+01
1.806336250975502988e+00 1.141058354264601782e+01 5.219208116818401066e+01
1.829760181620980530e+00 1.139852537319775294e+01 4.726146111730607657e+01
1.852810165140541754e+00 1.138427782732569682e+01 4.287933654436103126e+01
1.875624664981663026e+00 1.137053769998011532e+01 3.890365082442759359e+01
1.898140790693738422e+00 1.135665165586424585e+01 3.525479800092468707e+01
