2.191799393465098389e-01 1.550982308316407554e+01 3.683535669800713658e+06
2.259128016470931533e-01 1.524811688136417942e+01 3.177023065938458778e+06
2.328675880485026883e-01 1.500595653854969846e+01 2.746170021299180575e+06
2.400742939580376434e-01 1.478963773588140462e+01 2.368213127501375508e+06
2.475272291981976958e-01 1.457824969677672833e+01 2.051297733771302504e+06
2.552345315666347814e-01 1.438867142839227320e+01 1.769420401517298305e+06
2.632012139545863438e-01 1.420199054451357057e+01 1.528441789246280445e+06
2.714327871329613728e-01 1.403303541742850769e+01 1.321304379462545039e+06
2.799350698437207963e-01 1.387228724714684880e+01 1.139323754524730379e+06
2.887109552140560975e-01 1.372888983371805161e+01 9.884689408687020186e+05
2.977604251082281994e-01 1.358869804531664549e+01 8.518559129838843364e+05
3.070877542335612165e-01 1.346196793949447112e+01 7.367770916878595017e+05
3.167195411079879452e-01 1.334203479776441448e+01 6.365345130808496615e+05
3.266255161357673464e-01 1.322578880853855665e+01 5.515842666096185567e+05
3.368304584913056621e-01 1.312115769042741853e+01 4.775872738473389181e+05
3.473361019889785184e-01 1.302501805017633885e+01 4.135807654608446173e+05
3.581462172533563804e-01 1.293564517345527243e+01 3.569561453027884709e+05
3.692616391743384074e-01 1.284870161994228432e+01 3.110352556585603743e+05
3.807040172930595823e-01 1.276420024284142940e+01 2.677860204885416897e+05
3.924229787388292534e-01 1.269235635145416730e+01 2.310952580913378915e+05
4.044928210505742694e-01 1.262082767666854544e+01 2.011325072075285716e+05
4.168575553306930193e-01 1.254965818754226170e+01 1.741426965759970772e+05
4.295235075621246512e-01 1.249270417288656532e+01 1.513893681123889983e+05
4.425234094896351444e-01 1.243719854293647309e+01 1.309928001086678705e+05
4.558517115074694481e-01 1.238135685964250499e+01 1.139417223489973694e+05
4.695070424583874802e-01 1.233271469544147614e+01 9.883489955321695015e+04
4.834493118476945184e-01 1.228426220500193011e+01 8.609953410939042806e+04
4.977371591218610614e-01 1.224084179568946773e+01 7.466608991195593262e+04
5.123328102968429665e-01 1.219863919239641881e+01 6.490381301674783754e+04
5.272486672043700251e-01 1.215572719198195095e+01 5.648876649360538431e+04
5.424819157083264898e-01 1.212464483297306472e+01 4.909161116848108213e+04
5.580316206357406328e-01 1.208958293245719240e+01 4.282257353126642556e+04
5.738643645610631561e-01 1.205779920431264252e+01 3.733283312072559056e+04
5.899167703208464397e-01 1.202584896267879344e+01 3.258819922985366429e+04
6.058433939062244367e-01 1.199655567705015180e+01 2.851150563879432593e+04
6.217371091736468847e-01 1.196856783660836498e+01 2.502056094990258134e+04
6.377144748949729047e-01 1.194278511293776646e+01 2.203485316844268891e+04
6.538732646142856320e-01 1.191919698068271316e+01 1.935657725878312340e+04
6.703703976785375662e-01 1.189349448809238119e+01 1.700953420254557932e+04
6.871593397615698429e-01 1.186791165172912166e+01 1.495910058582486454e+04
7.044213624394840556e-01 1.184345845922627660e+01 1.314855707503705526e+04
7.220951503616145351e-01 1.182221809481006503e+01 1.155501967827447334e+04
7.403416410622428723e-01 1.179890239122568296e+01 1.012519728019412105e+04
7.590608487933181436e-01 1.177810529546566443e+01 8.874641468834799525e+03
7.778978872829537261e-01 1.175673328114540617e+01 7.781774153439709153e+03
7.964760916987934092e-01 1.173654162372652365e+01 6.851775751368499186e+03
8.148617767898900244e-01 1.171748890845811708e+01 6.083729767444069694e+03
8.331224012728627448e-01 1.169636424765388760e+01 5.361503726814124093e+03
8.513152047344086926e-01 1.167882938591701247e+01 4.752785271711937639e+03
8.694627430851170624e-01 1.165684355079050150e+01 4.184012278887300454e+03
8.876326020121333427e-01 1.163668097191918349e+01 3.751471806371698221e+03
9.058496348362298223e-01 1.161429560943498096e+01 3.333332208516808805e+03
9.241334952724811203e-01 1.159192941519548903e+01 2.965712328372505453e+03
9.425219266151775299e-01 1.156971612957684137e+01 2.640410757915906288e+03
9.610253301904692069e-01 1.155250912769417759e+01 2.349709597549850969e+03
9.796725481010626346e-01 1.152446942862063750e+01 2.092655492650455017e+03
9.984808457108104163e-01 1.150079969734398055e+01 1.862889484599544403e+03
1.017560873006877475e+00 1.147788966458045579e+01 1.658669697512981202e+03
1.036608461651630897e+00 1.145285599549930744e+01 1.476897023165619657e+03
1.055946128535637740e+00 1.142821289432438903e+01 1.315734585762202187e+03
1.075480431139456572e+00 1.140436870469766184e+01 1.171342737694912557e+03
1.095189395401466648e+00 1.137798322657022432e+01 1.042858490124261380e+03
1.115102517184896058e+00 1.135296827508396866e+01 9.280418570023692837e+02
1.135190067305681394e+00 1.133194698499382547e+01 8.275673136855112944e+02
1.155567363766721423e+00 1.130482461364720059e+01 7.348202882082340466e+02
1.175925417254762850e+00 1.127882687479377211e+01 6.547701158419072271e+02
1.196634699795193324e+00 1.125291370811810587e+01 5.820840967831584294e+02
1.217326676173765554e+00 1.122441618890449355e+01 5.185979763562950211e+02
1.238253339322728186e+00 1.120012803716270788e+01 4.617465895194840186e+02
1.259310025993105819e+00 1.117144477530124824e+01 4.113261125733018844e+02
1.280483446146456483e+00 1.114743298088803414e+01 3.665378437711972310e+02
1.301835663348345884e+00 1.112119218562690648e+01 3.260989550347728709e+02
1.323119480986055363e+00 1.109138253291282084e+01 2.907131400230216514e+02
1.344546630806612741e+00 1.106361360805348859e+01 2.578959443707514083e+02
1.366005282879967586e+00 1.103743267190416155e+01 2.311553419742798496e+02
1.387496696607886770e+00 1.100846919834381410e+01 2.061779672636729401e+02
1.408992280756498738e+00 1.098096783039503244e+01 1.838269037668123076e+02
1.430457412879257317e+00 1.095244627504957968e+01 1.643007722411888949e+02
1.451883055178816662e+00 1.092343109928914480e+01 1.467299329349228287e+02
1.473234535006939350e+00 1.089463378726372156e+01 1.312607139955878210e+02
1.494486862208609601e+00 1.086626757375403507e+01 1.174582259107660036e+02
1.515624277687191990e+00 1.083726531170110263e+01 1.051061925734780118e+02
1.536616465811830423e+00 1.080849999398181183e+01 9.410788688235429333e+01
1.557447829789076588e+00 1.077766931303202469e+01 8.439416915717498568e+01
1.578075799603907203e+00 1.074798285167879008e+01 7.575561730096912072e+01
1.598488804636302385e+00 1.071770904621252463e+01 6.791291572869894821e+01
1.618655364576230715e+00 1.068728170673624689e+01 6.114742041571319930e+01
1.638556278781658326e+00 1.065671572995395167e+01 5.496567091397991334e+01
1.658164960586415271e+00 1.062595978741269143e+01 4.929713991544108609e+01
1.677453829246918549e+00 1.059431107368358482e+01 4.456008718714322470e+01
1.696409609001227503e+00 1.056237031961460460e+01 4.024809791313160190e+01
1.715006812697548177e+00 1.052997226233631523e+01 3.630229639148987530e+01
1.733221983871860994e+00 1.049755330034346912e+01 3.279484943163073041e+01
1.751036537530146431e+00 1.046531677992194354e+01 2.969754478619691795e+01
1.768432171003158748e+00 1.043130654985132821e+01 2.690852489119976454e+01
1.785386626509970487e+00 1.039877303168219669e+01 2.440213701452884010e+01
1.801898577851053895e+00 1.036421696532943493e+01 2.214840849380976451e+01
1.817925937676059034e+00 1.032968991661406655e+01 2.008634888620057168e+01
1.833472983887254548e+00 1.029473248998860058e+01 1.833703883024341863e+01
1.848523440019795183e+00 1.026026032232359064e+01 1.666741026171698437e+01
