2.191799393465098389e-01 1.550982308316407554e+01 3.683535669800713658e+06
2.254511927369360902e-01 1.526392762824904281e+01 3.205726754035182297e+06
2.319320856889152682e-01 1.507124067867425765e+01 2.792907262671725359e+06
2.386260307970891059e-01 1.483015516156347857e+01 2.444056339307115413e+06
2.455407647940770766e-01 1.462724063833482546e+01 2.126910342380559538e+06
2.526680268596472323e-01 1.444296241450608242e+01 1.856664254782035481e+06
2.600205662897163150e-01 1.427353862935015094e+01 1.621039042848023353e+06
2.676016127511782194e-01 1.410538324826239531e+01 1.413420962190068094e+06
2.754204772476099294e-01 1.395615546938107343e+01 1.234277339447871316e+06
2.834748908989369043e-01 1.381479701883212563e+01 1.074945282110486180e+06
2.917744857471469833e-01 1.367607072302031668e+01 9.373898078500983538e+05
3.003067297078760856e-01 1.355590871042041634e+01 8.181437004729583859e+05
3.090851756857614929e-01 1.343261571604557858e+01 7.143904019943829626e+05
3.181269814739816071e-01 1.332285461680607597e+01 6.241567948473566212e+05
3.274165511845146259e-01 1.322205017544453831e+01 5.443262312977327965e+05
3.369546624213989316e-01 1.312501052446228655e+01 4.758599828210395644e+05
3.467622547419534351e-01 1.302788679945827433e+01 4.157932694131293101e+05
3.568422743206899894e-01 1.294348273548296469e+01 3.632019012320628972e+05
3.671727911480032747e-01 1.286027171878979125e+01 3.178782632131185965e+05
3.777971364915306274e-01 1.278454278910937170e+01 2.777666840354563319e+05
3.886630917311080236e-01 1.271361855069213576e+01 2.427723119819639833e+05
3.998169324509340816e-01 1.264540082375500063e+01 2.124222229031416646e+05
4.112510862785687116e-01 1.258284766646480612e+01 1.857589136760019173e+05
4.229475328145149704e-01 1.252378195636465108e+01 1.626295162119685847e+05
4.349477954702716254e-01 1.246753796823442251e+01 1.423966844493675162e+05
4.472063785760871935e-01 1.241533431144381083e+01 1.250806236881176155e+05
4.597624837166193745e-01 1.236700120675041425e+01 1.092212723959818832e+05
4.725723898208480378e-01 1.231969726237648111e+01 9.609303688072737714e+04
4.856598272723896548e-01 1.227815218703735134e+01 8.416340569274306472e+04
4.990350176445577657e-01 1.223590820024694992e+01 7.378016609256225638e+04
5.126890102484816802e-01 1.219691091968567953e+01 6.403958243025350384e+04
5.266169238033727718e-01 1.215928054422811933e+01 5.693017688704698230e+04
5.408246336392864562e-01 1.212759910258158413e+01 4.989188256180284225e+04
5.553092203549022665e-01 1.209431938115855587e+01 4.389892962613674172e+04
5.700708911112852828e-01 1.206388279563201316e+01 3.858064202727383963e+04
5.850328634949509832e-01 1.203225437407292731e+01 3.390903270216562669e+04
6.000572376781432293e-01 1.200779159116352801e+01 2.992799167771383509e+04
6.151329743084734680e-01 1.198310932868247214e+01 2.642354420225278227e+04
6.303424019656350685e-01 1.195779976676118039e+01 2.337812997968213313e+04
6.457998209035968884e-01 1.193321139217626481e+01 2.065536624915287393e+04
6.615408582868018694e-01 1.191096965797178697e+01 1.826920610880002641e+04
6.776644238103910478e-01 1.188828672707868961e+01 1.615374991774417686e+04
6.941868190439782760e-01 1.186588182847459372e+01 1.417914549225040355e+04
7.111899779316633863e-01 1.184553036839908557e+01 1.258331501536799806e+04
7.286381612086806348e-01 1.182591714714429010e+01 1.110275467659007154e+04
7.466479524577599447e-01 1.180405099170506134e+01 9.688243991130408176e+03
7.650834398125294644e-01 1.178694563226589587e+01 8.605428702329729276e+03
7.834677419504841867e-01 1.177254539021007140e+01 7.600807455755931187e+03
8.017573165126344881e-01 1.175576567369764369e+01 6.722491120491464244e+03
8.200040903749340471e-01 1.173932151778208066e+01 5.940905902767779480e+03
8.382692669234488303e-01 1.172447107707598590e+01 5.294644824523645184e+03
8.565760192160982722e-01 1.170826118076486999e+01 4.709484306592980829e+03
8.749625769247353357e-01 1.169161223034609165e+01 4.190892987557662309e+03
8.934659619027737198e-01 1.167529806702338391e+01 3.731643137306895824e+03
9.120820171040500135e-01 1.165917172303030469e+01 3.322115315576103058e+03
9.308509234166327806e-01 1.164165972208864730e+01 2.963370283137539900e+03
9.497990707541075217e-01 1.162682630321312693e+01 2.642143818539659151e+03
9.689009281045460886e-01 1.160895354670248736e+01 2.355613471836996723e+03
9.882323116084122949e-01 1.159396685286646012e+01 2.102676074481408250e+03
1.007765075509194030e+00 1.157609184131009350e+01 1.873666100720769236e+03
1.027511751399432072e+00 1.155915415017953940e+01 1.670425428387620514e+03
1.047503249881157172e+00 1.154221384507188297e+01 1.490612146450563159e+03
1.067784381023906048e+00 1.152712393944309532e+01 1.319421922004057251e+03
1.088212679540208505e+00 1.150749680588237212e+01 1.185736815937558731e+03
1.108792141310486423e+00 1.149260790002138322e+01 1.057045086192493500e+03
1.129666261203370103e+00 1.147322611651405388e+01 9.433194875796702945e+02
1.150762208561525668e+00 1.145520521531571134e+01 8.406541584251352788e+02
1.172092574917487751e+00 1.144168101491631617e+01 7.449599123201091970e+02
1.193624993075354190e+00 1.142404408865522392e+01 6.692154573907454278e+02
1.215360194600314969e+00 1.140453617264949848e+01 5.968246127225993405e+02
1.237284291647588796e+00 1.138586842510054709e+01 5.326802594450517745e+02
1.259486815280424166e+00 1.137051871297508576e+01 4.746500729497662405e+02
1.281667896848617261e+00 1.134948025709672592e+01 4.223712028098302085e+02
1.304091162578532304e+00 1.133149639633266581e+01 3.787686375836615866e+02
1.326667517488121728e+00 1.131382705537603250e+01 3.381720436791495104e+02
1.349339091301277715e+00 1.129560761106266575e+01 3.019461638653305613e+02
1.372123524631495117e+00 1.127672633642298372e+01 2.699567101354889473e+02
1.394978190945259877e+00 1.125901596863618082e+01 2.412939766625647167e+02
1.417906732941401904e+00 1.124068936062829138e+01 2.156270128116572948e+02
1.440872662662822989e+00 1.122228814994000778e+01 1.929785574034316085e+02
1.463859489588181795e+00 1.120182153924155699e+01 1.726804508880292985e+02
1.486842316047267243e+00 1.118266589171808967e+01 1.546568161928163079e+02
1.509799537348513354e+00 1.116303094943017449e+01 1.380597098017377107e+02
1.532705468484581779e+00 1.114393018124192913e+01 1.243003165532492460e+02
1.555543062134798760e+00 1.112339709426723289e+01 1.109982308635956088e+02
1.578275283627212922e+00 1.110328904904213232e+01 1.001621769587464428e+02
1.600896797374718572e+00 1.108307482599547633e+01 8.998547800277380304e+01
1.623369204275799227e+00 1.106214679842420168e+01 8.090248754738568948e+01
1.645678656763069458e+00 1.104106366630519176e+01 7.277033475992502076e+01
1.667793145960293044e+00 1.101968689664398049e+01 6.554189219479712847e+01
1.689687152068257037e+00 1.099795507287219287e+01 5.910876843480856735e+01
1.711344158044474151e+00 1.097566733733583000e+01 5.305069960918098104e+01
1.732735280303819847e+00 1.095270991322956533e+01 4.812181932319550981e+01
1.753844309757773612e+00 1.093007421365048160e+01 4.349339655211356614e+01
1.774646009906170940e+00 1.090722204079702706e+01 3.931652578365057593e+01
1.795119131297451487e+00 1.088369578014922467e+01 3.559436170032937241e+01
1.815239273506094708e+00 1.085918478133662823e+01 3.226043709859802533e+01
1.834994539593191920e+00 1.083552534665247080e+01 2.927747288456644981e+01
1.854360100893112540e+00 1.081027669828726623e+01 2.648824407397060909e+01
1.873316329413315051e+00 1.078441503635144549e+01 2.408929690213907193e+01
