2.191799393465098389e-01 1.550982308316407554e+01 3.683535669800713658e+06
2.263794677275507150e-01 1.522513248234807470e+01 3.143863811316581909e+06
2.338407547370193185e-01 1.498516787818876850e+01 2.697392638758709654e+06
2.415997413321076537e-01 1.474235787427818600e+01 2.297916905472438782e+06
2.496207932511695649e-01 1.451883590700386506e+01 1.969950550348775461e+06
2.579432109123206973e-01 1.431735566588862518e+01 1.683017014849097701e+06
2.665640331330290658e-01 1.413473565035741863e+01 1.436001873978946358e+06
2.754892051965673883e-01 1.395503758962580321e+01 1.232229905105260666e+06
2.847267193394806273e-01 1.379448885728689689e+01 1.052946689866054105e+06
2.942769524918877333e-01 1.364166156388024298e+01 9.031477009992424864e+05
3.041412606731218604e-01 1.350285153508772140e+01 7.712796358704961604e+05
3.143400366631605714e-01 1.337632937320545778e+01 6.606179161601923406e+05
3.248706797076510444e-01 1.325395878496960478e+01 5.654338681492346805e+05
3.357303119634121868e-01 1.313248583327278673e+01 4.842514214817789034e+05
3.469347446758874187e-01 1.302618683344708117e+01 4.150310602337915916e+05
3.584893746515585011e-01 1.292852147621727177e+01 3.558733158036308014e+05
3.703850544596148375e-01 1.283796601490332812e+01 3.050280318047944456e+05
3.826540917934374564e-01 1.275127370471911803e+01 2.611831523078852042e+05
3.952584495691189304e-01 1.267417961425258532e+01 2.245438284961557656e+05
4.082265802607050187e-01 1.260113238341287634e+01 1.926672196936956025e+05
4.215503710522900960e-01 1.253143583237746661e+01 1.651327509677951457e+05
4.352528849120690380e-01 1.246601082326909093e+01 1.418610989805912832e+05
4.493271483709272429e-01 1.240861061260098097e+01 1.218224528029603534e+05
4.637557451311296042e-01 1.234565692268437154e+01 1.049315092242902756e+05
4.785415107495335496e-01 1.230092814274467017e+01 9.021646777544025099e+04
4.936874121988928388e-01 1.225274701108891229e+01 7.768672832860863127e+04
5.091984839491370263e-01 1.220710048357453026e+01 6.696838945331351715e+04
5.250793821786629012e-01 1.216629812488196727e+01 5.759875159447551414e+04
5.413223081586312491e-01 1.212780400894798660e+01 4.966021639719286759e+04
5.579269930258630161e-01 1.209167962608193214e+01 4.281332240910355904e+04
5.748576229570160345e-01 1.205536655424435821e+01 3.703855069710763928e+04
5.917146204193902692e-01 1.202158997609399371e+01 3.203436724176672942e+04
6.072045145144926437e-01 1.199415907919664548e+01 2.813929845969231610e+04
6.216782685191348801e-01 1.196430727378571923e+01 2.493628138949953063e+04
6.354166900070622459e-01 1.193457032225266801e+01 2.219309740844257249e+04
6.486633542328554825e-01 1.190351364909400012e+01 1.982249937811489144e+04
6.615650316803557418e-01 1.187095475297299529e+01 1.778073313146360306e+04
6.742550070351704949e-01 1.183825196370734645e+01 1.586610588846650171e+04
6.868428535661834644e-01 1.180475055327073086e+01 1.432309809157235577e+04
6.994097109678545365e-01 1.176641319142569664e+01 1.288117247360678630e+04
7.121338740023268610e-01 1.173036475269684864e+01 1.144647113391536368e+04
7.247675614427385726e-01 1.169121747957852442e+01 1.036276692169648777e+04
7.376636855660524406e-01 1.165285507403319443e+01 9.297568317494478833e+03
7.507732159521760540e-01 1.161259802821740372e+01 8.335836701288058975e+03
7.641442047997064613e-01 1.157268443471700436e+01 7.453032802203391839e+03
7.778052865352671486e-01 1.153080462258252403e+01 6.663514746910031135e+03
7.917918177133137503e-01 1.148952696520944627e+01 5.945269418053465415e+03
8.061230979602648228e-01 1.144711416979528096e+01 5.287723190660275577e+03
8.208289678933261557e-01 1.140706409913118335e+01 4.707457129041926237e+03
8.359298685097045212e-01 1.136410302836711850e+01 4.180475983605090732e+03
8.514415860077594322e-01 1.132681637781665351e+01 3.708236439081194476e+03
8.673746572507481378e-01 1.128112924786444715e+01 3.277958321780819006e+03
8.837545758283926745e-01 1.123819674722416373e+01 2.906623031715310390e+03
9.006617416413680299e-01 1.120137305250172233e+01 2.559421795522237971e+03
9.178280664735910532e-01 1.116024839206170682e+01 2.266647131395277029e+03
9.355490990578398947e-01 1.111532358595121295e+01 1.997044829951144720e+03
9.537150655580647340e-01 1.107557341002300078e+01 1.759564218709152328e+03
9.723242668402828359e-01 1.103751284066543015e+01 1.546251236851751401e+03
9.913813335429294549e-01 1.100077934311254424e+01 1.361266553471169573e+03
1.010873286700360696e+00 1.096137754736005121e+01 1.191161701279231238e+03
1.030787067896515863e+00 1.091931628218116401e+01 1.050604317758362185e+03
1.051106167956099791e+00 1.088344429527364454e+01 9.215794411406646987e+02
1.071825677005104227e+00 1.084657397011029900e+01 8.078474522435557219e+02
1.092916787723589467e+00 1.081000027503678318e+01 7.088696822140703944e+02
1.114377893880045489e+00 1.077679089717339345e+01 6.207791625085817486e+02
1.136158740395399658e+00 1.073988081509521919e+01 5.449909674107492492e+02
1.158258676960314704e+00 1.070921309793056508e+01 4.781262833330765716e+02
1.180645058877641596e+00 1.067367512148556941e+01 4.192982226926952762e+02
1.203295769836284723e+00 1.063951556371628016e+01 3.679497922146816791e+02
1.226165990584991761e+00 1.060673931847999008e+01 3.226275799401859103e+02
1.249241839567660328e+00 1.057367342548766764e+01 2.831973969422666073e+02
1.272477668005499218e+00 1.054297252597529955e+01 2.488211220985200498e+02
1.295852328104077467e+00 1.051387019016311974e+01 2.184048228595759724e+02
1.319329255026307379e+00 1.048035987684107084e+01 1.920666344678220980e+02
1.342871733282037239e+00 1.044972234816629708e+01 1.690090914577860417e+02
1.366446636125336012e+00 1.041883354148517427e+01 1.481703224776575780e+02
1.390012659371557824e+00 1.038820155248726529e+01 1.310342179781906964e+02
1.413533917901469206e+00 1.035789598350951657e+01 1.155891491297963114e+02
1.436980421682660936e+00 1.032788409016912468e+01 1.020435946944818966e+02
1.460313356301355059e+00 1.029847832889705650e+01 9.013941575765626624e+01
1.483493285631273029e+00 1.026803333808245355e+01 7.971105997001224353e+01
1.506486041537689724e+00 1.023781355731581044e+01 7.060014240009004993e+01
1.529254216826104518e+00 1.020837297937042720e+01 6.260918740832297402e+01
1.551762494974691320e+00 1.017877479290737419e+01 5.557363152916115467e+01
1.573983440555946522e+00 1.014812537781372903e+01 4.933633098507301895e+01
1.595876964685892574e+00 1.011750403860132508e+01 4.391030133451761941e+01
1.617412128971422280e+00 1.008694983242051535e+01 3.912181666930686674e+01
1.638558433399273095e+00 1.005602258779249070e+01 3.489815833422344582e+01
1.659285507973435880e+00 1.002537253494768699e+01 3.119436122562763458e+01
1.679537121408058775e+00 9.994399473232968845e+00 2.791873877088823619e+01
1.699094053991735853e+00 9.963642962546071402e+00 2.501263323537745364e+01
1.717886905023688682e+00 9.931615399578818781e+00 2.243228182474194199e+01
1.735930379451374295e+00 9.899690352535795768e+00 2.024338594363696942e+01
1.753216380621503756e+00 9.866738727730830050e+00 1.830293782387074231e+01
1.769708720611195440e+00 9.834137588660750495e+00 1.656804486499594375e+01
1.785436498740361033e+00 9.800255368202675399e+00 1.497859729195915968e+01
1.800358931697553455e+00 9.765728856433115723e+00 1.365397514940621093e+01
1.814538571113032628e+00 9.731094942576250517e+00 1.242862642731321188e+01
1.827951885571426960e+00 9.695590454433048677e+00 1.131934435982670628e+01
1.840637384255685127e+00 9.659461903170322827e+00 1.036733383082152748e+01
