2.191799393465098389e-01 1.550982308316407554e+01 3.683535669800713658e+06
2.248911663631373015e-01 1.528202606590684809e+01 3.245100250584536698e+06
2.307529283691562572e-01 1.507740653693970323e+01 2.873345185391973238e+06
2.368198924349759760e-01 1.487830450349992262e+01 2.535196018924356904e+06
2.430428362713531465e-01 1.469295216656459857e+01 2.238391582788961940e+06
2.494483765569983358e-01 1.452639541266051459e+01 1.955435331332319882e+06
2.560389141223366472e-01 1.436571258526173445e+01 1.742664555990284076e+06
2.628196370694188544e-01 1.421324652352414120e+01 1.538967976955036866e+06
2.697931129671722883e-01 1.406415715899104946e+01 1.357963340720158303e+06
2.769595203996566557e-01 1.393225968746559751e+01 1.199453688500209013e+06
2.843246359601294126e-01 1.379948404398125383e+01 1.060193159752829932e+06
2.918938957533028233e-01 1.367385995225049378e+01 9.375122340346291894e+05
2.996524459609201663e-01 1.356712185486962952e+01 8.269708737663414795e+05
3.076193487561544870e-01 1.345267875931589430e+01 7.305805387893290026e+05
3.157958316293119627e-01 1.334929373433159228e+01 6.469525301414395217e+05
3.241801679373060852e-01 1.325039280729620295e+01 5.713492154174551833e+05
3.327836063162046831e-01 1.316653345250627005e+01 5.047547573157769511e+05
3.416228821415790984e-01 1.307689473654808587e+01 4.458867929977825843e+05
3.506278977059186786e-01 1.299508862332710990e+01 3.945957894800803624e+05
3.598789989942880463e-01 1.292135658164939294e+01 3.490146363488175557e+05
3.693550839990322743e-01 1.284675488453117431e+01 3.093832106656391989e+05
3.790745566412865308e-01 1.277504552413767946e+01 2.732178012712870259e+05
3.889754680561623434e-01 1.271307369310309276e+01 2.417877512594530999e+05
3.991230026458806313e-01 1.264961045891865510e+01 2.143480443573745433e+05
4.095129913667383548e-01 1.259152906292349883e+01 1.895371459350560617e+05
4.201063427076457413e-01 1.253724138552483680e+01 1.682323455798626819e+05
4.309480331716829538e-01 1.248605914125556460e+01 1.489319619608393696e+05
4.420116922161144712e-01 1.244202508555356879e+01 1.318581918048641237e+05
4.533147682771079823e-01 1.239379902428943225e+01 1.168313108204564633e+05
4.648650110378050315e-01 1.234961359557884641e+01 1.036078889104221744e+05
4.766220269744275151e-01 1.230484031942883405e+01 9.197164007908858184e+04
4.886174876606573236e-01 1.226717742244432507e+01 8.168500406482006656e+04
5.008234180878237130e-01 1.223160021406460274e+01 7.250280544592051592e+04
5.132742907582374947e-01 1.219518231830776500e+01 6.437714286266001000e+04
5.259559959055766232e-01 1.216240964992985951e+01 5.716643649819226266e+04
5.388664809130663258e-01 1.213107148399829605e+01 5.079734952036570030e+04
5.520071456320032599e-01 1.210273451305034520e+01 4.510235128352901665e+04
5.653776944815227523e-01 1.207260215453319319e+01 4.017504724279451329e+04
5.789293721723871577e-01 1.204595708999853443e+01 3.574474074715053575e+04
5.927379786181927734e-01 1.202201802434361255e+01 3.179332065615234751e+04
6.068681690320065769e-01 1.199852873473310311e+01 2.827565835949093162e+04
6.213022082718425709e-01 1.197439900212331843e+01 2.499998888616194017e+04
6.361754958382609404e-01 1.195240130798512723e+01 2.236612984548118402e+04
6.514919719202066917e-01 1.193067191475678790e+01 1.988126861837675824e+04
6.673178085171721508e-01 1.191051925460418026e+01 1.764469520513952739e+04
6.836279776862371760e-01 1.189460136652230915e+01 1.558680384591435904e+04
7.005137058658693627e-01 1.187768535523711222e+01 1.380165462626454610e+04
7.179869041819816333e-01 1.186060948459078190e+01 1.220449049138312876e+04
7.360689450054985761e-01 1.184599834474247615e+01 1.076471662144980655e+04
7.545944208305215284e-01 1.183434174135030226e+01 9.496785065701971689e+03
7.730978512998631924e-01 1.182554619769705795e+01 8.409578548450630478e+03
7.916019993436739233e-01 1.181353783538509283e+01 7.453446833203669485e+03
8.101442416427204751e-01 1.180559851188965581e+01 6.630085290902160523e+03
8.287617976423400368e-01 1.179793665841537731e+01 5.865551417741719888e+03
8.474880053634881172e-01 1.178863532622584742e+01 5.251149176465572054e+03
8.663478934424757583e-01 1.178138022516724881e+01 4.682528722868532896e+03
8.853550953871949236e-01 1.177277231217594711e+01 4.172432617932982794e+03
9.045501451528707992e-01 1.176364875453269754e+01 3.729849445181056126e+03
9.239369140984026174e-01 1.175810849509314515e+01 3.330419928475990218e+03
9.435279946697637810e-01 1.174983748106004278e+01 2.976397566900227503e+03
9.633269057263901258e-01 1.174173919786870002e+01 2.660793235238977104e+03
9.833716120526103666e-01 1.173413737619885744e+01 2.379055024621413850e+03
1.003674547936715289e+00 1.172731775702621349e+01 2.110594264401735472e+03
1.024182433813506155e+00 1.171972272919687619e+01 1.903485577018629783e+03
1.044973695725626373e+00 1.171827671000587223e+01 1.702207499603200858e+03
1.066007493684064444e+00 1.170596516276474652e+01 1.522194947681646909e+03
1.087312566554466953e+00 1.169882297109407077e+01 1.362060754808323964e+03
1.108856005220120844e+00 1.169109766084050150e+01 1.219164748908544198e+03
1.130685278845259933e+00 1.168553734918628351e+01 1.091650501546683699e+03
1.152774195906904886e+00 1.167950232487927309e+01 9.760124979436529884e+02
1.175082888884707133e+00 1.167433620412125705e+01 8.732357840688757733e+02
1.197760693700658852e+00 1.166947888865883876e+01 7.818885527136944802e+02
1.220436603187154301e+00 1.165957398064444384e+01 7.002699762592579873e+02
1.243595310983484969e+00 1.165246792113742558e+01 6.270490465226389460e+02
1.266734930501101530e+00 1.164627691789324793e+01 5.593817714374015395e+02
1.290254229298521294e+00 1.164301213749009634e+01 4.997096399905683484e+02
1.313890345136019100e+00 1.163300610560487236e+01 4.480608324512173795e+02
1.337742590386633568e+00 1.162665098363569527e+01 4.041010985638325792e+02
1.361771333103184878e+00 1.162014259104122793e+01 3.621496545234323889e+02
1.385958238676016085e+00 1.161401633457575500e+01 3.246809888826653037e+02
1.410285034100435597e+00 1.160814604823995033e+01 2.914578785750064753e+02
1.434735976110917299e+00 1.160056586985435345e+01 2.615846278009126422e+02
1.459286718586569664e+00 1.159357868424788407e+01 2.350147573155965688e+02
1.483939769678426002e+00 1.158568130963670662e+01 2.107587862278818989e+02
1.508638380022316428e+00 1.158126808280742281e+01 1.896195274047079806e+02
1.533422560165036863e+00 1.157159688915274565e+01 1.695535848595590949e+02
1.558220570324189591e+00 1.156339439804453484e+01 1.534461175046571100e+02
1.583032765338636461e+00 1.155539337607914163e+01 1.379415645550699878e+02
1.607822039231032507e+00 1.154757270682397419e+01 1.243422802662016835e+02
1.632579257085102098e+00 1.153862895134361821e+01 1.120617724802357600e+02
1.657283405859784509e+00 1.153037363988022790e+01 1.010508450779284715e+02
1.681905476357446583e+00 1.152097917706154107e+01 9.116105637007682105e+01
1.706430620123633890e+00 1.151127582518802406e+01 8.241295027182536614e+01
1.730832684993002468e+00 1.150172948789175287e+01 7.441494280665614269e+01
1.755092840391038189e+00 1.149209817949520129e+01 6.726252358490904726e+01
1.779183260290276625e+00 1.148157383267036558e+01 6.090546566870926881e+01
1.803085789825433549e+00 1.147025638146334359e+01 5.514395900486573510e+01
1.826778803822252106e+00 1.145890677905746458e+01 4.997116105289153865e+01
1.850238501213697706e+00 1.144767773302838698e+01 4.536115718550876608e+01
1.873445218480420227e+00 1.143490025188051717e+01 4.113781067026874894e+01
