2.191799393465098389e-01 1.550982308316407554e+01 3.683535669800713658e+06
2.245839336791304319e-01 1.529597194763756640e+01 3.279782431743436493e+06
2.301390885118463070e-01 1.512420316864954017e+01 2.928236703608227428e+06
2.358482560789063320e-01 1.491078253618428207e+01 2.582000745326695964e+06
2.417350483658895766e-01 1.473573994536887533e+01 2.292204125415749848e+06
2.477609225977026874e-01 1.458431118298213036e+01 2.046563022250573616e+06
2.539599503282365944e-01 1.441301901384565021e+01 1.813080394437351264e+06
2.603271459727851678e-01 1.427047775828278375e+01 1.610126602669670479e+06
2.668663906324163504e-01 1.413014146038096364e+01 1.433528798147594323e+06
2.735779636949989824e-01 1.400263364322244541e+01 1.276484934743123828e+06
2.804658490729545761e-01 1.386877560510735563e+01 1.131889187442634488e+06
2.875341828613474648e-01 1.374692719439203970e+01 1.006555866625466035e+06
2.947755144046504960e-01 1.363221403665135156e+01 8.946713684140634723e+05
3.022018416086647563e-01 1.352696794966530902e+01 7.945851847942018649e+05
3.098139527494489509e-01 1.342297229501408395e+01 7.071805358670158312e+05
3.176403258030423005e-01 1.333097648652070433e+01 6.278119246820500121e+05
3.256129840887211357e-01 1.324095334682935210e+01 5.586814509376247879e+05
3.337899573420362032e-01 1.315551871315838994e+01 4.975571048652826576e+05
3.421678145357462397e-01 1.307298893712894028e+01 4.382710659658626537e+05
3.507293472968214254e-01 1.299331711945434265e+01 3.941400759780057124e+05
3.595255697852285381e-01 1.292272828033875243e+01 3.509915959301060066e+05
3.684676239071316695e-01 1.285188143750706580e+01 3.124553796472094255e+05
3.776406324709197238e-01 1.278681175777486168e+01 2.778290554294722388e+05
3.870034814281839708e-01 1.272375455505575914e+01 2.484329850143856602e+05
3.965852788280620489e-01 1.266640574665419372e+01 2.207914429692141421e+05
4.063564485061781362e-01 1.261027069338551598e+01 1.966447308609639003e+05
4.163336022148282356e-01 1.255870237436388237e+01 1.753301016491040064e+05
4.265345814429144511e-01 1.250536328584742485e+01 1.565596190687260241e+05
4.369270986778726051e-01 1.245892086591936021e+01 1.393690560348493163e+05
4.475416627363227318e-01 1.241509121450729936e+01 1.243277938058214786e+05
4.583483025317136583e-01 1.237294268818493848e+01 1.110021529747635650e+05
4.693795758357077186e-01 1.233161056418738255e+01 9.896497368141930201e+04
4.805886127489680248e-01 1.229432260885525707e+01 8.738444942103697394e+04
4.920364576702170867e-01 1.225802628802775018e+01 7.884111544765447616e+04
5.036696592742101464e-01 1.222477244813760677e+01 7.046624126260046614e+04
5.155176777723676773e-01 1.218957336519248003e+01 6.306671678418348893e+04
5.275728141420953365e-01 1.216112207114671406e+01 5.630973012650076998e+04
5.398331371528028999e-01 1.213022292308000871e+01 5.035767692643682676e+04
5.523006275555037980e-01 1.210222235405020008e+01 4.499087786633425276e+04
5.649741112166554169e-01 1.207347244667259467e+01 4.031379937461314694e+04
5.778085457410939707e-01 1.204938729078750193e+01 3.606326621552064898e+04
5.907869965918823851e-01 1.202533355478621324e+01 3.233784607498461264e+04
6.037547098736034679e-01 1.200126253318193648e+01 2.900666343722735110e+04
6.167969919301687920e-01 1.197986392701548120e+01 2.606468110894864003e+04
6.299819598888487526e-01 1.195983509022821600e+01 2.340331329990823724e+04
6.432660421382256910e-01 1.193710737705152525e+01 2.107727103546604485e+04
6.568003070957855183e-01 1.191639162706675137e+01 1.895995675651956117e+04
6.706697737886594402e-01 1.189808478796899571e+01 1.703990249363168914e+04
6.846974453123443327e-01 1.187837893509125387e+01 1.531992915091330542e+04
6.991880797607968878e-01 1.186112195868785868e+01 1.374872388705245976e+04
7.139353991600223548e-01 1.184263268672935254e+01 1.234296863988757832e+04
7.290283224764702030e-01 1.182450400895651299e+01 1.107036548398413470e+04
7.445699850854123891e-01 1.180864657978369792e+01 9.916854442291827581e+03
7.605180504644514228e-01 1.179171285878858733e+01 8.886096406542681507e+03
7.768977564450190165e-01 1.177857851755899077e+01 7.953849991311654776e+03
7.937189625313257890e-01 1.176338237193290048e+01 7.103237138791514553e+03
8.110067537887677425e-01 1.175019385138840633e+01 6.350276586047741148e+03
8.287798765306976234e-01 1.174040145731953544e+01 5.666477286649349480e+03
8.470202416642975685e-01 1.172957305385578053e+01 5.054371453937429578e+03
8.657621315417537433e-01 1.171900221759846872e+01 4.504545810337949661e+03
8.849958691842360059e-01 1.170860186754479138e+01 4.013385962935257339e+03
9.047708983992718279e-01 1.170292720164482425e+01 3.572959009560448976e+03
9.250026486172036044e-01 1.169480929194845409e+01 3.180253895503970853e+03
9.457672358448004912e-01 1.169030639886831224e+01 2.827563804173454173e+03
9.670513436600689516e-01 1.168483700753127685e+01 2.515359215188324924e+03
9.888574671182064346e-01 1.168052523361973805e+01 2.233725238857346085e+03
1.011172465691581479e+00 1.167664753937976485e+01 1.983640575017584524e+03
1.034000749100277394e+00 1.167513800211987629e+01 1.762179671145735256e+03
1.057216464624082697e+00 1.167459244612213531e+01 1.553588205627449724e+03
1.080690643393399375e+00 1.167382287018802423e+01 1.392229501526019703e+03
1.104344404258292167e+00 1.167422592238716028e+01 1.237545825651357291e+03
1.128238233341351870e+00 1.167685480545896937e+01 1.095680285506910423e+03
1.152357075076034354e+00 1.167869978912748685e+01 9.851726300412989303e+02
1.176691434450702678e+00 1.167729931142175559e+01 8.776194307105511143e+02
1.201233260722025964e+00 1.167827339378259843e+01 7.835427007975526976e+02
1.225986594873249125e+00 1.168019150040121268e+01 7.007285849239659683e+02
1.250949149625500079e+00 1.168274177429585592e+01 6.254933823619131772e+02
1.276061932665607301e+00 1.168549432508739194e+01 5.598778811230987458e+02
1.301390509177794419e+00 1.168879890211948158e+01 5.003206115557590579e+02
1.326887714342662505e+00 1.169156145550501691e+01 4.482173177897881828e+02
1.352539345120611358e+00 1.169412209255155055e+01 4.019496111358890857e+02
1.378338655692824544e+00 1.169510494643401088e+01 3.598677263639577859e+02
1.404285805036795898e+00 1.169596878252920646e+01 3.226491595054662298e+02
1.430340963012298516e+00 1.169887925261194894e+01 2.897356720939382058e+02
1.456478822389844829e+00 1.169896080735896327e+01 2.602339829678288652e+02
1.482722111497132289e+00 1.170469741260722252e+01 2.324630898242057526e+02
1.509060556806435915e+00 1.170339985434954144e+01 2.100724834408466677e+02
1.535413593253153630e+00 1.170504004870308812e+01 1.890167491410418279e+02
1.561817568252057420e+00 1.170828411117753198e+01 1.701411498605545489e+02
1.588247751695746945e+00 1.170927857187398580e+01 1.534249643767343798e+02
1.614794027449891312e+00 1.170762065265754259e+01 1.381198917747395285e+02
1.641065656479565815e+00 1.170745376159549522e+01 1.246884199511854945e+02
1.667440964555577443e+00 1.170734545127694659e+01 1.124333524744205732e+02
1.693750994588335113e+00 1.170736379347945544e+01 1.015899691584061912e+02
1.719980545025902918e+00 1.170654534844913286e+01 9.185602289307090018e+01
1.746178596791518878e+00 1.170569174370848131e+01 8.303793210117756018e+01
1.772229247350802117e+00 1.170460678017933276e+01 7.516760235423873837e+01
1.797996331992454344e+00 1.170187884153667568e+01 6.781569178745233728e+01
1.823712933183520901e+00 1.169977863918035688e+01 6.176349126917082799e+01
1.849255855109764202e+00 1.169689763162109664e+01 5.603602392333558413e+01
