2.191799393465098389e-01 1.550982308316407554e+01 3.683535669800713658e+06
2.270883165144996219e-01 1.521009448972247569e+01 3.105559187417362351e+06
2.353250319693144244e-01 1.494575209189024179e+01 2.628894692230822984e+06
2.439107970094983591e-01 1.467476465632163141e+01 2.200350257382160518e+06
2.528279604183028551e-01 1.443914768879405841e+01 1.853532339386350475e+06
2.621033973333574130e-01 1.422732113044748381e+01 1.558995339446926257e+06
2.717425999826635907e-01 1.402729750969327505e+01 1.313038189453224186e+06
2.817528309219063942e-01 1.384496821520407117e+01 1.105834893114631530e+06
2.921481564058504565e-01 1.367274883316675549e+01 9.329693971550400602e+05
3.029102822225819280e-01 1.350612718995834527e+01 7.860648214182154043e+05
3.140746487944998666e-01 1.337004518999162883e+01 6.635220673519012053e+05
3.256536844742872194e-01 1.323989863494710839e+01 5.582355081652798690e+05
3.375972677203686323e-01 1.311620285523756735e+01 4.718639934176231036e+05
3.499752963204626477e-01 1.300135473464552938e+01 3.988073530817826977e+05
3.627813659052254724e-01 1.289598742505353890e+01 3.361784959386168048e+05
3.759896996815442760e-01 1.279613538367055092e+01 2.845648274062611745e+05
3.896383224654623723e-01 1.270814023987152908e+01 2.403196717644277669e+05
4.037148232989543617e-01 1.262702336378113799e+01 2.027447602777631255e+05
4.182274018265547677e-01 1.254772623335836634e+01 1.715716507119613234e+05
4.331816253288027774e-01 1.247710879445906507e+01 1.452241220138284552e+05
4.485851918321624998e-01 1.241177959584809187e+01 1.229190528687984770e+05
4.644182000395707388e-01 1.235013898060613435e+01 1.042111752016051178e+05
4.806738104961606473e-01 1.229252098815796579e+01 8.839672057294999831e+04
4.973780579054361550e-01 1.224148748136421894e+01 7.485479169907417963e+04
5.145190741351388652e-01 1.219263529815064651e+01 6.359003399812989664e+04
5.321000118093215381e-01 1.214687298530592763e+01 5.401272326759417047e+04
5.501165719095900686e-01 1.210680588968025084e+01 4.597235419944950263e+04
5.685714779699289068e-01 1.206896547567467692e+01 3.899788131871083169e+04
5.872252402646271907e-01 1.203232563277539313e+01 3.329478112706098182e+04
6.043129033992813426e-01 1.199912334281923165e+01 2.880513350716438435e+04
6.198866275304998341e-01 1.196692677323482457e+01 2.528523658646111289e+04
6.344156151383290032e-01 1.193428467130678783e+01 2.234137006566073251e+04
6.481905741635533014e-01 1.189838875530848128e+01 1.986289938867066667e+04
6.614753219364657433e-01 1.186276595540525491e+01 1.767997007825654873e+04
6.744346193164962866e-01 1.182084245370072573e+01 1.584358828625455681e+04
6.872058838196654085e-01 1.178488731579234461e+01 1.402974803061897728e+04
6.999107777494171234e-01 1.174249844844876201e+01 1.261336140939904908e+04
7.126222376808580838e-01 1.169998251587878002e+01 1.127724788398368764e+04
7.254372007388792953e-01 1.165508720358356598e+01 1.006321592627617611e+04
7.384165246645453262e-01 1.160783416259506140e+01 8.989609022435219231e+03
7.516264435518521525e-01 1.156228110525924713e+01 8.003381030774466126e+03
7.651037428820960384e-01 1.151460201322092836e+01 7.057665520710635064e+03
7.789029249886775252e-01 1.146535664828953394e+01 6.319761427949612880e+03
7.930537814012597053e-01 1.141679608194974804e+01 5.599757614291654136e+03
8.075958371640955535e-01 1.136507012114959636e+01 4.949106059792771703e+03
8.225491608423584067e-01 1.131525773002113233e+01 4.371545782499144480e+03
8.379449793593467533e-01 1.126510024351431660e+01 3.852102964165127560e+03
8.538013317734177710e-01 1.121444651524375580e+01 3.367831928906349276e+03
8.701282864743646872e-01 1.116287545367493728e+01 2.956959191052210372e+03
8.869367499253272280e-01 1.111277457356250586e+01 2.610868101633144306e+03
9.042427929873203540e-01 1.106323548862750883e+01 2.287379816090621716e+03
9.220357496872129133e-01 1.101638527172044490e+01 2.000345199383488534e+03
9.403669164638299716e-01 1.096407076170280348e+01 1.748703119093981059e+03
9.592750194233666816e-01 1.091920676452324024e+01 1.522566629026688133e+03
9.787327213982313090e-01 1.086891344958758054e+01 1.325701777613140166e+03
9.987503557414474376e-01 1.081804419837320452e+01 1.152802848832110840e+03
1.019302529540145219e+00 1.077237803028175200e+01 1.000660635322553503e+03
1.040376723695845884e+00 1.072681202713418358e+01 8.691455193102323165e+02
1.061937713901038638e+00 1.068120485579854595e+01 7.537749367823273587e+02
1.083999335529856500e+00 1.063766014331753418e+01 6.534140066979692847e+02
1.106460969613171308e+00 1.059396682177851012e+01 5.658559435914247615e+02
1.129349875544419790e+00 1.055089299830750527e+01 4.905922820392013364e+02
1.152612646504604932e+00 1.050938250428741227e+01 4.252061440323910801e+02
1.176228878674157485e+00 1.046846370197778420e+01 3.682480531799579353e+02
1.200133412831475788e+00 1.042886168179319206e+01 3.192679018927691459e+02
1.224288677004406356e+00 1.038797145877872019e+01 2.771879193275724447e+02
1.248643381278341513e+00 1.035260415457647198e+01 2.399694582536533289e+02
1.273196699065773041e+00 1.031224514633558442e+01 2.084559431107423109e+02
1.297855166134267657e+00 1.027459144437230520e+01 1.811088482702980684e+02
1.322590398172108550e+00 1.023751280690779097e+01 1.567735809145153780e+02
1.347344919357206461e+00 1.020029610674607135e+01 1.371360055715132091e+02
1.372090006366729842e+00 1.016360902220361240e+01 1.192928783903135752e+02
1.396776690468337856e+00 1.012811237170989465e+01 1.040837098836781678e+02
1.421331895286388924e+00 1.009307637594674567e+01 9.051068313173671243e+01
1.445731734022163151e+00 1.005681124407208316e+01 7.945050545348344428e+01
1.469904083768789338e+00 1.002163568113849834e+01 6.953323740124882590e+01
1.493827597158504217e+00 9.986530242663693713e+00 6.095822742719994380e+01
1.517454000595421792e+00 9.951291366727335941e+00 5.348432888977439603e+01
1.540725717704999775e+00 9.916382278563581565e+00 4.698671641177767810e+01
1.563605551582349706e+00 9.880490545877844255e+00 4.140273140746086966e+01
1.586061685297601276e+00 9.845452108605709185e+00 3.651157007301811319e+01
1.608026884049136962e+00 9.809525742073390120e+00 3.224450042853410281e+01
1.629229401189583148e+00 9.774308301947352007e+00 2.857464523866762818e+01
1.649359242468840581e+00 9.738263610888092003e+00 2.542037282570743173e+01
1.668335999770106826e+00 9.701962585821416241e+00 2.268392747853559754e+01
1.686216279425641007e+00 9.665053115408117179e+00 2.026026527246412812e+01
1.703004310226324591e+00 9.627931903135014124e+00 1.820711759947122133e+01
1.718659745833114538e+00 9.589819406580872396e+00 1.647037612958698816e+01
1.733266363063092230e+00 9.550252783386753208e+00 1.489463333594157213e+01
1.746860799998072089e+00 9.510094253301447864e+00 1.349518266146735712e+01
1.759436961914154107e+00 9.469408946822170492e+00 1.223082434259547746e+01
1.771025309418053695e+00 9.427691348617397438e+00 1.117475704534485637e+01
1.781670905814134231e+00 9.385019450327810375e+00 1.017958173288179147e+01
1.791363871301234312e+00 9.341811420350010664e+00 9.338801490421008822e+00
1.800152870718843223e+00 9.297952547202871898e+00 8.573540973333203752e+00
1.808079716103186518e+00 9.252722520673927420e+00 7.866319036534639153e+00
1.815113810407807948e+00 9.208286460126409168e+00 7.253843818078681061e+00
1.821317041377923385e+00 9.161282462854337894e+00 6.695533822737001373e+00
1.826816512171122175e+00 9.115590288248387907e+00 6.192134351309640294e+00
1.831352143271426147e+00 9.067850387572720550e+00 5.747777682314490377e+00
