2.191799393465098389e-01 1.550982308316407554e+01 3.683535669800713658e+06
2.248050220772309371e-01 1.531398409669978200e+01 3.266108298494115006e+06
2.305719390175773320e-01 1.507720756185297617e+01 2.889616617412692867e+06
2.365274481756722280e-01 1.489376922138922055e+01 2.551878816800116561e+06
2.426590644587465206e-01 1.471572405386995541e+01 2.250222807580248918e+06
2.489515586138722480e-01 1.453646317976787117e+01 1.992813303725131089e+06
2.554283424797180180e-01 1.438680123046192705e+01 1.760162721827661851e+06
2.620873356218825778e-01 1.423252981860599320e+01 1.564352940719062928e+06
2.689326243696032459e-01 1.410735065149435208e+01 1.377130498852873221e+06
2.759651385745420793e-01 1.394710889914820839e+01 1.220889144774348475e+06
2.831896408642217144e-01 1.381750603258612919e+01 1.081787907474310370e+06
2.906090080020735100e-01 1.369852873842331498e+01 9.551275738693870371e+05
2.982197863421042205e-01 1.358374160542168774e+01 8.460797008719241712e+05
3.060221164544473238e-01 1.347516560644764816e+01 7.488731623336876510e+05
3.140369356712080506e-01 1.337354797158565312e+01 6.636083595486324048e+05
3.222433449103110914e-01 1.327265008509854738e+01 5.874426484971024329e+05
3.306639351686304074e-01 1.319171089869164604e+01 5.199260340436938568e+05
3.392897009716765444e-01 1.309884436618969517e+01 4.615083673500811565e+05
3.481271722975759486e-01 1.301645088150018914e+01 4.084929230059104157e+05
3.571831091567215233e-01 1.293740478030828989e+01 3.625655426878330763e+05
3.664425892813472641e-01 1.286877041857084514e+01 3.199715890027049463e+05
3.759214761179791586e-01 1.279808843984751476e+01 2.840643465450496878e+05
3.856266814645919472e-01 1.273147262550881820e+01 2.522120578819898365e+05
3.955485467525153287e-01 1.267442005795198057e+01 2.237050126857753203e+05
4.056848137939416676e-01 1.261222126054761539e+01 1.980716747612662730e+05
4.160526480860015641e-01 1.255826541348971048e+01 1.760911997909720521e+05
4.266335035370127371e-01 1.250326887234915674e+01 1.563114184193337278e+05
4.374343413049911478e-01 1.245642333014327008e+01 1.373796691713461187e+05
4.484797951234921198e-01 1.241050030857975628e+01 1.232071919830025727e+05
4.597457369105191760e-01 1.236749439830231267e+01 1.093493264435709716e+05
4.712263012707078036e-01 1.232744628426764244e+01 9.620543055863940390e+04
4.829002092315970995e-01 1.228555775237414238e+01 8.577500237568259763e+04
4.948411632822087292e-01 1.224928898408819755e+01 7.603168584393175843e+04
5.069822919728438348e-01 1.221243777491598337e+01 6.825613799858556013e+04
5.193642713668650268e-01 1.218079465994648736e+01 6.020299914415995590e+04
5.319505866581629716e-01 1.214720063456139698e+01 5.408604087634563621e+04
5.447688154044667552e-01 1.211821505244975938e+01 4.819437961565591831e+04
5.578086382348299566e-01 1.208987535693858995e+01 4.289113521505041717e+04
5.710427707231584549e-01 1.206305881260350787e+01 3.820851456258769031e+04
5.844901132524016329e-01 1.203570180089946184e+01 3.408895922992310079e+04
5.979498344298744827e-01 1.201136062401261206e+01 3.039706411290164033e+04
6.114611464181177736e-01 1.198992772910772509e+01 2.719849354632266841e+04
6.250665170019772399e-01 1.196560125161260757e+01 2.434509232050248102e+04
6.388357907854926854e-01 1.194480040223851169e+01 2.183238482014766123e+04
6.528223665857265656e-01 1.192348141512256632e+01 1.955541260576335844e+04
6.670611606097455182e-01 1.190300193786187855e+01 1.751208792570719015e+04
6.816743137016284537e-01 1.188380040511323266e+01 1.568394158082626745e+04
6.965338781037812010e-01 1.186430126956139830e+01 1.401299407879787759e+04
7.118432964344981739e-01 1.184375071150462944e+01 1.253155283945732845e+04
7.274796322487956379e-01 1.182715682838139060e+01 1.120092810203662339e+04
7.436031709736233841e-01 1.180938405757043164e+01 9.984293269148120089e+03
7.601249829803826685e-01 1.179359938136689756e+01 8.913218037580336386e+03
7.771265938755294034e-01 1.177851151192007428e+01 7.943686688783348472e+03
7.946111989152407906e-01 1.176495416157888130e+01 7.062937421239030300e+03
8.125899292598987023e-01 1.174996755208399790e+01 6.286129209566209283e+03
8.310904156660812170e-01 1.174012106157147350e+01 5.581659847198342504e+03
8.501146475967571448e-01 1.172682931592044753e+01 4.916211188476737334e+03
8.696560438412654914e-01 1.171656402262750696e+01 4.397626013444867567e+03
8.897484497706348305e-01 1.170851893282113210e+01 3.897626031870494899e+03
9.103930414903215196e-01 1.170074357816554311e+01 3.454911667853274139e+03
9.315831492191635199e-01 1.169314929511824630e+01 3.064219802494758369e+03
9.533289255687178443e-01 1.168613867054131816e+01 2.709207737201722466e+03
9.756247508628584919e-01 1.168770427957504232e+01 2.396681724076322553e+03
9.984909851552247195e-01 1.167837372819381159e+01 2.121079488158168260e+03
1.021896245820007154e+00 1.167552597844430906e+01 1.874124673466283411e+03
1.045867084494156662e+00 1.167769222562161602e+01 1.645377140590884210e+03
1.070375803342825005e+00 1.167370209857735297e+01 1.465527368912604061e+03
1.095433578766974891e+00 1.167394992842676693e+01 1.294516396814292193e+03
1.121007381437856054e+00 1.167690451571098897e+01 1.135317701845024658e+03
1.147108164532205654e+00 1.167754436076472224e+01 1.010149656833470317e+03
1.173724101158855060e+00 1.168088146081164780e+01 8.925331758539434759e+02
1.200831504602621891e+00 1.168448022935270814e+01 7.887942093405664536e+02
1.228414226846389345e+00 1.168988638977049099e+01 6.969832761388673816e+02
1.256470865268970449e+00 1.169387993709912621e+01 6.161014697562960691e+02
1.284971820657342834e+00 1.170183505805636237e+01 5.446907360837827810e+02
1.313905853612475472e+00 1.170715485725574467e+01 4.814490953485484965e+02
1.343246512384588032e+00 1.171462137534271086e+01 4.260473150000549936e+02
1.372972126773452484e+00 1.172613667954212779e+01 3.772052724911982295e+02
1.403062757814564021e+00 1.173280575042078588e+01 3.342121142598245456e+02
1.433492296234742946e+00 1.174064800367457018e+01 2.955275984129928020e+02
1.464159049479852648e+00 1.174893141513724082e+01 2.621696581347605388e+02
1.494711014686693318e+00 1.175750903185072538e+01 2.328100896687704164e+02
1.525081690632586362e+00 1.176587954048906859e+01 2.073749821200135557e+02
1.555270810245460655e+00 1.177448685204429424e+01 1.849647419598982196e+02
1.585253678648798070e+00 1.178318557758852414e+01 1.649896119719046794e+02
1.615046882332354938e+00 1.179023923257369688e+01 1.476678613008180605e+02
1.644573337512628797e+00 1.179737669095506547e+01 1.322006442064987652e+02
1.673904798268104122e+00 1.180486652312319329e+01 1.186294302925927866e+02
1.702950857289685649e+00 1.180924203177013254e+01 1.064817544530641129e+02
1.731772309829739287e+00 1.181441442884115745e+01 9.573898720125158945e+01
1.760272278648686628e+00 1.181728768433262466e+01 8.634810281173690782e+01
1.788513174945090656e+00 1.182075987056571975e+01 7.775010839296973586e+01
1.816444518790685025e+00 1.182288341162123757e+01 7.017066661375828573e+01
1.844039475337917011e+00 1.182451441693305050e+01 6.310786215729178394e+01
1.871301512468529493e+00 1.182507624044105299e+01 5.711712258540712384e+01
1.898233582993541280e+00 1.182485560431532612e+01 5.189721796145602184e+01
1.924797007120655490e+00 1.182428329221187724e+01 4.706658582918066713e+01
1.950971722856575274e+00 1.182277136401800277e+01 4.273194456409448350e+01
1.976777979280150088e+00 1.181954411172716313e+01 3.883256142210145612e+01
2.002132842890948172e+00 1.181599592497247464e+01 3.531343720480519011e+01
