2.191799393465098389e-01 1.550982308316407554e+01 3.683535669800713658e+06
2.256371766355486086e-01 1.526437591322608789e+01 3.208961523261521012e+06
2.323113415454435282e-01 1.502400565398316346e+01 2.776137162604082376e+06
2.392207554925737389e-01 1.480909351734388757e+01 2.397371965802596882e+06
2.463435779022449534e-01 1.460877538955536714e+01 2.104105919646986295e+06
2.537031420068633358e-01 1.442018899031160828e+01 1.824941271929080132e+06
2.613040504690449239e-01 1.424510912868369061e+01 1.582557588374891551e+06
2.691474747754650787e-01 1.407720074945713939e+01 1.373331208606697153e+06
2.772386916431630044e-01 1.392510790952566957e+01 1.195077735866676783e+06
2.855846682300969275e-01 1.377343213046344772e+01 1.038727114159275778e+06
2.941817128650620616e-01 1.364010764942200105e+01 9.030831521894694306e+05
3.030518915277371494e-01 1.351745291333487309e+01 7.838598375060055405e+05
3.121508286432925772e-01 1.339865749760843094e+01 6.808408824550673598e+05
3.215391719878277210e-01 1.328853391755087365e+01 5.938042452740886947e+05
3.311944188226491059e-01 1.317863565618367616e+01 5.158041895609255880e+05
3.411282772867820778e-01 1.307959450605308582e+01 4.490189310408402234e+05
3.513418143467856303e-01 1.298904215637848303e+01 3.909672062843522872e+05
3.618244873478604351e-01 1.290498200416583074e+01 3.402006668534776545e+05
3.725912860882217292e-01 1.281941362931940454e+01 2.963602674513904494e+05
3.836605224094415401e-01 1.274410778144287626e+01 2.583232338309107872e+05
3.950044835486148931e-01 1.267726281803498267e+01 2.251489671431124443e+05
4.066386433747997686e-01 1.260984388690636493e+01 1.960482401095492824e+05
4.185625118644247800e-01 1.254133015951987495e+01 1.709277657562356326e+05
4.307905052772770249e-01 1.248798667067489632e+01 1.479576508517147158e+05
4.433099681393192215e-01 1.243128779021544617e+01 1.299083487132843147e+05
4.561232570303918044e-01 1.238166843265439532e+01 1.135666781690330245e+05
4.692548227092486202e-01 1.233398084163442121e+01 9.804832915967331792e+04
4.826257421549463578e-01 1.228700658258265044e+01 8.660895804694927938e+04
4.963323713038295670e-01 1.224559433480402326e+01 7.569096165861505142e+04
5.103190378878784683e-01 1.219874170546736813e+01 6.619637912587427127e+04
5.246024025527937784e-01 1.216534004674279501e+01 5.786560370019384573e+04
5.391785557626818104e-01 1.213118400510280459e+01 5.070417263325508247e+04
5.540480998134138524e-01 1.209803115124406858e+01 4.432912264233383030e+04
5.692107220644239129e-01 1.206665357463561961e+01 3.886535218315763632e+04
5.845743600804337303e-01 1.203542994610078232e+01 3.400574839061190141e+04
5.996767233210446024e-01 1.200717942118607162e+01 3.000707158219312987e+04
6.144446412096079557e-01 1.198238181882308595e+01 2.654327484331960295e+04
6.289413992368473316e-01 1.195460383909575341e+01 2.356820888450961866e+04
6.434113945538830759e-01 1.192978765376621553e+01 2.093402806008487096e+04
6.578877520707044901e-01 1.190420707229493935e+01 1.865383932827309400e+04
6.724840550899576774e-01 1.187602343562364560e+01 1.647756112809826300e+04
6.872568881332667967e-01 1.185381065407533363e+01 1.478692331417355854e+04
7.022922849468541395e-01 1.182906549346559721e+01 1.317404709302805531e+04
7.175152347244722062e-01 1.180122399383757603e+01 1.173776946411010067e+04
7.331270310918918121e-01 1.177550299911962028e+01 1.042899070417722942e+04
7.490857755534194862e-01 1.175214589445393010e+01 9.258072946376423715e+03
7.654312696307049579e-01 1.172660450591127379e+01 8.236300030169097226e+03
7.822454693735703124e-01 1.170322412654489241e+01 7.283148804721176930e+03
7.994340108352808727e-01 1.167811288964850291e+01 6.463571472919039479e+03
8.171300580257951918e-01 1.165416525670864090e+01 5.725229814989294027e+03
8.353237749521038591e-01 1.162963164932329718e+01 5.053691315927583673e+03
8.540268524776163384e-01 1.160968131670179915e+01 4.464920337879416365e+03
8.732481001591394509e-01 1.158774999299343911e+01 3.939752713218297231e+03
8.930070012853494887e-01 1.156631961418333354e+01 3.473790371315089033e+03
9.133134038870851512e-01 1.155316462251549225e+01 3.053938755787083210e+03
9.341613036326876784e-01 1.152804721823406631e+01 2.689184445629011407e+03
9.555682853285220046e-01 1.150900750285960328e+01 2.365772022353432021e+03
9.775248963031694105e-01 1.149177845399385056e+01 2.080151738784695681e+03
1.000039088564636192e+00 1.147545956022711167e+01 1.811149326795992920e+03
1.023102886063381733e+00 1.145939780938820185e+01 1.603634845423842989e+03
1.046720308232583108e+00 1.144590201207557811e+01 1.405066915007172611e+03
1.071190730315860762e+00 1.143138555354057218e+01 1.230004039396282224e+03
1.096389017780736497e+00 1.141819657690898460e+01 1.076255926063321567e+03
1.121613174425341253e+00 1.140702827795982799e+01 9.434414882458462444e+02
1.146825783004751242e+00 1.139521473442356836e+01 8.291496224548122882e+02
1.172038254951615066e+00 1.138390942330062039e+01 7.299182261778870497e+02
1.197232628863810433e+00 1.137461924201143582e+01 6.443781371974578178e+02
1.222402886241994224e+00 1.136080617018707350e+01 5.647994446636444081e+02
1.247543909292044395e+00 1.134992617052338559e+01 5.023483779540063665e+02
1.272652935831678267e+00 1.134031412076300604e+01 4.450350307631750297e+02
1.297730594586403274e+00 1.132873096716255112e+01 3.944443340535508469e+02
1.322758754595089403e+00 1.131622436138126098e+01 3.498741598304087574e+02
1.347731017315516810e+00 1.130328428266323826e+01 3.109511342682839086e+02
1.372629222470501897e+00 1.129062774163155680e+01 2.748092446598668062e+02
1.397469752585400071e+00 1.127629602367169248e+01 2.459827107247804179e+02
1.422192500459264375e+00 1.126340943600614430e+01 2.183532932006799285e+02
1.446802780857337156e+00 1.124943304337637251e+01 1.955283488443573674e+02
1.471318615628231186e+00 1.123475328232803960e+01 1.744326812467080856e+02
1.495660227978242496e+00 1.121976017010968718e+01 1.557815353775628751e+02
1.519859541198317565e+00 1.120405843368728327e+01 1.392820889779017932e+02
1.543876222965757883e+00 1.118837254156207450e+01 1.240337409861933651e+02
1.567736270147701783e+00 1.116997987737625841e+01 1.117654276836392597e+02
1.591316978829825368e+00 1.115214611252540600e+01 1.001641881507069201e+02
1.614699959696645815e+00 1.113479296001608354e+01 8.998859728903789801e+01
1.637845194986713881e+00 1.111519391296541137e+01 8.086737452445105134e+01
1.660684661024249831e+00 1.109534040123877396e+01 7.238955230629845516e+01
1.683250935548943783e+00 1.107518447543377249e+01 6.542151709102968482e+01
1.705505565098424103e+00 1.105465223862415414e+01 5.891308269329947933e+01
1.727428385915420472e+00 1.103334082300231067e+01 5.312286352457979888e+01
1.749013637528352483e+00 1.101152172787115369e+01 4.786244580696094886e+01
1.770212062029411948e+00 1.098906775119294110e+01 4.330838452548072581e+01
1.791032067931549898e+00 1.096610208975483935e+01 3.918010827885839120e+01
1.811448619460939824e+00 1.094255499736254045e+01 3.550471165558781195e+01
1.831454889027580357e+00 1.091770541512506298e+01 3.215931838622463346e+01
1.850998980473378186e+00 1.089280811003438032e+01 2.917981147842548495e+01
1.870096774666829775e+00 1.086684803727705528e+01 2.641330659355608645e+01
1.889056175619342914e+00 1.084200823809395153e+01 2.412664874972535856e+01
1.906873641485051563e+00 1.081363677556901060e+01 2.194605086251623050e+01
1.924524939714536309e+00 1.078590206133384832e+01 2.000811908256282479e+01
1.941660858007115742e+00 1.075816570070411871e+01 1.826918964447790827e+01
