2.191799393465098389e-01 1.550982308316407554e+01 3.683535669800713658e+06
2.255771438628915715e-01 1.526278753622370132e+01 3.208211774575289339e+06
2.321888551850282978e-01 1.503492713241751133e+01 2.783675163143182639e+06
2.390220454155982943e-01 1.481528979675645452e+01 2.420382802746627945e+06
2.460835361709398095e-01 1.461366026538239105e+01 2.104834750591119751e+06
2.533683869809897904e-01 1.443058853880592629e+01 1.829672065799425356e+06
2.608883093549453913e-01 1.425093388316137144e+01 1.597843917382813292e+06
2.686478710306979267e-01 1.409631079184504188e+01 1.389822264965490438e+06
2.766499249500107283e-01 1.392908698595235784e+01 1.206097250072222203e+06
2.849036330918797710e-01 1.378958808450622442e+01 1.038893180305776419e+06
2.934137735718352347e-01 1.365462162108518740e+01 9.141381521150051849e+05
3.021470367490938225e-01 1.352665516099655107e+01 7.966916074988024775e+05
3.111814162924861904e-01 1.340668550011307225e+01 6.931515604459063616e+05
3.204516924626726881e-01 1.329510158246998408e+01 6.035510684886847157e+05
3.299687657381989991e-01 1.319680291223998836e+01 5.258620916103224736e+05
3.397700163087767344e-01 1.309351039317487420e+01 4.581245235561653390e+05
3.498481581091739123e-01 1.300630655726002693e+01 3.987071795058826683e+05
3.602065553443703494e-01 1.291558893489740711e+01 3.488087320054400479e+05
3.708322130803182737e-01 1.283623303767615909e+01 3.026677407596813282e+05
3.817619741850417081e-01 1.275901349445889643e+01 2.642869317390267970e+05
3.929410075021765314e-01 1.268552134314772317e+01 2.304998988471881603e+05
4.044316173665191139e-01 1.262292995146441754e+01 2.011656890215532621e+05
4.161866482350879970e-01 1.255933047038214134e+01 1.758788372652178805e+05
4.282449798765501914e-01 1.250133487855419112e+01 1.532829054975055333e+05
4.405808142993779541e-01 1.244408917130119185e+01 1.341002890900243947e+05
4.532193215431019051e-01 1.238981792566762330e+01 1.169848092948741978e+05
4.661614346910599171e-01 1.234253344370127259e+01 1.022449375348987669e+05
4.793722276893652157e-01 1.229651976929871182e+01 8.961890021997143049e+04
4.928664905029256915e-01 1.225355341470085513e+01 7.833656129309158132e+04
5.066492667952776641e-01 1.221441442318673154e+01 6.852902864312611928e+04
5.207275216228102188e-01 1.217462040411321844e+01 6.006790485926454858e+04
5.350946381255995421e-01 1.213973053643645805e+01 5.257404962913884810e+04
5.497472379213724780e-01 1.210754283153160671e+01 4.612566973596599564e+04
5.646897081298599685e-01 1.207559055427399386e+01 4.034491385515819275e+04
5.798686903589329589e-01 1.204520249074346872e+01 3.539952748808504111e+04
5.952232922399091075e-01 1.201762456057313955e+01 3.110356287196271296e+04
6.106557378813085579e-01 1.198954268264784595e+01 2.740795919156535820e+04
6.262368298208593753e-01 1.196543255669910977e+01 2.414182106682123413e+04
6.420871668485474970e-01 1.193839434273038691e+01 2.128316928812885817e+04
6.582562304696359945e-01 1.191637916039277201e+01 1.875885276017473370e+04
6.748436185548936095e-01 1.189181728566959073e+01 1.652066677234493181e+04
6.918886110172703940e-01 1.186828010164326130e+01 1.455918932607059469e+04
7.094229678345965739e-01 1.185099223070007035e+01 1.278497374241937177e+04
7.275004475323448849e-01 1.182940101864627991e+01 1.122794781053016595e+04
7.460584953732660729e-01 1.181215944083660752e+01 9.875408448002985097e+03
7.644950730035060538e-01 1.179474479260693442e+01 8.674919261747772907e+03
7.827304948454343325e-01 1.177736289890977694e+01 7.667730649546138920e+03
8.008510369327681566e-01 1.176166806179777424e+01 6.785548713026641053e+03
8.189278084151687676e-01 1.174641692129900328e+01 6.023220592996065534e+03
8.369193239770857939e-01 1.172695429414588020e+01 5.353917245515554896e+03
8.549807238884860050e-01 1.171103510147258220e+01 4.761570459425541230e+03
8.730645270549324266e-01 1.169458817344558277e+01 4.245166688533544402e+03
8.912800256934000354e-01 1.167656578106857523e+01 3.772263468767422637e+03
9.095817799284739991e-01 1.165875149895748564e+01 3.370053353591048108e+03
9.280208838385971548e-01 1.163950544647195073e+01 3.001413529776651103e+03
9.466283560146104836e-01 1.162153565045286818e+01 2.676237950284419640e+03
9.654128455517277940e-01 1.160208569441455850e+01 2.386840539617882769e+03
9.843782910773166694e-01 1.158573214291313569e+01 2.127550310928620547e+03
1.003548272764906768e+00 1.156552892507725794e+01 1.899278454553862730e+03
1.022931424397542477e+00 1.154613632905733134e+01 1.693705038959260037e+03
1.042539186504377824e+00 1.152803435222508810e+01 1.510033828215287485e+03
1.062350935006825425e+00 1.151012623871207197e+01 1.347098266735408060e+03
1.082395504922293528e+00 1.149082612416649951e+01 1.201423651067449555e+03
1.102668972037636141e+00 1.146883383868428652e+01 1.070876847330808687e+03
1.123156228620404873e+00 1.144891684441165758e+01 9.543142207741364018e+02
1.143868477316327903e+00 1.143044078361137927e+01 8.519659994967956891e+02
1.164801675581468743e+00 1.140798463601971058e+01 7.589295716324504610e+02
1.185932261105975938e+00 1.138850650829337852e+01 6.769950801195043368e+02
1.207268524767175277e+00 1.136853807294092711e+01 6.031303185868977152e+02
1.228788702723312865e+00 1.134789812623982108e+01 5.380530083427877344e+02
1.250483510552656830e+00 1.132607253152901272e+01 4.799970461820260539e+02
1.272343644476002789e+00 1.130741688002387413e+01 4.256744977957119431e+02
1.294412230734197644e+00 1.128720916444349420e+01 3.811699843538204391e+02
1.316490211859206561e+00 1.126587442779030468e+01 3.408638967839028737e+02
1.338745676708233523e+00 1.124504440618248324e+01 3.028667269301183751e+02
1.361099206535398398e+00 1.122598288247576370e+01 2.701201826983954106e+02
1.383527454706165782e+00 1.120246639782550702e+01 2.424804290826532167e+02
1.406009041207288757e+00 1.118282053334372428e+01 2.166913751583270482e+02
1.428531325138601593e+00 1.116093145748645199e+01 1.938393255969174902e+02
1.451064533721318606e+00 1.113713895944815846e+01 1.728729217901231152e+02
1.473586383522824228e+00 1.111815521322460576e+01 1.551634680557611148e+02
1.496133538462258050e+00 1.109388695054567897e+01 1.386127589414942918e+02
1.518513949094447701e+00 1.107075804604748015e+01 1.244776766882685450e+02
1.540941915180513044e+00 1.104879158156331265e+01 1.108257811687712717e+02
1.563122541951733391e+00 1.102620834271388262e+01 1.000895908851616980e+02
1.585244878262477286e+00 1.100333723340354375e+01 8.989628801183246765e+01
1.607212784393829530e+00 1.097917525600591659e+01 8.075180340696626047e+01
1.629005799809158272e+00 1.095560538383913496e+01 7.264161672240955170e+01
1.650592960199692483e+00 1.093171171012986420e+01 6.538848999314969035e+01
1.671956346155262674e+00 1.090738500831141522e+01 5.885721528230789090e+01
1.693072996716520118e+00 1.088235679073408946e+01 5.299468031030811233e+01
1.713909856026264666e+00 1.085799616087115993e+01 4.785831032314213473e+01
1.734444443807766634e+00 1.083180527385296976e+01 4.320329327988793011e+01
1.754677936935319149e+00 1.080634026358652733e+01 3.907058524780915576e+01
1.774561075898955620e+00 1.078007584018975074e+01 3.535538134318052528e+01
1.794085663820739196e+00 1.075352320073938195e+01 3.201840364110187664e+01
1.813231463164074020e+00 1.072652056900495943e+01 2.902920561221014850e+01
1.831978311466645026e+00 1.069878847570056379e+01 2.638167875960481012e+01
1.850305033894067419e+00 1.067132319677154761e+01 2.396764533072633441e+01
1.868203268284657881e+00 1.064268749625972355e+01 2.173599072700552526e+01
