2.191799393465098389e-01 1.550982308316407554e+01 3.683535669800713658e+06
2.267612752440694157e-01 1.521082677244514514e+01 3.125920938334770966e+06
2.346437382591535503e-01 1.496974919710412699e+01 2.667166849306515418e+06
2.428484838250807298e-01 1.470306912572932845e+01 2.248787081703186035e+06
2.513606388811022718e-01 1.448060557009743654e+01 1.887411052644300973e+06
2.601883448076902638e-01 1.427729859090706377e+01 1.624497064868410118e+06
2.693571395445023553e-01 1.407893306779275910e+01 1.367436145276837749e+06
2.788656219274556203e-01 1.389012213028083487e+01 1.161766811042294139e+06
2.887212150159287893e-01 1.372686574240409207e+01 9.863401170331265312e+05
2.989376668658138003e-01 1.357129063994699436e+01 8.369564824086881708e+05
3.094851381813430446e-01 1.342911064846307312e+01 7.101365136917342898e+05
3.204343119471462220e-01 1.330268956296805705e+01 6.024739246616004966e+05
3.317098488735004680e-01 1.317992950109810124e+01 5.114570869207254727e+05
3.433887286966805230e-01 1.305849332396726581e+01 4.311301074900432141e+05
3.554506999183973948e-01 1.295879821084154138e+01 3.696950476218331605e+05
3.678776043247081184e-01 1.285417565255216665e+01 3.148474474249563646e+05
3.807309878309532158e-01 1.276408023794389912e+01 2.677276182023623842e+05
3.939420534484411318e-01 1.268046012547269008e+01 2.277137063163674611e+05
4.075689019348367470e-01 1.260542598294892613e+01 1.938063127555937681e+05
4.215917847629613857e-01 1.252985435734786179e+01 1.650902630600183329e+05
4.360343715277795740e-01 1.246490319435099181e+01 1.404293903268479917e+05
4.508673453028825828e-01 1.240165426916794367e+01 1.200531465812739916e+05
4.661126841358188000e-01 1.234294011985330464e+01 1.022999391916060849e+05
4.817367452563893204e-01 1.229044698877935815e+01 8.742106742746289819e+04
4.977868022433817319e-01 1.223898813129997798e+01 7.463755353910899430e+04
5.142325246857243348e-01 1.219353297352981436e+01 6.381693962831732642e+04
5.310839353210110581e-01 1.214904968377688199e+01 5.452435346112316620e+04
5.483359189274708001e-01 1.211033826848957595e+01 4.676130501239826845e+04
5.659901156984732395e-01 1.207117857267531846e+01 3.993586070548185671e+04
5.839829881850983062e-01 1.203579780185917514e+01 3.421860725125542376e+04
6.020333141500487928e-01 1.200465721401564068e+01 2.943001390837133295e+04
6.201678157182223261e-01 1.197201473864913446e+01 2.537894928928242371e+04
6.384353103784758954e-01 1.194134670748089455e+01 2.194536118930563680e+04
6.571041085607320920e-01 1.191536996825101191e+01 1.890564857538945580e+04
6.762403909145494607e-01 1.188861231883499059e+01 1.632146417445497536e+04
6.959246890918697748e-01 1.185847060720818646e+01 1.408798786103471866e+04
7.162586463625730815e-01 1.183434467041048244e+01 1.213165438846531288e+04
7.372789158944810239e-01 1.181316569425196228e+01 1.041627520107311284e+04
7.590818529243154034e-01 1.178991158661456851e+01 8.944236117147938785e+03
7.816432125137021680e-01 1.176845721070520412e+01 7.663580955648659256e+03
8.050799542759802252e-01 1.174990215056864606e+01 6.563524957298362096e+03
8.294070017441802500e-01 1.173093154879101796e+01 5.610693399755915380e+03
8.546434441475557753e-01 1.171491726931046351e+01 4.764168910026164667e+03
8.808109353699913324e-01 1.169894549903784586e+01 4.088070234863604583e+03
9.079479700939612208e-01 1.168855318866735615e+01 3.475498332102955374e+03
9.360366477511220529e-01 1.167556079224549137e+01 2.940079482393952730e+03
9.651119551353843917e-01 1.166925955218067479e+01 2.512765573761998439e+03
9.951689954846173469e-01 1.166243079205006872e+01 2.131446201594871127e+03
1.026186949918508562e+00 1.165695136533057941e+01 1.810442051365934503e+03
1.058181218850627880e+00 1.165437497619946683e+01 1.535992553131758541e+03
1.091125814704098973e+00 1.165327067537269201e+01 1.302182162208234331e+03
1.125006901528417647e+00 1.165646010587348691e+01 1.103482402409519409e+03
1.159795851471488337e+00 1.165467589045668184e+01 9.360480448682016004e+02
1.195467551231327086e+00 1.165841904992995559e+01 7.937965043754336421e+02
1.231985587623811274e+00 1.166161335537110411e+01 6.723665299648571363e+02
1.269314153793534627e+00 1.166900037689558367e+01 5.707054282769573774e+02
1.307410454865434168e+00 1.167434921351130583e+01 4.813247674396238835e+02
1.346219236483543913e+00 1.168662340290400969e+01 4.112631909017640055e+02
1.385692736540339087e+00 1.169349618770903732e+01 3.494024979798919048e+02
1.425775108308227068e+00 1.170269172395153845e+01 2.972321057134988109e+02
1.466398221578692596e+00 1.171323943874362072e+01 2.530361899623970316e+02
1.507514812059929099e+00 1.172247365372810179e+01 2.155098295544470943e+02
1.548994966445522925e+00 1.173498630459465630e+01 1.841320537371711623e+02
1.589206781001878843e+00 1.174645195255012808e+01 1.572325615848606333e+02
1.627422461773865070e+00 1.175225220538095705e+01 1.368127014131547128e+02
1.663770917100024338e+00 1.175743910815946691e+01 1.192199226915932400e+02
1.698338619708448016e+00 1.175877750142802469e+01 1.045355597078775958e+02
1.731237818332696632e+00 1.175787882456885569e+01 9.206057337074605584e+01
1.762554620541100459e+00 1.175514256222200338e+01 8.137374818034469115e+01
1.792377475572800360e+00 1.174551958087286962e+01 7.224449525401155370e+01
1.820754679213350880e+00 1.173526686574537159e+01 6.436958941034097847e+01
1.847769822090453928e+00 1.172213901104751876e+01 5.755225484078290776e+01
1.873462292188465161e+00 1.170590132175066245e+01 5.154500411429529549e+01
1.897896476994583415e+00 1.168704863363843494e+01 4.633307516067988274e+01
1.921114827627583566e+00 1.166550458843672189e+01 4.174436514880973448e+01
1.943153983902768056e+00 1.164166483657216666e+01 3.764546999711074449e+01
1.964047728252258374e+00 1.161531651795498910e+01 3.409907073187449811e+01
1.983837898283786982e+00 1.158654892569648709e+01 3.089158600640147867e+01
2.002551517611419474e+00 1.155641529897689068e+01 2.804406419382595317e+01
2.020218099406708046e+00 1.152373421843601164e+01 2.551856809235981771e+01
2.036862926792063266e+00 1.148820353847056985e+01 2.326516173270560728e+01
2.052515258203764681e+00 1.145160982770272362e+01 2.121778022351729831e+01
2.067179360861432169e+00 1.141346107865467552e+01 1.941693535364467138e+01
2.080899603193528957e+00 1.137333584965349331e+01 1.777732104570473481e+01
2.093687136098930424e+00 1.133126456286561989e+01 1.632367535039976403e+01
2.105562417586391621e+00 1.128793792595770107e+01 1.498570561813616919e+01
2.116548461919295576e+00 1.124355752880759951e+01 1.377527940296498521e+01
2.126659538198241606e+00 1.119695548863199619e+01 1.269816588266039226e+01
2.135914989468556513e+00 1.114999235449709580e+01 1.172602436317568220e+01
2.144340489558760332e+00 1.110180324129444784e+01 1.083008819032469816e+01
2.151940073755090221e+00 1.105162011280811640e+01 1.002826747178108668e+01
2.158745567875326010e+00 1.100143982739976600e+01 9.293554906839016638e+00
2.164946991091948103e+00 1.095071438620558446e+01 8.600938905642342647e+00
2.170017760630459147e+00 1.089796868744784852e+01 8.018630837730780669e+00
2.174730274003609853e+00 1.084554854427648962e+01 7.459802924394812962e+00
2.178310349852061734e+00 1.079079032895064927e+01 6.940872735493568868e+00
2.181385650759981143e+00 1.073591314414297671e+01 6.494357259940825244e+00
2.183764123937904422e+00 1.068139287472392773e+01 6.073295698333367909e+00
2.185650555982516785e+00 1.062614893237061153e+01 5.672029360488362038e+00
2.186532406104622961e+00 1.056961271386470003e+01 5.331516443030455576e+00
