2.191799393465098389e-01 1.550982308316407554e+01 3.683535669800713658e+06
2.251420206358522857e-01 1.528560290936280985e+01 3.243172142719613854e+06
2.312983597078081266e-01 1.509747880748045823e+01 2.873875303217880428e+06
2.376481272317094440e-01 1.487724183361039287e+01 2.501510133639921434e+06
2.441972384918390249e-01 1.470077977070212860e+01 2.184130802379615605e+06
2.509348442525723422e-01 1.449051829149471793e+01 1.919667519371782430e+06
2.578790249559098080e-01 1.432026723736774088e+01 1.680839154201966478e+06
2.650280642116784047e-01 1.416348453380501304e+01 1.480068328527713427e+06
2.723880757093777860e-01 1.401337516065066957e+01 1.300473663556339219e+06
2.799623686690412283e-01 1.387537269857465283e+01 1.139392913659962593e+06
2.877549751984223025e-01 1.374595528611098594e+01 9.997105050757286372e+05
2.957716185781311125e-01 1.361670878544634711e+01 8.793270421326502692e+05
3.039880207268170209e-01 1.350184909886664997e+01 7.719653341394411400e+05
3.124443503559976021e-01 1.339022433731228112e+01 6.789011156370259123e+05
3.211385757758772885e-01 1.328509258762806766e+01 5.970060149366422556e+05
3.300517670056986597e-01 1.318987350458000485e+01 5.244345839431886561e+05
3.391986642827246046e-01 1.309851392708336171e+01 4.615858891711888718e+05
3.485875240716220236e-01 1.301291765039592896e+01 4.058300439569357550e+05
3.582190925166078843e-01 1.293422677592985615e+01 3.568318423908239347e+05
3.680874800423205029e-01 1.285646688380994895e+01 3.144707047661836259e+05
3.782011398338329666e-01 1.278114264717736503e+01 2.762839186182389967e+05
3.885633730542594200e-01 1.271347353889859022e+01 2.431264550422739703e+05
3.991774844272817369e-01 1.265031693482896458e+01 2.139703417132988980e+05
4.100439195431285211e-01 1.258978235023815628e+01 1.884225191153261403e+05
4.211371804482819114e-01 1.253521020660221907e+01 1.661892698023786943e+05
4.325010999575414350e-01 1.248026958779620621e+01 1.464342959831932676e+05
4.441328939342244486e-01 1.242775195484558104e+01 1.293751404504120583e+05
4.559829285215868944e-01 1.238107650034615759e+01 1.137445937498822605e+05
4.681152559015927528e-01 1.233736765699753413e+01 1.002053976627168158e+05
4.804686020614385433e-01 1.229313946895192089e+01 8.839193523231762811e+04
4.931015798475339440e-01 1.225395826789977782e+01 7.800599485798785463e+04
5.059687291424984634e-01 1.221111165284234978e+01 6.897115363840357168e+04
5.190942301322780672e-01 1.217681897429563520e+01 6.096037443738304137e+04
5.324715940837889683e-01 1.214675294502524672e+01 5.376872914827513159e+04
5.460990517406890676e-01 1.211409451594545494e+01 4.762846123568248004e+04
5.599779275921963340e-01 1.208530728292842404e+01 4.207076705382524960e+04
5.740719151408031351e-01 1.205676956724721016e+01 3.718792628362978576e+04
5.884258277571946527e-01 1.203017146664631198e+01 3.296369774919444899e+04
6.028644526221368372e-01 1.200392865910865225e+01 2.922492628076198162e+04
6.175382059734632056e-01 1.198046101173213707e+01 2.590847737823400166e+04
6.325130651337912413e-01 1.195646814398494939e+01 2.299170654206345353e+04
6.478052477766806927e-01 1.193247259075395661e+01 2.018799384175431260e+04
6.634757693516898369e-01 1.191248361632910324e+01 1.805900872576673282e+04
6.795728696127107948e-01 1.189109126700929231e+01 1.598248120581269723e+04
6.961899076563424771e-01 1.187164577318324810e+01 1.413830707742580853e+04
7.132840438329915989e-01 1.185433348864211567e+01 1.250519386786803261e+04
7.309305700307545672e-01 1.183715345525089369e+01 1.102578930054233388e+04
7.491471835927216993e-01 1.181955649363944971e+01 9.731609690768364089e+03
7.679303728544831786e-01 1.180750348545322659e+01 8.568800778745660864e+03
7.873538472204835159e-01 1.179549625116789358e+01 7.528831138136211848e+03
8.074145208125256268e-01 1.178293053879226093e+01 6.630949941468179532e+03
8.281308151469363166e-01 1.177244780797952473e+01 5.814915811936112732e+03
8.495075812295406203e-01 1.176430140301266292e+01 5.107299523438905453e+03
8.715740850010719187e-01 1.175734503525282904e+01 4.472332222218770767e+03
8.943044465223144446e-01 1.175108466491728798e+01 3.917169792427135235e+03
9.177336746374588072e-01 1.174770547730787484e+01 3.430864277245406811e+03
9.418731343723041327e-01 1.174518634454535260e+01 3.000655219236753510e+03
9.663627999275877789e-01 1.174140475602788136e+01 2.631505156242356861e+03
9.908174774357761949e-01 1.174196840908227735e+01 2.307971090580032069e+03
1.015270179787919114e+00 1.174369380966125220e+01 2.031439889600715105e+03
1.039722243448978345e+00 1.174259194439017229e+01 1.793897214677486090e+03
1.064199992880848100e+00 1.174329569352621405e+01 1.586770384047420293e+03
1.088723161650335669e+00 1.174406619554508779e+01 1.402272643111419939e+03
1.113304902247937767e+00 1.174441579429676885e+01 1.233875472740813848e+03
1.137967315199003515e+00 1.174615467892010479e+01 1.103164975465121188e+03
1.162657974098416203e+00 1.174661400486802165e+01 9.797214509932870214e+02
1.187439189640453918e+00 1.174449857643168293e+01 8.712815219692091659e+02
1.212302900268019457e+00 1.174198744803210204e+01 7.751494158181436660e+02
1.237252969783508849e+00 1.173980836566999386e+01 6.877025762596740606e+02
1.262269050754999178e+00 1.173913943222414247e+01 6.152675362129409677e+02
1.287342568948391497e+00 1.173602409908408006e+01 5.492137687190656834e+02
1.312492212691055871e+00 1.173468728121107851e+01 4.898381232999006443e+02
1.337698508782707574e+00 1.173044099687963282e+01 4.381539348958736468e+02
1.362971640483090496e+00 1.173173527655815107e+01 3.909826741803060486e+02
1.388283053159386826e+00 1.172593638939506810e+01 3.499005845630978797e+02
1.413622739328258771e+00 1.172202765284384895e+01 3.130644990203255134e+02
1.438984939567483634e+00 1.171716113721027064e+01 2.802816741030791832e+02
1.464507153728375810e+00 1.171125693682575530e+01 2.510027305530642820e+02
1.489731626367053696e+00 1.170746479252164107e+01 2.238622235800462192e+02
1.515083092151908728e+00 1.169968560408400116e+01 2.021462403921457849e+02
1.540399855065901491e+00 1.169222603559308205e+01 1.807321440436703597e+02
1.565642887461353938e+00 1.168499329696880551e+01 1.628111295108245145e+02
1.590831276634045555e+00 1.167704861907407654e+01 1.464398478860501029e+02
1.615936291091756294e+00 1.166993736499808954e+01 1.317477527887522228e+02
1.640916510430986630e+00 1.165972244191896223e+01 1.185802340964008721e+02
1.665776060240101719e+00 1.165042719498137735e+01 1.067796281907186540e+02
1.690494442063171787e+00 1.164201833897761951e+01 9.621384572133224822e+01
1.715042612889236207e+00 1.163022056487093359e+01 8.685942455499470327e+01
1.739404112205297004e+00 1.161867491412456310e+01 7.842244846196867059e+01
1.763705294942913726e+00 1.160727114091930190e+01 7.037586468025639874e+01
1.787490269916669261e+00 1.159431274924957656e+01 6.408152191580877854e+01
1.811278145671346929e+00 1.158183241091166771e+01 5.798580219800952307e+01
1.834581454610674456e+00 1.156706546616208264e+01 5.249666668338706188e+01
1.857709222282692085e+00 1.155312535909049032e+01 4.758875746518301497e+01
1.880531958989521524e+00 1.153821548222266280e+01 4.315576275981463539e+01
1.903025161511375130e+00 1.152239732714928877e+01 3.918203360249244582e+01
1.925171509257454394e+00 1.150646850447355263e+01 3.561676635072771546e+01
1.947050186294141172e+00 1.149014495172884054e+01 3.238299588244826310e+01
1.968372283758642816e+00 1.147189466405366431e+01 2.934997581545681911e+01
1.989545824317359823e+00 1.145558633696133910e+01 2.675775289871334905e+01
