2.191799393465098389e-01 1.550982308316407554e+01 3.683535669800713658e+06
2.268630212642934740e-01 1.521296363465931023e+01 3.115629810024772305e+06
2.348623651600422191e-01 1.494191355863002002e+01 2.614585514797260053e+06
2.431744578479220764e-01 1.470314881792111095e+01 2.233899162988239899e+06
2.518055088416197296e-01 1.446476329754643153e+01 1.889011588553474750e+06
2.607761166576697542e-01 1.425451790230784788e+01 1.596831786325360416e+06
2.700888758492105968e-01 1.406535737482530379e+01 1.350632901848457986e+06
2.797502194819294630e-01 1.387463308267620299e+01 1.144909589592471020e+06
2.897710365759633699e-01 1.370990465526692503e+01 9.681003099603221053e+05
3.001483329991183058e-01 1.355590799821663239e+01 8.208911149634809699e+05
3.108898913763182836e-01 1.340843003543974454e+01 6.960693645869552856e+05
3.220061163536435678e-01 1.327667690574404169e+01 5.897282401113050291e+05
3.335137922959242607e-01 1.315315427009952920e+01 5.001634543383005075e+05
3.453979675636165703e-01 1.304299688124403289e+01 4.226327795816240832e+05
3.576796330866378604e-01 1.293355378397100175e+01 3.598746123084153514e+05
3.703565835002405326e-01 1.283868290021838021e+01 3.051578850368876010e+05
3.834491781935256416e-01 1.274594212178664243e+01 2.592158171570227132e+05
3.969383857728768228e-01 1.266175608136759045e+01 2.200605129675536009e+05
4.108459407248222228e-01 1.258530138103129836e+01 1.866282787995849794e+05
4.251476832125720140e-01 1.251378662292307808e+01 1.589076726580394024e+05
4.398463445004867634e-01 1.244736165792816074e+01 1.351724014912181592e+05
4.549904445137772924e-01 1.238935751017453590e+01 1.148892613809979812e+05
4.705563036232521812e-01 1.232733585473218518e+01 9.798236738281931321e+04
4.865352647797633323e-01 1.227500313349624861e+01 8.331690892830977100e+04
5.028894058238132514e-01 1.222458575977851147e+01 7.099927004106041568e+04
5.196823562094936566e-01 1.218135913299395234e+01 6.050246846992133942e+04
5.368887304329720278e-01 1.213726364393146362e+01 5.175914872394543636e+04
5.545060944697520755e-01 1.209691207701943050e+01 4.415050376079224225e+04
5.725040399424862203e-01 1.205984647023377221e+01 3.776393184426232619e+04
5.907757378566643736e-01 1.202465880342089299e+01 3.234498995993438439e+04
6.088553999603960598e-01 1.199315515768094365e+01 2.777506196091546371e+04
6.268482681261878797e-01 1.196237432865204475e+01 2.400762988360201416e+04
6.449752712662266685e-01 1.192868358381546301e+01 2.079456658848244479e+04
6.633549617791864028e-01 1.190362370786960788e+01 1.795498076815864260e+04
6.821294791236047761e-01 1.187583822018914859e+01 1.554768169870512975e+04
7.013911875113286731e-01 1.184424478127423441e+01 1.342832669579044159e+04
7.212849913528598389e-01 1.181957756878198929e+01 1.159310858830261895e+04
7.416642007196276865e-01 1.179098089166209462e+01 9.992941557868076416e+03
7.628008302837897547e-01 1.176663732628957071e+01 8.603506720293045873e+03
7.846655587745983151e-01 1.174416646503179251e+01 7.401588409835642778e+03
8.073165148851143558e-01 1.172199705662270119e+01 6.346808141893650827e+03
8.307889453793927403e-01 1.169969904198778110e+01 5.445805425432062293e+03
8.551409208233972103e-01 1.167908096929741646e+01 4.659914773316397259e+03
8.802970587418275095e-01 1.166050138966550875e+01 3.981192816690148902e+03
9.063742221306458902e-01 1.164629481655471288e+01 3.400737156251598208e+03
9.333657136758706230e-01 1.162936303810325001e+01 2.901126930049301336e+03
9.612662045541608968e-01 1.161508256659965177e+01 2.469873579369374966e+03
9.900785531452123145e-01 1.160277224064056689e+01 2.102421012829754090e+03
1.019808154492805485e+00 1.159303601523479266e+01 1.788117779075244016e+03
1.050444833114041021e+00 1.158417291901580448e+01 1.521710068498910914e+03
1.081966100262719443e+00 1.157988935357555249e+01 1.291887605479033482e+03
1.114369191998061170e+00 1.157122187235574629e+01 1.096914162533434364e+03
1.147619111584447404e+00 1.156713560900579729e+01 9.322418771059089977e+02
1.181531893652959964e+00 1.156372624411676675e+01 7.927458597558712654e+02
1.214349326580204558e+00 1.156053800543354981e+01 6.791960243358782918e+02
1.245733214197171757e+00 1.155798470183663262e+01 5.861447190065351833e+02
1.275793611718766485e+00 1.155042589202188985e+01 5.093658902511383531e+02
1.304623097835074130e+00 1.154203571480799795e+01 4.457640970342117726e+02
1.332348497170694035e+00 1.153471146477975218e+01 3.911806264011547682e+02
1.359027140403127998e+00 1.151859556013745944e+01 3.446756704695608846e+02
1.384748521335630977e+00 1.150387392498581995e+01 3.049093794611939643e+02
1.409587670586212926e+00 1.148617843270278271e+01 2.704327831187673610e+02
1.433560334932499902e+00 1.146888201193577572e+01 2.405646590497602801e+02
1.456721492804345486e+00 1.144355692642025701e+01 2.143355613649426061e+02
1.479108492770992989e+00 1.141975841525901814e+01 1.915335361763177957e+02
1.500789301270594844e+00 1.139318078348787822e+01 1.714002655207169141e+02
1.521747728411361633e+00 1.136539300133964758e+01 1.536472660255340372e+02
1.542033600924789694e+00 1.133383865485482467e+01 1.380120980555761889e+02
1.561656941310717306e+00 1.130569090759248851e+01 1.240179245497195808e+02
1.580641390926681433e+00 1.126818404036852073e+01 1.112097098007411802e+02
1.598996910018554374e+00 1.123201208093044379e+01 1.002244056442640527e+02
1.616730198835661714e+00 1.119387828612595293e+01 9.100881581611115223e+01
1.633857404816380532e+00 1.115480748091589014e+01 8.213612671556005296e+01
1.650384575687482425e+00 1.111385992950824075e+01 7.433550386733801929e+01
1.666312519571163664e+00 1.107178507844423621e+01 6.725427663445914561e+01
1.681651738907378402e+00 1.102821132482584510e+01 6.097626905161101263e+01
1.696394717987959710e+00 1.098316759664357534e+01 5.537435706809741731e+01
1.710556728596132503e+00 1.093734873412495112e+01 5.024835702581424357e+01
1.724365509560419119e+00 1.089055589747352037e+01 4.560193660029822382e+01
1.737112251577034527e+00 1.084211409004738336e+01 4.145815750233228414e+01
1.749511166997862688e+00 1.079210328895122473e+01 3.794667874517243433e+01
1.761322891446114092e+00 1.074150082620383095e+01 3.460477289680832769e+01
1.772733085884144577e+00 1.068998634427761729e+01 3.160476037900671287e+01
1.783179908667056557e+00 1.063734869576446229e+01 2.887173533027159422e+01
1.793239567036667204e+00 1.058426444097556463e+01 2.644581869720538592e+01
1.802693217918658775e+00 1.052937380764992170e+01 2.420900640483848676e+01
1.811570557426057437e+00 1.047516861221964923e+01 2.213701375512123803e+01
1.819875767234111041e+00 1.041995748182930726e+01 2.038863130724903883e+01
1.827565331813630456e+00 1.036353715075387960e+01 1.871006326168083689e+01
1.834683423755040899e+00 1.030609142925158572e+01 1.726288795445355362e+01
1.841226910966479613e+00 1.024926510485756559e+01 1.585427099009601903e+01
1.847185838534023850e+00 1.019170011952523858e+01 1.463175311095442765e+01
1.852553929051943715e+00 1.013313409393874842e+01 1.352654263518041056e+01
1.857358997777696530e+00 1.007482474164794262e+01 1.251941832678307165e+01
1.861766242482395084e+00 1.001678251880028192e+01 1.156067052258735650e+01
1.865288517758203479e+00 9.956601419699630640e+00 1.077961323527964588e+01
1.868420720645327382e+00 9.898246601583080562e+00 9.977124253656391772e+00
1.870997572883512206e+00 9.837882212249924763e+00 9.276339749003509993e+00
1.873169476354695329e+00 9.778858796968965095e+00 8.651715086193563664e+00
1.874545084855054444e+00 9.718472018040721139e+00 8.082614453020090295e+00
