2.191799393465098389e-01 1.550982308316407554e+01 3.683535669800713658e+06
2.246726078935418758e-01 1.532867152145663248e+01 3.309810847919890191e+06
2.302968251877742234e-01 1.509210273622779219e+01 2.899486141512949020e+06
2.361007231081339586e-01 1.490954935329813047e+01 2.574274761075865012e+06
2.420723656113508149e-01 1.472954753535286088e+01 2.275763285987324547e+06
2.481958503336774147e-01 1.457052186827452367e+01 2.029639729628304951e+06
2.545019251822462358e-01 1.440796164912032395e+01 1.782790252964601154e+06
2.609701732333200574e-01 1.424966868608256299e+01 1.589683386625980958e+06
2.676183073083623354e-01 1.410918298550037875e+01 1.411326789102095412e+06
2.744493721677534470e-01 1.397949744096816715e+01 1.253388725521250162e+06
2.814598802671340327e-01 1.384730497723678511e+01 1.113081333996175090e+06
2.886551196833909150e-01 1.373139058624571618e+01 9.871011616981299594e+05
2.960273697018178662e-01 1.361327349050301194e+01 8.765104714432966430e+05
3.035931956511461194e-01 1.350719681875668776e+01 7.778641573900335934e+05
3.113662543975097563e-01 1.340358640745549046e+01 6.834298977401186712e+05
3.193005817133956481e-01 1.331654413025481354e+01 6.126253145432861056e+05
3.274564399979105200e-01 1.322483794956958647e+01 5.450482567970792297e+05
3.357968275823318693e-01 1.313324656675653657e+01 4.790792479107677354e+05
3.443325192651400801e-01 1.305559516923725383e+01 4.299227450926182792e+05
3.530788950919140912e-01 1.297800637348237984e+01 3.793586056019595708e+05
3.620280025772626975e-01 1.290269119679260434e+01 3.395817088115507504e+05
3.711776297269635538e-01 1.283268669917171856e+01 3.019547645468750270e+05
3.805381383549206187e-01 1.276583406881861116e+01 2.684316277490926441e+05
3.901087485137535449e-01 1.270568653365891443e+01 2.384673944695542741e+05
3.998894870623266873e-01 1.264738825891142682e+01 2.121708678492965992e+05
4.098894336800898430e-01 1.259187871931171365e+01 1.887453758526237507e+05
4.200798353487729675e-01 1.253848905834018979e+01 1.663636739171320805e+05
4.304934900901022932e-01 1.249163166162998628e+01 1.494450749264640908e+05
4.411149014872687846e-01 1.244313704414581245e+01 1.333212057709328656e+05
4.519664996952351688e-01 1.239702349656135993e+01 1.185041473697902402e+05
4.630384737429779074e-01 1.235559969670396896e+01 1.056347152752730763e+05
4.743012275846161252e-01 1.231232852851088566e+01 9.414009153376126778e+04
4.857719144301071434e-01 1.227693069286273442e+01 8.409050170222035376e+04
4.974663391838254345e-01 1.223950374484295800e+01 7.482518330105382483e+04
5.093702372404965706e-01 1.220512831791695518e+01 6.693133635746344225e+04
5.214897197101804327e-01 1.217383191977596546e+01 5.947911318283354922e+04
5.338218472779456825e-01 1.214370723614450220e+01 5.322862696982186753e+04
5.463652191680982151e-01 1.211438527144982480e+01 4.751220867815369274e+04
5.591209830631620470e-01 1.208662164255953719e+01 4.240405700233746029e+04
5.720578304119439128e-01 1.205950880974530293e+01 3.787863702236327663e+04
5.852072779060576435e-01 1.204284581952382105e+01 3.387815889549515850e+04
5.985203838074862892e-01 1.201186044470758141e+01 3.031777347994390948e+04
6.120325523184431127e-01 1.198837988423823298e+01 2.710662661995746384e+04
6.258437048825921112e-01 1.196663475226584694e+01 2.423209725102642551e+04
6.399203854580085560e-01 1.194590292150480870e+01 2.166964397870871835e+04
6.543839966468010250e-01 1.192598630076365218e+01 1.939085593470133244e+04
6.692031129943838419e-01 1.190676337610725355e+01 1.716502337309149880e+04
6.844512038191962189e-01 1.188808368089907752e+01 1.545826835336455406e+04
7.001680876083782312e-01 1.187173461813241282e+01 1.377352449683259874e+04
7.163603999365143471e-01 1.185605551941038271e+01 1.226404279181568199e+04
7.330709483581381303e-01 1.184051644812452508e+01 1.091881053542749578e+04
7.502399740536210837e-01 1.182587184505892175e+01 9.708940236241203820e+03
7.679885194650906133e-01 1.181786396112523185e+01 8.612458460189458492e+03
7.862835506862053681e-01 1.180457152133670462e+01 7.646433929549751156e+03
8.051327242696891817e-01 1.179361948635347623e+01 6.774588078160562873e+03
8.246077009266210567e-01 1.178635515094406294e+01 6.007126802179001061e+03
8.446205071355208371e-01 1.177881859325373881e+01 5.308038949913135184e+03
8.652645236989745525e-01 1.177535023831225303e+01 4.697361203366287555e+03
8.865113407180784666e-01 1.177244180377034866e+01 4.152619360243445954e+03
9.083760270584628760e-01 1.176873928981336270e+01 3.664999378335831807e+03
9.308648731948174770e-01 1.176713997444199045e+01 3.235286258135883145e+03
9.539726928286237362e-01 1.176715015531725683e+01 2.856434353734822707e+03
9.777006380542219155e-01 1.176988471045152806e+01 2.517820190306551012e+03
1.002054689211073102e+00 1.177358272704880449e+01 2.220041588643830892e+03
1.027040631911011248e+00 1.177517039981147207e+01 1.958281913901511643e+03
1.052634947306032354e+00 1.178040495745880101e+01 1.724527299362748408e+03
1.078831215740746030e+00 1.178743081559117378e+01 1.515622910599324769e+03
1.105653421810307568e+00 1.179993917681043136e+01 1.329706713948028437e+03
1.133067340162660086e+00 1.180429060924459606e+01 1.181640211319304399e+03
1.161055112683979651e+00 1.181554894720352600e+01 1.040413425701725373e+03
1.189624940448657631e+00 1.182537841116336885e+01 9.168272000907263646e+02
1.218752833120509083e+00 1.183738339040789711e+01 8.081646574569015229e+02
1.248432495243359641e+00 1.185091283344454460e+01 7.120658914422213002e+02
1.278637194979177938e+00 1.186431477042888005e+01 6.286981941567109970e+02
1.309349190791574191e+00 1.187952169477966180e+01 5.539492330709574617e+02
1.340554376283076721e+00 1.189411032814207481e+01 4.882241577665827776e+02
1.372228450838646419e+00 1.190962502517227506e+01 4.289178241042461082e+02
1.404238844581287005e+00 1.192700160009445121e+01 3.791307223923345759e+02
1.436120815147391427e+00 1.194687213446853313e+01 3.377205762426671640e+02
1.467848845351882092e+00 1.196012945505530212e+01 2.995900482451592097e+02
1.499356026134287534e+00 1.197546984891850386e+01 2.664591168283646425e+02
1.530702101480094335e+00 1.199418173180702141e+01 2.375047994069540209e+02
1.561848255183949874e+00 1.200560398903902559e+01 2.120189020141712319e+02
1.592793673336078575e+00 1.201999424284330686e+01 1.894757075360387262e+02
1.623542864472594438e+00 1.203507141341518505e+01 1.696698420436247829e+02
1.654066658489658392e+00 1.204535802857562565e+01 1.521415041433531314e+02
1.684387972886235207e+00 1.205791832475397563e+01 1.364876047235189560e+02
1.714444060099544975e+00 1.206871960942026156e+01 1.221576961962320951e+02
1.744277286538901350e+00 1.207822590107704031e+01 1.105086970826171324e+02
1.773827376140336032e+00 1.208805341291705382e+01 9.963551051854511798e+01
1.803129498711746326e+00 1.209594882057382570e+01 8.988020560301248452e+01
1.832137194108921507e+00 1.210526539744428121e+01 8.114924818756342972e+01
1.860863542872480458e+00 1.211050430255917298e+01 7.337876761750341359e+01
1.889261177065935549e+00 1.211583739372610324e+01 6.640189471884251304e+01
1.917339243138939331e+00 1.212230857088833780e+01 6.022944268196130224e+01
1.945081807996163148e+00 1.212433815528003045e+01 5.433471344208310683e+01
1.972473195155431291e+00 1.212734777544603659e+01 4.957746164399647171e+01
1.999707599522550838e+00 1.213050527405363610e+01 4.498281190472885527e+01
2.026139458570015428e+00 1.213014848394002243e+01 4.079696047270023485e+01
2.052393733396851161e+00 1.213053736633621327e+01 3.731612281733292491e+01
