2.191799393465098389e-01 1.550982308316407554e+01 3.683535669800713658e+06
2.249558168112814893e-01 1.528507119618046595e+01 3.244662800972561818e+06
2.308902981963765477e-01 1.508286141082421494e+01 2.865128233134651557e+06
2.370170248288734904e-01 1.488686000072380011e+01 2.527030092642850243e+06
2.433328917053943774e-01 1.469175905321026221e+01 2.220208367172854487e+06
2.498218952691978745e-01 1.452879684758533507e+01 1.951088225089503219e+06
2.565013931674279268e-01 1.435171386011303873e+01 1.727654925585435471e+06
2.633747487801876841e-01 1.420073397721237640e+01 1.523171499983465066e+06
2.704446018241173366e-01 1.405225677749327673e+01 1.343924418783313828e+06
2.777126388799014411e-01 1.391368107997891990e+01 1.187508076054778416e+06
2.851858559497497114e-01 1.378300588619123346e+01 1.044475229053708375e+06
2.928704416285843881e-01 1.366481809021780869e+01 9.228208021303820424e+05
3.007441575975323134e-01 1.354659874797825836e+01 8.126693126215201337e+05
3.088329035525886335e-01 1.343332326319276504e+01 7.178569505740954774e+05
3.171386041065447636e-01 1.333372940952488683e+01 6.340653983466936043e+05
3.256694668734333442e-01 1.324552262312643869e+01 5.590928343490741681e+05
3.343948652530591703e-01 1.314625066896469185e+01 4.934124210324264714e+05
3.433478993449892713e-01 1.305844855419020334e+01 4.362042574370449875e+05
3.525257055827529795e-01 1.298011657254262374e+01 3.846933238392198691e+05
3.619355530040743729e-01 1.290731432383237731e+01 3.401081607645633048e+05
3.715645180861634755e-01 1.282867466806496815e+01 3.000306802802897291e+05
3.814465084879989920e-01 1.275834581634227582e+01 2.655844766606251942e+05
3.915224831267207217e-01 1.269674957329197262e+01 2.346556461647666874e+05
4.018568955863946468e-01 1.263428979908828254e+01 2.071905585435060493e+05
4.124060479045776328e-01 1.257176674190591648e+01 1.833674329489185766e+05
4.232021574410846365e-01 1.252405761342036428e+01 1.622973176867455768e+05
4.342397457954432771e-01 1.247037611608185870e+01 1.437619062617174350e+05
4.455110592420330473e-01 1.242154768005529952e+01 1.271458584677065373e+05
4.570081383420669940e-01 1.237774377631126477e+01 1.122966247041364550e+05
4.687603572017460252e-01 1.233403940003461585e+01 9.964291835711534077e+04
4.807320359848892832e-01 1.229944182604171310e+01 8.731032985876589373e+04
4.929395831773342174e-01 1.225392201603227704e+01 7.821400032159639522e+04
5.053792622074383400e-01 1.221804965042369240e+01 6.939494890990581189e+04
5.180610260500392306e-01 1.218416988970881043e+01 6.149659694944749936e+04
5.309785682097885040e-01 1.214921998345737464e+01 5.457753009959453630e+04
5.441303467338676203e-01 1.211904976038166026e+01 4.845983409271811979e+04
5.575165991052947190e-01 1.208977227556648515e+01 4.298129285406980489e+04
5.711087894185379321e-01 1.206114928895820526e+01 3.821062432105396874e+04
5.849141308151439844e-01 1.203564205454137692e+01 3.399348696193860815e+04
5.986767749202247524e-01 1.201096190670698505e+01 3.027058368184755454e+04
6.124017463450209808e-01 1.198589888193195740e+01 2.702823383531946456e+04
6.261681998011651151e-01 1.196303731616610300e+01 2.416481617933593952e+04
6.400396949428353022e-01 1.194266148286901164e+01 2.159646353457553414e+04
6.541589926760583706e-01 1.191403861861696889e+01 1.935141747741438667e+04
6.683940408607558226e-01 1.189758202017005573e+01 1.728179195577505379e+04
6.829634780511012471e-01 1.187300925843376120e+01 1.548888303560251552e+04
6.978414155633800853e-01 1.185564608415699439e+01 1.383889372432672099e+04
7.131308709226099607e-01 1.183617477947071173e+01 1.235634926049940805e+04
7.286916601108982539e-01 1.181679959147105663e+01 1.103032733474576162e+04
7.446990144565329706e-01 1.179805720624145238e+01 9.849171511688711689e+03
7.612196567648612522e-01 1.178008125316379306e+01 8.766919144658835648e+03
7.780286756468332010e-01 1.176373189554211507e+01 7.810073997256542498e+03
7.953937681005929239e-01 1.175066557420392321e+01 6.885917625263529771e+03
8.132390837795112626e-01 1.173139140659633917e+01 6.183669810598623371e+03
8.315841845426128476e-01 1.171891919099892299e+01 5.476454886687841281e+03
8.504466916262691800e-01 1.170307928314833035e+01 4.871442073166954287e+03
8.698210499602195833e-01 1.169089112214260417e+01 4.314576087511818514e+03
8.897430025881026827e-01 1.167918623790221666e+01 3.828382107637382887e+03
9.101974847281080194e-01 1.166767154812904117e+01 3.392851616206936342e+03
9.312074421533438340e-01 1.166076389757794018e+01 2.992678245019420046e+03
9.527556701385182514e-01 1.165049359909824211e+01 2.650632344863533945e+03
9.748462361253080743e-01 1.164323109076407370e+01 2.343611630953942949e+03
9.974945002765780444e-01 1.163647439100296310e+01 2.070480759680733627e+03
1.020689613861706535e+00 1.163078901425327416e+01 1.828214226782171863e+03
1.044432663601305489e+00 1.162667031461207579e+01 1.615695597274755528e+03
1.068711601288095281e+00 1.162294821367619591e+01 1.425757032089934683e+03
1.093523784217795169e+00 1.162099511541762098e+01 1.258012458753385545e+03
1.118796255650722715e+00 1.161910071928498489e+01 1.110744104250029750e+03
1.144208333503808461e+00 1.161792386384000686e+01 9.826433280645741206e+02
1.169738456395586601e+00 1.161694073408062700e+01 8.663748915540387543e+02
1.195351715872672971e+00 1.161681418140747013e+01 7.715209620707878457e+02
1.221085453802991161e+00 1.161724905010395759e+01 6.848320352675195863e+02
1.246881881237991374e+00 1.161654271829459617e+01 6.081409849875584541e+02
1.272785228011873215e+00 1.161645563836228767e+01 5.409902508018947174e+02
1.298750906832560226e+00 1.161794712607283131e+01 4.820166875589970346e+02
1.324803709410028674e+00 1.161511631358126628e+01 4.268565028662992518e+02
1.350913995333451911e+00 1.161644184236764943e+01 3.832650594743073498e+02
1.377087651291917236e+00 1.161382246011352137e+01 3.425435227482275877e+02
1.403292485229173270e+00 1.161419717400923446e+01 3.057864606885344188e+02
1.429526338830467758e+00 1.161190635263928428e+01 2.734567616377031527e+02
1.455766422686186390e+00 1.161284953324968150e+01 2.447252400198591147e+02
1.482007473472787273e+00 1.160849229068583632e+01 2.192311133572061976e+02
1.508249267627959078e+00 1.160848298617819196e+01 1.963034070192859701e+02
1.534426794690091578e+00 1.160367043050495361e+01 1.754902664842978197e+02
1.560574374857106372e+00 1.159989294218814671e+01 1.582559356179417307e+02
1.586647723282928357e+00 1.159773622678626026e+01 1.414990534641684121e+02
1.612668283958931248e+00 1.159154408127990799e+01 1.278448397607283482e+02
1.638515065815107974e+00 1.158710730408173006e+01 1.150882708914263191e+02
1.664278213070317758e+00 1.158241165174752929e+01 1.037859333313951993e+02
1.689909136275549173e+00 1.157879855280873649e+01 9.349004308128536422e+01
1.715351803141946574e+00 1.157014900314390360e+01 8.438901863278310600e+01
1.740728731796050033e+00 1.156334806326071174e+01 7.608540156282242606e+01
1.765696824200386761e+00 1.155621096314120777e+01 6.882177405774214662e+01
1.790549822070856223e+00 1.154853234276920482e+01 6.224568762590818949e+01
1.815163422385817960e+00 1.153989926088447859e+01 5.634289085043149470e+01
1.839642054112525571e+00 1.153149402637819954e+01 5.099427145893414348e+01
1.863585481319219417e+00 1.152090150657559775e+01 4.626672971943090573e+01
1.887395852182964351e+00 1.151123899566318798e+01 4.197653286568167630e+01
1.910796039554889303e+00 1.149979894671723457e+01 3.814631631497487518e+01
1.934027066060125533e+00 1.148865554373436204e+01 3.453872465155455274e+01
