2.191799393465098389e-01 1.550982308316407554e+01 3.683535669800713658e+06
2.263733938683969993e-01 1.523817877619897665e+01 3.147981594504016917e+06
2.338269246746378927e-01 1.497235276331700327e+01 2.689863961972567253e+06
2.415792267385869774e-01 1.473897912396503607e+01 2.297598067472314462e+06
2.495924856600621744e-01 1.452838917981767075e+01 1.971634675294522895e+06
2.579060789536632425e-01 1.432427509391717457e+01 1.681856164026878309e+06
2.665181425309938734e-01 1.413497547446701219e+01 1.442140251599695766e+06
2.754335156625423719e-01 1.395943266564088781e+01 1.235552925496529089e+06
2.846617516871188247e-01 1.378872630103459507e+01 1.053909078965848777e+06
2.942014632291197196e-01 1.364418986529239142e+01 9.014101368647463387e+05
3.040538092330631326e-01 1.350213006456520759e+01 7.724024578254220542e+05
3.142381468255474042e-01 1.336834300897374384e+01 6.608148635703321779e+05
3.247615707662516726e-01 1.325294371346016753e+01 5.657607564006355824e+05
3.356056893240849104e-01 1.313606653987414496e+01 4.856488765393565991e+05
3.467956993050227976e-01 1.302636457507653844e+01 4.159803724692731630e+05
3.583373750407459757e-01 1.293051310450155533e+01 3.557817752254828811e+05
3.702167427913694020e-01 1.283897979750723728e+01 3.062696337949917070e+05
3.824713029714196244e-01 1.275276704143122330e+01 2.615998450982584036e+05
3.950526517366812485e-01 1.267438896272259541e+01 2.232515751168096322e+05
4.080085684279164959e-01 1.260073909729436714e+01 1.931662841455446032e+05
4.213146392953205366e-01 1.253202730331065595e+01 1.659085355944780749e+05
4.350100938413026808e-01 1.247074407706559462e+01 1.421393780696440954e+05
4.490537389349958386e-01 1.241079644310129559e+01 1.222454739872908976e+05
4.634633853474848242e-01 1.235698066312482801e+01 1.051315404664390517e+05
4.782286045598258539e-01 1.230222265717926433e+01 9.053068856033278280e+04
4.933544400617649872e-01 1.225153686043821821e+01 7.797337647267166176e+04
5.088432654067978067e-01 1.220860674458094941e+01 6.715123478889824764e+04
5.247019093323824768e-01 1.216727447526866790e+01 5.783478302805306157e+04
5.409220621957788744e-01 1.212834970228077225e+01 4.979758688592004910e+04
5.575033768364628939e-01 1.209060099375242636e+01 4.300454282012938347e+04
5.744109138368107548e-01 1.205650533399009738e+01 3.714957089325995184e+04
5.916667894008031947e-01 1.202501571797884239e+01 3.208306870579123643e+04
6.093155710377753387e-01 1.199317789733208173e+01 2.768268862007123244e+04
6.274589556736139828e-01 1.196255711271354549e+01 2.394820950474777419e+04
6.462038659733494450e-01 1.193587229704802333e+01 2.062819136108507882e+04
6.656222950535112259e-01 1.191291480504399658e+01 1.780437825141382928e+04
6.858031967227767867e-01 1.188901768831592420e+01 1.530728051312844400e+04
7.068173947567988336e-01 1.186781440636279505e+01 1.316404917493669564e+04
7.287140316360743997e-01 1.184941672643808630e+01 1.119106087053948613e+04
7.515134956192813798e-01 1.183041487020779847e+01 9.660276637433156793e+03
7.752917885730173930e-01 1.181780161284672559e+01 8.262490968866712137e+03
8.000875212969519312e-01 1.180546710800013699e+01 7.034003990528331087e+03
8.258975998363244919e-01 1.179606263511676723e+01 5.994939135742579310e+03
8.527623969955397953e-01 1.179002002590920384e+01 5.097716256801843883e+03
8.807045041654193440e-01 1.178492530717219289e+01 4.333965854435533402e+03
9.097367346986249270e-01 1.178265216290673578e+01 3.676613936648909203e+03
9.398684972126148951e-01 1.178385895203662770e+01 3.115930456692324242e+03
9.711066827745520325e-01 1.178607564570659250e+01 2.641931389053264411e+03
1.003458097494658530e+00 1.179139655241357865e+01 2.236874796644220623e+03
1.036900397692743558e+00 1.179912806705979555e+01 1.879019530977482646e+03
1.071439229043879449e+00 1.181015163730469908e+01 1.602450345456148625e+03
1.107059179237989133e+00 1.182211219551385106e+01 1.355840845677797006e+03
1.143725846780274447e+00 1.183719321262655377e+01 1.146872130429083427e+03
1.181441442585461132e+00 1.185316989348522121e+01 9.704597302547962272e+02
1.220152345857745679e+00 1.187045794812210175e+01 8.215240468512322423e+02
1.259847909484206774e+00 1.189129544221998813e+01 6.960543855943602694e+02
1.299588628426932679e+00 1.191055440149981060e+01 5.876647729104631708e+02
1.337841447267326567e+00 1.193025491299630048e+01 5.070921473366757937e+02
1.374696228912933638e+00 1.194728852295964927e+01 4.377636455566581049e+02
1.410274712873846203e+00 1.196166846811247098e+01 3.799994834975868230e+02
1.444648700521564022e+00 1.197297377075661728e+01 3.317340432891668911e+02
1.477956810574057922e+00 1.198157605792158265e+01 2.908978949198223631e+02
1.510200066637625405e+00 1.198729385361335531e+01 2.561162822462849817e+02
1.541494851309773484e+00 1.199439947214799496e+01 2.259762095586456212e+02
1.571872906886741861e+00 1.199495546787653133e+01 1.999879165083497412e+02
1.601374378458998882e+00 1.199043688778263395e+01 1.775463442183963139e+02
1.630010313346497153e+00 1.198878491589851514e+01 1.580534956579460868e+02
1.657865469805244851e+00 1.197978696880774763e+01 1.402686123068193353e+02
1.684940764599490937e+00 1.197044150445586119e+01 1.259169674709028186e+02
1.711238598856258175e+00 1.195952894187817606e+01 1.127556019586791507e+02
1.736809181706908678e+00 1.194580691485782431e+01 1.010800101570029881e+02
1.761652502551176669e+00 1.193031627021404795e+01 9.077793199145898484e+01
1.785782325769761592e+00 1.191239333455555283e+01 8.170900912499749325e+01
1.809203596702246841e+00 1.189313150209567205e+01 7.353656212482439969e+01
1.831929177291818478e+00 1.187105764060623869e+01 6.637215712096596576e+01
1.853967286920458202e+00 1.184758538835485631e+01 5.988560489175105062e+01
1.875330127255262491e+00 1.182277671759398530e+01 5.414051482228686041e+01
1.895978938102701461e+00 1.179500980484422179e+01 4.903193482035815975e+01
1.915960867209481888e+00 1.176688973500867519e+01 4.441306871411195800e+01
1.935259545981061979e+00 1.173618321732262793e+01 4.030298169666220076e+01
1.953872557753233430e+00 1.170470353885130166e+01 3.659726671938867781e+01
1.971808892435802152e+00 1.167081568903534539e+01 3.330799099610243985e+01
1.989055790305538585e+00 1.163647999266904876e+01 3.020000517021634323e+01
2.005621698248888141e+00 1.160020634922280891e+01 2.763382481217072240e+01
2.021508146907053494e+00 1.156318012927041572e+01 2.523346196531998942e+01
2.036699650266976303e+00 1.152409774329128744e+01 2.304490342725178209e+01
2.051205929558836072e+00 1.148492940023839282e+01 2.109541152403683029e+01
2.065037072793001638e+00 1.144402953112791010e+01 1.931217607488320809e+01
2.078177622053003937e+00 1.140147353477641623e+01 1.765184719605272434e+01
2.090629012282508636e+00 1.135826001772770688e+01 1.625599746264322931e+01
2.102400873588246455e+00 1.131450183940109611e+01 1.489652218549659324e+01
2.113485361366428172e+00 1.126922318262465694e+01 1.375687439390622124e+01
2.124077082564086449e+00 1.122434529747369858e+01 1.266674693738790403e+01
2.133629678421187226e+00 1.117765787087315310e+01 1.169439640263544433e+01
2.142692137738234415e+00 1.112993510966165722e+01 1.080726442514428776e+01
2.151088764842854939e+00 1.108175879869356351e+01 9.990668136953349432e+00
2.158825058293377452e+00 1.103304364380881530e+01 9.253766650256302739e+00
2.166022328447601897e+00 1.098431319876200618e+01 8.560306869889604542e+00
2.172329412042506736e+00 1.093390671296516103e+01 7.966456224116797102e+00
2.178109001231727238e+00 1.088335499323323852e+01 7.414772512473132515e+00
