2.191799393465098389e-01 1.550982308316407554e+01 3.683535669800713658e+06
2.250626951402255882e-01 1.527645836260131595e+01 3.237541222024878021e+06
2.311133624215604143e-01 1.508224561820054710e+01 2.866705611635016743e+06
2.373719331618065476e-01 1.486554462819159639e+01 2.506717281148747541e+06
2.438063305426327043e-01 1.468171715038523217e+01 2.205408882529978175e+06
2.504299963114683947e-01 1.450391053823804732e+01 1.934516950284576276e+06
2.572549133590553705e-01 1.433346984977777083e+01 1.705082490032760194e+06
2.642794063358614998e-01 1.417734186542532449e+01 1.498938356198980240e+06
2.715078106879678654e-01 1.403274349243540087e+01 1.319309440279680537e+06
2.789434490386808463e-01 1.392555760838631329e+01 1.157842285243389197e+06
2.865908144603667163e-01 1.376322812465707912e+01 1.020597865019438206e+06
2.944454364559863646e-01 1.364347675119660863e+01 9.014980203375138808e+05
3.025121615096986738e-01 1.352386322562332843e+01 7.914607934494960355e+05
3.108030038548618701e-01 1.340878470991606441e+01 6.974231251067640260e+05
3.193149510559311066e-01 1.331537487167629052e+01 6.129490896668854402e+05
3.280621645650686480e-01 1.321385095891237782e+01 5.359377893083110685e+05
3.370164480520249639e-01 1.313337665275920507e+01 4.758729311401628656e+05
3.462082525626564711e-01 1.305228959116172760e+01 4.190476797730337130e+05
3.556528027758052435e-01 1.295542812796341003e+01 3.688372756211625529e+05
3.652995522523354022e-01 1.287667346053652828e+01 3.256462622590510291e+05
3.751883436372922542e-01 1.280161536681485046e+01 2.870168379734848277e+05
3.853292101377348566e-01 1.273300284029448015e+01 2.529018825816914032e+05
3.957063657561858405e-01 1.267280610920858486e+01 2.229854735445353435e+05
4.063181779148754558e-01 1.261127447905352028e+01 1.971874957201346988e+05
4.171837762452187959e-01 1.255274040638862942e+01 1.737604039228114998e+05
4.282808793203155551e-01 1.249863911917337411e+01 1.533044433936088753e+05
4.396204090918501839e-01 1.244781898007132526e+01 1.352408867929004482e+05
4.512286875228906924e-01 1.240062774358836073e+01 1.196555764397670573e+05
4.630789611528449146e-01 1.235392845626167535e+01 1.058156408462867839e+05
4.751564629283222541e-01 1.231325889875926549e+01 9.328025315301235241e+04
4.874936514346585037e-01 1.226969611796542203e+01 8.253860762801251258e+04
5.000463405624204771e-01 1.223347720813915984e+01 7.307060434277176682e+04
5.128616360121320827e-01 1.219657261701635242e+01 6.451793097735269839e+04
5.259224139531516462e-01 1.216483804311715922e+01 5.725162742018014978e+04
5.392263124317639988e-01 1.213023854369731502e+01 5.069133024630861473e+04
5.527742835522349019e-01 1.209847033028007957e+01 4.484752175460154831e+04
5.665744041598883562e-01 1.207227339833012181e+01 3.931790865602292615e+04
5.805494068893712889e-01 1.204354213462057466e+01 3.523758166572875780e+04
5.947247145937828439e-01 1.201513903367557212e+01 3.123214716979880177e+04
6.090696057830358168e-01 1.199396243615443325e+01 2.775982871220274319e+04
6.236404231548774435e-01 1.196925503422176362e+01 2.466116391211915470e+04
6.385065060102497192e-01 1.194641967932200899e+01 2.191140851856859081e+04
6.537370276610118269e-01 1.192471352367488535e+01 1.947646257911146677e+04
6.693325027415514272e-01 1.190504330332773542e+01 1.726969981893714066e+04
6.854383199066870214e-01 1.188464525914543124e+01 1.530425123623797481e+04
7.019621272807462509e-01 1.186580854818366859e+01 1.355991373621629100e+04
7.189838444327629752e-01 1.184926142643222846e+01 1.200096358661956401e+04
7.365444543757821982e-01 1.183233198273572384e+01 1.061053964514852851e+04
7.546906103448767222e-01 1.181703868154128756e+01 9.371036014547933519e+03
7.734214214883132765e-01 1.180396792036615317e+01 8.269099002231772829e+03
7.926736512716685557e-01 1.179203126407216295e+01 7.283397814824897068e+03
8.119861326764248322e-01 1.178011189328927699e+01 6.436997737304041948e+03
8.313228806855357256e-01 1.177148627879155995e+01 5.698940646285644107e+03
8.507024376255659659e-01 1.176245706508309397e+01 5.056175046429520080e+03
8.701682058545618936e-01 1.175071547590140497e+01 4.465237883914972372e+03
8.897525143708470141e-01 1.174107655317010313e+01 3.994411774755466922e+03
9.094631657395428892e-01 1.173237877719969902e+01 3.554398229844336583e+03
9.293383409544198059e-01 1.173640294220536262e+01 3.162947231302164255e+03
9.493918734896528155e-01 1.171526965762801531e+01 2.816776473629191514e+03
9.695994166686118243e-01 1.170634290121959964e+01 2.512407621547100462e+03
9.900126952684300541e-01 1.169636159168130263e+01 2.242151480489322694e+03
1.010638285362227329e+00 1.168986551916487571e+01 2.000968149648104145e+03
1.031487980611515587e+00 1.168143031631005080e+01 1.784885067582375541e+03
1.052562674213590510e+00 1.167470124138557530e+01 1.593187453733360599e+03
1.073843748653422470e+00 1.166759879117294751e+01 1.423234389345140926e+03
1.095364237868953206e+00 1.165754201721565941e+01 1.271117807757600076e+03
1.117121247452176780e+00 1.164868121728460970e+01 1.135711971883401702e+03
1.139101208636203122e+00 1.163773823479226621e+01 1.015184976962754376e+03
1.161423370214844208e+00 1.163004167846277781e+01 9.062059345201438418e+02
1.183850469816769557e+00 1.162188485582281139e+01 8.090989671163391677e+02
1.206396380504728638e+00 1.161276791230075034e+01 7.235383908879211958e+02
1.229248409174615198e+00 1.160465863324973412e+01 6.468940009746714850e+02
1.252308132898742432e+00 1.159532146426519716e+01 5.785481299120691574e+02
1.275565694921095616e+00 1.159033506366123589e+01 5.145495164750609547e+02
1.299000725589572136e+00 1.158106822969530114e+01 4.606600652227377282e+02
1.322598562499975650e+00 1.156874280856725257e+01 4.145307458386793087e+02
1.346350965423650070e+00 1.156077981827026591e+01 3.689163176694244726e+02
1.370259256566423778e+00 1.155085425969913970e+01 3.324259147010767492e+02
1.394279559566750093e+00 1.154255852931951409e+01 2.976537711109071438e+02
1.418400588833411025e+00 1.153233890877944567e+01 2.669905152745467944e+02
1.442618391345386053e+00 1.152368725941782657e+01 2.392862904542476485e+02
1.466914762301805952e+00 1.151273994783026211e+01 2.147583622295228736e+02
1.491263555481251446e+00 1.150352671233309465e+01 1.926297186633786112e+02
1.515717152928546030e+00 1.149284936350981567e+01 1.730468035128441784e+02
1.540038728474728114e+00 1.148274979072671265e+01 1.546183827218638100e+02
1.564421932897493095e+00 1.147072441943550913e+01 1.398678980083950307e+02
1.588784365086035599e+00 1.145954171839767710e+01 1.256601642642930159e+02
1.613085159866012974e+00 1.144854201232528013e+01 1.131513665389743011e+02
1.637324035074078754e+00 1.143699699785563872e+01 1.019315280423430750e+02
1.661526177321060560e+00 1.142538857325176593e+01 9.190294816135498479e+01
1.685596795484609611e+00 1.141310696939336644e+01 8.258293114815212732e+01
1.709359189404001000e+00 1.140024673401349453e+01 7.473063563908726792e+01
1.733075159928648468e+00 1.138652351145361052e+01 6.757190770067931851e+01
1.756602927035999517e+00 1.137274352262346433e+01 6.102116257867779581e+01
1.779929437254037961e+00 1.135913083294367532e+01 5.493345779116095429e+01
1.803029988751615242e+00 1.134462711707905136e+01 4.993043905888119838e+01
1.825869421446431273e+00 1.132964762536442649e+01 4.526667179671441943e+01
1.848444554654652849e+00 1.131412640037604156e+01 4.098285441218128966e+01
1.870723109530265660e+00 1.129892972408664242e+01 3.727467416574962300e+01
1.892690358548586138e+00 1.128264510366221884e+01 3.385223717970771418e+01
