2.191799393465098389e-01 1.550982308316407554e+01 3.683535669800713658e+06
2.246782859466093796e-01 1.529205522242561344e+01 3.263064194621002767e+06
2.303076339592030619e-01 1.510705897778330709e+01 2.908062745058374479e+06
2.361174093354173331e-01 1.491035299466519781e+01 2.572144038183229044e+06
2.420958994946290632e-01 1.472609066930325028e+01 2.275618726658097003e+06
2.482261146839751242e-01 1.455924904257873997e+01 2.020008030926539097e+06
2.545330310048341538e-01 1.440441351960033955e+01 1.791440435014288640e+06
2.610141168634637632e-01 1.425286109074777841e+01 1.592687745954555226e+06
2.676705597660672398e-01 1.410579589492728836e+01 1.413053775569326943e+06
2.745093717569795921e-01 1.397736942568147533e+01 1.251423775421341648e+06
2.815281448264306263e-01 1.384728900052859935e+01 1.110059116603755159e+06
2.887321765774876203e-01 1.373074632649066906e+01 9.873909702753083548e+05
2.961363193247391612e-01 1.361590111290188609e+01 8.737917806481660809e+05
3.036888051922132514e-01 1.350463388666476483e+01 7.777450698167385999e+05
3.114560237219861083e-01 1.340393463580536348e+01 6.892727035230543697e+05
3.194167834293188957e-01 1.330756590586837618e+01 6.132252539168068906e+05
3.275823333216132949e-01 1.321719572611634774e+01 5.434544106599881779e+05
3.359285849872521434e-01 1.313149276448546132e+01 4.829336636390468339e+05
3.444820555718819399e-01 1.305098020974799766e+01 4.285987760669017443e+05
3.532386200839053858e-01 1.297169832699962733e+01 3.815426951972892857e+05
3.622233155970232543e-01 1.290383547730076508e+01 3.387165747689959244e+05
3.713542417447983635e-01 1.283108705983154962e+01 2.993957792087495327e+05
3.807596170075653319e-01 1.276341764757756359e+01 2.679342152365419315e+05
3.903228275160682825e-01 1.270211210086306330e+01 2.378115799808750453e+05
4.001188169032657838e-01 1.264490979951720107e+01 2.114783061800146534e+05
4.101342930309109791e-01 1.258885228809714363e+01 1.881884077589806984e+05
4.203328438533395772e-01 1.253818190193914539e+01 1.673801654756643693e+05
4.307661919755460533e-01 1.248707281604315256e+01 1.489754696909438644e+05
4.414054262682098884e-01 1.243941356438504542e+01 1.328355287291864224e+05
4.522695757250744797e-01 1.239505313286756305e+01 1.182127702115940338e+05
4.633600558148045501e-01 1.235308101050069318e+01 1.053578720964834210e+05
4.746401118460304991e-01 1.231296181342637297e+01 9.374702733063197229e+04
4.861296365615918602e-01 1.227411486528104234e+01 8.367144152960383508e+04
4.978402203215891997e-01 1.223926737387454189e+01 7.457282360758895811e+04
5.097627991121684854e-01 1.220452023068556358e+01 6.646881473133651889e+04
5.219004408327732047e-01 1.217185131177319768e+01 5.933681703727388958e+04
5.342519860787755537e-01 1.214215548618111917e+01 5.295769667548016878e+04
5.468149209270137812e-01 1.211473741167654694e+01 4.721529643383403163e+04
5.595905226039258329e-01 1.208488123608726283e+01 4.221422039137531829e+04
5.725467734348553828e-01 1.206017815690097983e+01 3.771352907084353501e+04
5.857230926539115368e-01 1.203414669579113649e+01 3.374346321651972539e+04
5.991330535214083319e-01 1.200956436083354184e+01 3.016674801146980099e+04
6.128545568072113481e-01 1.198637965474838296e+01 2.694591177772113588e+04
6.269185268885482110e-01 1.196558136701593966e+01 2.403490759679660550e+04
6.413742682677069373e-01 1.194535342649528253e+01 2.146832577347748884e+04
6.562572020354365820e-01 1.192578449423320919e+01 1.913321129338633909e+04
6.716019003452632363e-01 1.190678931117835937e+01 1.703481583064936422e+04
6.874317216624421523e-01 1.188661480393216330e+01 1.518716989115758770e+04
7.037904827538904451e-01 1.187408877994631595e+01 1.347641017452066262e+04
7.206957428387938958e-01 1.185913760202316602e+01 1.195833403651544177e+04
7.381696752873958545e-01 1.184687902762642508e+01 1.060601059059844192e+04
7.562174348465927620e-01 1.183495784050744959e+01 9.405220342366827026e+03
7.748825474954126324e-01 1.182641441236602375e+01 8.319515385348095151e+03
7.938970506018515616e-01 1.181575975816322099e+01 7.359836889632208113e+03
8.129947348676089813e-01 1.181095305969757803e+01 6.525741009753118306e+03
8.321805843096642397e-01 1.180259431606206455e+01 5.797678561055248792e+03
8.514984653932872183e-01 1.179742890900929275e+01 5.161062989934239340e+03
8.709885300480995074e-01 1.179209614816319274e+01 4.570516724126807276e+03
8.906132681344107738e-01 1.178650173321519823e+01 4.104141342955361324e+03
9.104535331343116544e-01 1.178406464507038898e+01 3.657077431910717223e+03
9.304954573498126491e-01 1.178040759339861232e+01 3.263533766944814488e+03
9.507567613611923596e-01 1.177361296025401671e+01 2.917925321272325618e+03
9.712434710759862977e-01 1.177124084995696940e+01 2.604564441035148775e+03
9.919752701959908547e-01 1.176683176227366268e+01 2.329228368687387047e+03
1.012928526025203890e+00 1.176453697549352206e+01 2.084270201650953368e+03
1.034167918619770310e+00 1.176117277469756495e+01 1.864088394314481775e+03
1.055641681388745701e+00 1.176061365757957589e+01 1.667874509504293428e+03
1.077375762345341492e+00 1.175583941706016766e+01 1.492495103744859080e+03
1.099374094913500910e+00 1.175554784394428154e+01 1.329568522414428344e+03
1.121636162780030643e+00 1.175483404010596900e+01 1.196467635102131453e+03
1.144152120745921986e+00 1.175240174511777269e+01 1.071661184962804782e+03
1.166918888774850060e+00 1.174979846136471195e+01 9.592856656141832445e+02
1.189945280314027798e+00 1.174692849558663532e+01 8.599936958774377445e+02
1.213214967109351061e+00 1.174461142995874319e+01 7.708034808914173937e+02
1.236725628289573331e+00 1.174428594752296640e+01 6.905574083184826577e+02
1.260577435346512010e+00 1.174181424322971345e+01 6.194942346532970987e+02
1.284427355402061099e+00 1.173969937168970823e+01 5.552510033552492814e+02
1.308716403779040860e+00 1.173937262298867346e+01 4.977697254793059187e+02
1.332982713794929053e+00 1.173636885079952208e+01 4.471109147616518271e+02
1.357542521190247875e+00 1.173758816300524543e+01 4.011150873005124140e+02
1.382292007475861784e+00 1.173495681715858296e+01 3.586887473256599037e+02
1.407193061599766981e+00 1.173130857886718914e+01 3.236912688845992534e+02
1.432241974637153747e+00 1.173063542401543380e+01 2.890523887935831908e+02
1.457420888564388228e+00 1.172733944431245057e+01 2.613768051751085864e+02
1.482718365572920804e+00 1.172484559795188019e+01 2.350161726193159097e+02
1.508107269569954001e+00 1.172610856980304028e+01 2.103713698974646320e+02
1.533574902572635734e+00 1.172120344418441640e+01 1.903730829435592682e+02
1.559102367834698910e+00 1.171882321488124923e+01 1.715749040444253808e+02
1.584679407967593878e+00 1.171630769039492570e+01 1.545116487743030405e+02
1.610255091475023326e+00 1.171330009548422169e+01 1.386979347572240044e+02
1.635847267961688667e+00 1.170897147764011414e+01 1.257778935260705140e+02
1.661412907674433503e+00 1.170575737378736036e+01 1.135315969598066772e+02
1.686938111539630691e+00 1.170148607169295119e+01 1.025495301057747923e+02
1.712474990260953955e+00 1.169811790734689616e+01 9.268178489630869876e+01
1.737794337106814080e+00 1.169383051521072758e+01 8.352583675535545638e+01
1.763062138279434476e+00 1.168863235707893011e+01 7.585565707041978101e+01
1.788210655285166650e+00 1.168279642940878560e+01 6.874248963522397560e+01
1.813209600691155554e+00 1.167693717829014233e+01 6.229815650255123671e+01
1.838053435717639017e+00 1.167117032900881668e+01 5.621259768655939126e+01
1.862695955887012422e+00 1.166406478934633206e+01 5.130825467350251046e+01
