2.191799393465098389e-01 1.550982308316407554e+01 3.683535669800713658e+06
2.263576993146684535e-01 1.527312767525929971e+01 3.178710310996044427e+06
2.337954584113436374e-01 1.499320591889205545e+01 2.708376178177725524e+06
2.415302465621046446e-01 1.474916121210648079e+01 2.307745876954088453e+06
2.495239050061672237e-01 1.452503200125626748e+01 1.969337600200906163e+06
2.578168477665840896e-01 1.432686112075876927e+01 1.688116170667095808e+06
2.664074703759780061e-01 1.413515661695795167e+01 1.446663825815313729e+06
2.753008024924227248e-01 1.396017583765825520e+01 1.234654252026748378e+06
2.845043072868041478e-01 1.379848320701724695e+01 1.056127943089295411e+06
2.940198425662146064e-01 1.364396075462865987e+01 9.039985853029646678e+05
3.038433706580167537e-01 1.350644452886884395e+01 7.746192803952709073e+05
3.140064997866290342e-01 1.337234439674269737e+01 6.642530798262979370e+05
3.244919636136115448e-01 1.324932897282941724e+01 5.686654931467572460e+05
3.353051012737922609e-01 1.313797730639178418e+01 4.874420881178203854e+05
3.464622766816372601e-01 1.303582040426207733e+01 4.173828510144299362e+05
3.579652332813939575e-01 1.293149931776723527e+01 3.582889184259037138e+05
3.698112364947245267e-01 1.284209657883488021e+01 3.072283471481451415e+05
3.820302589491610390e-01 1.275567519461723620e+01 2.634627444975223043e+05
3.945735058509405313e-01 1.267888079673193857e+01 2.264121882850908150e+05
4.074845329720128140e-01 1.260211475881190424e+01 1.939120072301942855e+05
4.207491711323142480e-01 1.254849965924686828e+01 1.666331543702995405e+05
4.343926876327177111e-01 1.246982241026181093e+01 1.434465918017148506e+05
4.483961395228824864e-01 1.241007469109800176e+01 1.231705369187437464e+05
4.627609515538174123e-01 1.235708573368823515e+01 1.056909907948958717e+05
4.774762527330700945e-01 1.230547952616942098e+01 9.111438498135989357e+04
4.925528841833326510e-01 1.225624352498778080e+01 7.859914653685849044e+04
5.079889786866392809e-01 1.221076108209458688e+01 6.759092564892575319e+04
5.237943215974431022e-01 1.216964813189821548e+01 5.830822793832515163e+04
5.399590388976363009e-01 1.212958086671914870e+01 5.036321316732648120e+04
5.564846155252566318e-01 1.209285689050641643e+01 4.341272762521741242e+04
5.733369259023649578e-01 1.205910919272263726e+01 3.744352548816357012e+04
5.903128625355898995e-01 1.202717843648159679e+01 3.243239349505423888e+04
6.064436469780597472e-01 1.199660928715946540e+01 2.831854435090730476e+04
6.219406006928331898e-01 1.196577093564015293e+01 2.476858646815531029e+04
6.369810868335240572e-01 1.193725657613457791e+01 2.202129046340691275e+04
6.518157771019469360e-01 1.190707377657814448e+01 1.949400732930807862e+04
6.665576743768066859e-01 1.187654269692309938e+01 1.731692686233776112e+04
6.812927769537401312e-01 1.184715380358633574e+01 1.533763415944410553e+04
6.961843784811745373e-01 1.181698590577449082e+01 1.359091646996569034e+04
7.112321497733551379e-01 1.178233168983261869e+01 1.195782266202947721e+04
7.264092082307419540e-01 1.175179963199472510e+01 1.071304375416863695e+04
7.419597307622139981e-01 1.171918804799067004e+01 9.484337469708629214e+03
7.578512425911643202e-01 1.168703527678105303e+01 8.388206924232521487e+03
7.741284125411143080e-01 1.165397756553936937e+01 7.415094359260957390e+03
7.908268853340024718e-01 1.162070599440168195e+01 6.543996995529315427e+03
8.079792823465247187e-01 1.158780419583278665e+01 5.767327028978583257e+03
8.256174461006964282e-01 1.155523688712559505e+01 5.075626012522911878e+03
8.437479508269111195e-01 1.152447275534980342e+01 4.463360212605747620e+03
8.624064110008087258e-01 1.149116192797256630e+01 3.918099365865886739e+03
8.816043543034350893e-01 1.146014242332555355e+01 3.435285705052393951e+03
9.013588715595347578e-01 1.143056661109460492e+01 3.010926050984604899e+03
9.216424358387869109e-01 1.139851856618535209e+01 2.633978871759421054e+03
9.420565127098443625e-01 1.137032788824570240e+01 2.307577827499726936e+03
9.624685087963967822e-01 1.134099218273966159e+01 2.028416942659676806e+03
9.828770888311736398e-01 1.131469677141543961e+01 1.782930742802869418e+03
1.003306312332156613e+00 1.128680187707420224e+01 1.568634379881258383e+03
1.023773123010727204e+00 1.125990748395052421e+01 1.383189040759736145e+03
1.044278819940589020e+00 1.123013798672624830e+01 1.220532956005826009e+03
1.064825697887033629e+00 1.119968493860166170e+01 1.077944092099925456e+03
1.085431623533581247e+00 1.117470291825137707e+01 9.518925653190113962e+02
1.106104334958148749e+00 1.114270214598592545e+01 8.404524075464096313e+02
1.126828468229662317e+00 1.111362811505385650e+01 7.420866937759622033e+02
1.147605199670437059e+00 1.108284357366481032e+01 6.575131715894520994e+02
1.168441201576640998e+00 1.105237216910671449e+01 5.822151479530534743e+02
1.189297602965444289e+00 1.102236378409756767e+01 5.151249727825963873e+02
1.210199751573397986e+00 1.098971610056591786e+01 4.570185509766314453e+02
1.231160887382137803e+00 1.096192955366615429e+01 4.051332278541736400e+02
1.252157124453535220e+00 1.092842891995680610e+01 3.591669942857859041e+02
1.273033261127088922e+00 1.089718314672130184e+01 3.186596615234699357e+02
1.293975634215183579e+00 1.086475368413715081e+01 2.832237316229262660e+02
1.314870484420419094e+00 1.083148069591520546e+01 2.516289633397517207e+02
1.335809038374882629e+00 1.079925383136564143e+01 2.235581089139332107e+02
1.356555752962444128e+00 1.076632148487524177e+01 1.986924920468392770e+02
1.377212457416609359e+00 1.073220502720960212e+01 1.770868668719108712e+02
1.397803611894057108e+00 1.069859381894681150e+01 1.576526269240085583e+02
1.418346557972171906e+00 1.066476055136665124e+01 1.397177473821757587e+02
1.438587627735848695e+00 1.063009114256436582e+01 1.251319468783626263e+02
1.458727854678417257e+00 1.059454669154257189e+01 1.116575420161116199e+02
1.478630082566108284e+00 1.055879881793424602e+01 9.985757585364660827e+01
1.498334264788853787e+00 1.052387969091055808e+01 8.927286978051796495e+01
1.517877898014611704e+00 1.048838366448071646e+01 7.934159010252601263e+01
1.537079140541518285e+00 1.045216384179306246e+01 7.118519295351408971e+01
1.555877922978773809e+00 1.041416760870517244e+01 6.403723578239373637e+01
1.574539674531675537e+00 1.037785675862142121e+01 5.740113186469388751e+01
1.592760527725725739e+00 1.033988902069327409e+01 5.167669393641543962e+01
1.610660031850657203e+00 1.030264526521961166e+01 4.616468856910852736e+01
1.628069330096778566e+00 1.026338592382691317e+01 4.160614107286708929e+01
1.645163791657366703e+00 1.022491779849824667e+01 3.747503262595211027e+01
1.661830213998045869e+00 1.018651090936933024e+01 3.392918346044666578e+01
1.678053720280161532e+00 1.014655805897378116e+01 3.065876422665040835e+01
1.693806267717721470e+00 1.010615104721281021e+01 2.771784248890131508e+01
1.709148631276345087e+00 1.006670241794447662e+01 2.508045982548991759e+01
1.723888684694205420e+00 1.002627123200942982e+01 2.268241717894036213e+01
1.738179966033284396e+00 9.985329905279701990e+00 2.056128230648640809e+01
1.751999038482790372e+00 9.944470373239820304e+00 1.873998571204316832e+01
1.765186781777623892e+00 9.902554968928406254e+00 1.703104974890103662e+01
1.777881651242151140e+00 9.860261112742454870e+00 1.551008506638018147e+01
1.790023865349721577e+00 9.817985647624640322e+00 1.415895882286196361e+01
1.801605762466337524e+00 9.775640117461982470e+00 1.296709124202856245e+01
1.812625478294009884e+00 9.732959756377203675e+00 1.186585483151292664e+01
