2.191799393465098389e-01 1.550982308316407554e+01 3.683535669800713658e+06
2.278826431370747085e-01 1.518572899573046797e+01 3.054798919025550131e+06
2.369802237729439764e-01 1.488039207118548113e+01 2.525214201362740248e+06
2.464964841121034811e-01 1.461301828424613980e+01 2.087777890951588517e+06
2.564239817190320792e-01 1.435676241998086056e+01 1.730929507060564822e+06
2.667837338506955369e-01 1.412089360027129281e+01 1.436214116596547654e+06
2.775865422048530706e-01 1.391947235614090062e+01 1.191092931826056214e+06
2.888437909918705193e-01 1.372547545327681640e+01 9.851041626194249839e+05
3.005606949151036211e-01 1.355366831379482662e+01 8.149001363208218245e+05
3.127383965629790818e-01 1.338790327096506871e+01 6.764226912914043060e+05
3.254018122916057520e-01 1.324562384495955669e+01 5.613101238509339746e+05
3.385555101049499971e-01 1.310583810461417187e+01 4.659767822296812665e+05
3.522086091220464898e-01 1.298344103522982529e+01 3.861163710137003800e+05
3.663622250077946951e-01 1.286849835012181309e+01 3.209534792987428955e+05
3.810480986430631600e-01 1.276147331516012606e+01 2.666160698489705101e+05
3.962227790567267038e-01 1.266850200810779015e+01 2.220892253311678942e+05
4.119188708648364727e-01 1.257925108067311371e+01 1.843313153236825019e+05
4.281570494791270831e-01 1.249913885857458418e+01 1.535104684661138162e+05
4.449367402008576056e-01 1.242444836392341223e+01 1.278246167068493523e+05
4.622292022142297507e-01 1.235653947753953652e+01 1.066120564479364402e+05
4.800351122450520758e-01 1.229465633454349494e+01 8.889291689477540785e+04
4.983823641198428245e-01 1.223814084490873277e+01 7.426499290154798655e+04
5.172568976540694585e-01 1.218688847228342631e+01 6.190660043273200426e+04
5.366615713434430557e-01 1.213882391424399643e+01 5.178760531193813222e+04
5.565909602231124964e-01 1.209320786816738647e+01 4.333840091028284951e+04
5.770048901783533246e-01 1.205079835115360787e+01 3.632075904383236775e+04
5.975957769198794178e-01 1.201299272334054180e+01 3.050628140649263878e+04
6.179333660272092743e-01 1.197739659803215773e+01 2.580667187154765634e+04
6.382966225554610462e-01 1.194347882574802711e+01 2.188558389665372306e+04
6.589356669670021205e-01 1.191077622156544891e+01 1.858220659909532333e+04
6.800215989148397089e-01 1.187660056377655948e+01 1.578483080222504213e+04
7.017080384311853436e-01 1.184592785925067027e+01 1.338864174329359048e+04
7.241255619225275275e-01 1.181354359036035717e+01 1.124879838027524602e+04
7.473447391204276480e-01 1.178545746838095276e+01 9.590363476631406229e+03
7.713919449191644073e-01 1.175705465938932015e+01 8.102652560538399484e+03
7.964375752542341980e-01 1.173112609860914368e+01 6.823833691662754063e+03
8.225017414624150591e-01 1.170545196083228845e+01 5.741299466401484096e+03
8.496286334157442388e-01 1.168185795297104157e+01 4.816235085355663614e+03
8.778562583833896538e-01 1.166088125387384622e+01 4.037629683122844199e+03
9.072228300500287945e-01 1.164100887201016299e+01 3.374986670777025211e+03
9.377276421934590545e-01 1.162445825624169160e+01 2.822937248339928828e+03
9.693977909288227224e-01 1.160805349799037067e+01 2.355071056302244415e+03
1.002233172836106467e+00 1.159533921201484929e+01 1.962666653041904283e+03
1.036222576362086478e+00 1.158377568505483701e+01 1.634578179738987501e+03
1.071349748402605773e+00 1.157603525803323663e+01 1.360424076859440220e+03
1.107605688531577703e+00 1.156790266731860406e+01 1.132122327574773180e+03
1.144941137931590802e+00 1.156217827881865112e+01 9.428780859281413314e+02
1.183327677950155810e+00 1.155856714969485566e+01 7.830015017197666793e+02
1.221476538253214450e+00 1.155761241258379535e+01 6.547229932244297288e+02
1.257405711450821251e+00 1.155219508924643002e+01 5.549936831162792714e+02
1.291301048538366469e+00 1.154749900371616711e+01 4.737666363028536693e+02
1.323370757411383769e+00 1.153654803011239416e+01 4.077988862439321451e+02
1.353763214499653200e+00 1.152423417875050404e+01 3.535272058881741941e+02
1.382644798265579844e+00 1.150552566666997656e+01 3.082873625004804694e+02
1.410134814995810171e+00 1.148594876630478190e+01 2.698175880653324157e+02
1.436328979957312679e+00 1.146319167246904414e+01 2.370740016610101009e+02
1.461320205176811493e+00 1.143685878280102308e+01 2.090132010706414292e+02
1.485182710045837240e+00 1.140750356597738246e+01 1.848669258885809654e+02
1.507987774549297333e+00 1.137483806257417562e+01 1.639454891292149341e+02
1.529790419052767581e+00 1.133967087143642516e+01 1.456709599380010332e+02
1.550635982095209142e+00 1.130428184205436537e+01 1.297635543573749146e+02
1.570562434800193197e+00 1.126209266844060153e+01 1.151413449697128897e+02
1.589607340235323241e+00 1.121984197385505055e+01 1.033976963383075827e+02
1.607799912793553831e+00 1.117501332356977173e+01 9.259753467366645907e+01
1.625158158096607686e+00 1.112759290967156289e+01 8.307136904806249333e+01
1.641708921009570554e+00 1.107809843112521975e+01 7.445270802411437217e+01
1.657468426206032408e+00 1.102744318284303660e+01 6.699204250748638856e+01
1.672445629813329004e+00 1.097419704346543945e+01 6.031391607811222144e+01
1.686655657709412948e+00 1.091985848133576553e+01 5.434171312563090339e+01
1.700107917022729120e+00 1.086343672162087692e+01 4.905512596853021989e+01
1.712814247797390443e+00 1.080601754288566774e+01 4.431724832522052537e+01
1.724775224663006146e+00 1.074704593374720751e+01 4.011725821241352463e+01
1.736000840629079223e+00 1.068648873860612980e+01 3.620028295523510309e+01
1.746494038688496619e+00 1.062409487917303252e+01 3.296268994685532761e+01
1.756265830433104025e+00 1.056113840255733116e+01 2.993623049269675818e+01
1.765314196579623740e+00 1.049732613705343809e+01 2.722317644405352155e+01
1.773650609121654620e+00 1.043245315749281410e+01 2.477554636789784936e+01
1.781284095338883322e+00 1.036721617960999176e+01 2.257436643450610347e+01
1.788193044833480183e+00 1.030023860907878941e+01 2.057047816619398262e+01
1.794403782697118199e+00 1.023313310837756163e+01 1.880274655333915845e+01
1.799921582454775404e+00 1.016546578747962037e+01 1.727667733634781300e+01
1.804751473438019449e+00 1.009663022784218711e+01 1.584186764468452679e+01
1.808917935895566265e+00 1.002801394861798379e+01 1.453369383377775215e+01
1.812552965341135192e+00 9.959802015510597073e+00 1.330913466523870170e+01
1.815199827735147764e+00 9.888766302486347470e+00 1.231786285003667913e+01
1.817370904744947557e+00 9.819021882820234026e+00 1.136736847275656359e+01
1.818891836042271004e+00 9.748708058370819884e+00 1.046977309055779948e+01
1.819777457055096193e+00 9.678576146351444365e+00 9.699193512810369455e+00
1.820035307996831442e+00 9.607838387773854905e+00 8.992766382485385179e+00
1.819701567604587789e+00 9.537791408531443693e+00 8.355973494071491814e+00
1.818760372581063489e+00 9.467474793472097971e+00 7.771169091325935696e+00
1.817249787206391964e+00 9.397601362859450802e+00 7.238738251039848137e+00
1.815309334801852525e+00 9.328295994098459332e+00 6.742435807536479864e+00
1.812571102766390885e+00 9.257883346980584349e+00 6.317193486626540455e+00
1.809412399040640773e+00 9.188404497426599704e+00 5.934599789947754722e+00
1.805751673775890964e+00 9.119324792803343627e+00 5.563005636059386916e+00
1.801593152824617849e+00 9.050642168616237271e+00 5.238051804749373375e+00
1.797051799394632665e+00 8.983106516780443584e+00 4.924783876920883152e+00
1.791854652497773204e+00 8.914668824010833603e+00 4.648725855964323195e+00
1.786423864971597331e+00 8.848087580941726316e+00 4.396784281043315978e+00
