2.191799393465098389e-01 1.550982308316407554e+01 3.683535669800713658e+06
2.267513625144274569e-01 1.524427376621674668e+01 3.157450511595143937e+06
2.346198233238263320e-01 1.495154223166318630e+01 2.646424265659403056e+06
2.428109049512807427e-01 1.471318723726114719e+01 2.248469917220313102e+06
2.513010040275788781e-01 1.447889020129425042e+01 1.906176418412180617e+06
2.601210624301203977e-01 1.427130968450141069e+01 1.618575333241121145e+06
2.692735048536148978e-01 1.408342830387800504e+01 1.371096017403517850e+06
2.787645308083026019e-01 1.390429207198604544e+01 1.167499882171765901e+06
2.886014387495101086e-01 1.372840682013954350e+01 9.890779639699407853e+05
2.987995126742688523e-01 1.357687106776919528e+01 8.387749192187729059e+05
3.093212880668606557e-01 1.342812035267993132e+01 7.128018541890961351e+05
3.202360793388145943e-01 1.329650697315845420e+01 6.052714448688393459e+05
3.315033482279053367e-01 1.317510154598278760e+01 5.138552802121868590e+05
3.431560036981441963e-01 1.306634228855885915e+01 4.364899657547316165e+05
3.551901413598369528e-01 1.295451212225849957e+01 3.713342553117678035e+05
3.675941122801560934e-01 1.285201170208072341e+01 3.159069748581810854e+05
3.803991579859316574e-01 1.276731458682274933e+01 2.688183465818125405e+05
3.935996933629823391e-01 1.268536472263812165e+01 2.290001990140549606e+05
4.071962659132986051e-01 1.260401495775866998e+01 1.948142746057577897e+05
4.211920187189309717e-01 1.253093074710817589e+01 1.657380789416085463e+05
4.356067404110262609e-01 1.246398674193872580e+01 1.416630184987598332e+05
4.503982213938581003e-01 1.240181923601008585e+01 1.205991739103956061e+05
4.656054827495414994e-01 1.234272357835655320e+01 1.029643431212924479e+05
4.812174999013392740e-01 1.228969931181152475e+01 8.792297566369430569e+04
4.972050549918322626e-01 1.224226218198393035e+01 7.504816068907274166e+04
5.136099204879192026e-01 1.219663855877969816e+01 6.408124573672476254e+04
5.304216727630151063e-01 1.215064201870998950e+01 5.486818112265119271e+04
5.476323321590145232e-01 1.211044220702006058e+01 4.695976070788601646e+04
5.652431981651145909e-01 1.207274384897708863e+01 4.021888492890174530e+04
5.832121286673302984e-01 1.203857616572576639e+01 3.449105158094736544e+04
6.005551522498632222e-01 1.200345459808287352e+01 2.981825111087639743e+04
6.170774455909482370e-01 1.197505822502067474e+01 2.592682532692455061e+04
6.330351764168563600e-01 1.194387401686812211e+01 2.276168308443556816e+04
6.486971621757302575e-01 1.191409610223701421e+01 1.996919381466518098e+04
6.642057324731854839e-01 1.188043074216788852e+01 1.759752997240079276e+04
6.797185163386335605e-01 1.185034720672005015e+01 1.552657092603690035e+04
6.953186903472037272e-01 1.181643457582707768e+01 1.368859967070488892e+04
7.111951133897507216e-01 1.178336859712758944e+01 1.206717377499796567e+04
7.271653381453515586e-01 1.174877203638990153e+01 1.063140975070282184e+04
7.435530224202983041e-01 1.171598356301433164e+01 9.346869314219047737e+03
7.603027520800731409e-01 1.168010099737458773e+01 8.225566124508015491e+03
7.774988693435569420e-01 1.164570054351897888e+01 7.226558628633846638e+03
7.951739677572227105e-01 1.160918684728738981e+01 6.331462930769082959e+03
8.133458292131805489e-01 1.157715518924646858e+01 5.536546546232177207e+03
8.321697738101014874e-01 1.154070116705626248e+01 4.833496717983496637e+03
8.513560520001742793e-01 1.150535054950799463e+01 4.223552484725869363e+03
8.712244833244844333e-01 1.147340392424786515e+01 3.681702636740079470e+03
8.917012930914728353e-01 1.144208280761174024e+01 3.200805862055405669e+03
9.127917437317770721e-01 1.141598168953929893e+01 2.785055456180934925e+03
9.345033902251971281e-01 1.138254138275781457e+01 2.416735059395693497e+03
9.568475707522158258e-01 1.134808921380487057e+01 2.082115928328848895e+03
9.798252562142649724e-01 1.131718183738438199e+01 1.816104333282560901e+03
1.003424815124418501e+00 1.128867082796492483e+01 1.572589120887179433e+03
1.027639556434989832e+00 1.126290889210913271e+01 1.360414072979720459e+03
1.052463056744593395e+00 1.123342641198970426e+01 1.176791028987820937e+03
1.077739916268185327e+00 1.120803757923381028e+01 1.017283580869484126e+03
1.102797903659396450e+00 1.118581939001074943e+01 8.820603404979885909e+02
1.127535891474357621e+00 1.115766540192635681e+01 7.676607119522842595e+02
1.151940369087009586e+00 1.113108453185209079e+01 6.707792973192164254e+02
1.176055775730374009e+00 1.110663355600056335e+01 5.870778488642382626e+02
1.199872167477318730e+00 1.108059557648704185e+01 5.118646471644983080e+02
1.223412563676807174e+00 1.105568891610387894e+01 4.497088557730580192e+02
1.246679613591398228e+00 1.102577014912877473e+01 3.982653816464581951e+02
1.269675794399586000e+00 1.099777449928238582e+01 3.513474132533831380e+02
1.292389317310076668e+00 1.097148807424128947e+01 3.100281427881325840e+02
1.314846248614657709e+00 1.094023479345947791e+01 2.740996570998229345e+02
1.337003331494912794e+00 1.090815063206492219e+01 2.428057324378397368e+02
1.358911226115095516e+00 1.087751508330189587e+01 2.150513732533513291e+02
1.380500228567902443e+00 1.084390463342708166e+01 1.908547240994415120e+02
1.401786139284004973e+00 1.081258484272528797e+01 1.696190114235866702e+02
1.422777474070301640e+00 1.077678128752232567e+01 1.508849179811754766e+02
1.443460398791157617e+00 1.074232416770878551e+01 1.343179178418398578e+02
1.463790154570154600e+00 1.070666725934080077e+01 1.197430273091591886e+02
1.483778965736854971e+00 1.067042318334655171e+01 1.068280416808253648e+02
1.503425471760930776e+00 1.063283453648282162e+01 9.543008807429282570e+01
1.522681262860742013e+00 1.059467957176429209e+01 8.522839068354515746e+01
1.541543717436884897e+00 1.055581421558430222e+01 7.630532828351181251e+01
1.559989531573561905e+00 1.051637704209815993e+01 6.834319301232333999e+01
1.578019345368798065e+00 1.047582149317648792e+01 6.128897344225444499e+01
1.595607709708562583e+00 1.043509948956689115e+01 5.505961810910005738e+01
1.612740262741988673e+00 1.039338902409675569e+01 4.947288001437770077e+01
1.629402566368242100e+00 1.035060353732326455e+01 4.454442860527529291e+01
1.645577014547937811e+00 1.030726964076030505e+01 4.011395715914439819e+01
1.661351835735155991e+00 1.026486903733613687e+01 3.612331492578378089e+01
1.676502281705764874e+00 1.021982891977914143e+01 3.266739494972846103e+01
1.691044450572247060e+00 1.017506720084985794e+01 2.940038944631994866e+01
1.705199796784620636e+00 1.012994206103506123e+01 2.665796891159706661e+01
1.718732210202171595e+00 1.008372060288550287e+01 2.417677035389845841e+01
1.731594432642247439e+00 1.003717053177610197e+01 2.200728007204536851e+01
1.744077271618857505e+00 9.990947014239186075e+00 1.991638575659904120e+01
1.755791293345979609e+00 9.942762624977712349e+00 1.819975742285035025e+01
1.767013014254303682e+00 9.894820443326535653e+00 1.658675061372781911e+01
1.777633283863507829e+00 9.847424905935495687e+00 1.514152384637501569e+01
1.787656665675021017e+00 9.797627626284345581e+00 1.380795191080617634e+01
1.797077581364070253e+00 9.748762452056581651e+00 1.262561565489343174e+01
1.805892247721465838e+00 9.699512930084654982e+00 1.160205592239132066e+01
1.814205689665598920e+00 9.650467267450302700e+00 1.062848047291197773e+01
1.821721567046347801e+00 9.600060799187026817e+00 9.762227769882061423e+00
1.828708725839274241e+00 9.549664158799192393e+00 8.995823892212586159e+00
1.835191645423271956e+00 9.499552285162886633e+00 8.278026836277419420e+00
