2.191799393465098389e-01 1.550982308316407554e+01 3.683535669800713658e+06
2.250885699277030971e-01 1.528618441385729732e+01 3.230970656012746040e+06
2.311670818596537891e-01 1.507935800382632330e+01 2.858262606373672839e+06
2.374504699619958414e-01 1.487247775569636765e+01 2.509720043773039710e+06
2.439197359914628827e-01 1.467280450259671909e+01 2.199354191077572759e+06
2.505765588862633453e-01 1.452587477232456692e+01 1.929898865442999406e+06
2.574359445985981987e-01 1.432646130010368779e+01 1.696983421541206539e+06
2.644959246253881235e-01 1.417442000489801934e+01 1.493112198887859937e+06
2.717714055582348687e-01 1.402589191746951514e+01 1.299042036893916083e+06
2.792382688291406012e-01 1.389141700569095583e+01 1.154361450284716440e+06
2.869278539669848915e-01 1.375537093531307242e+01 1.015700109700298985e+06
2.948241312188281116e-01 1.363177140161666401e+01 8.930199434301054571e+05
3.029411786625509362e-01 1.352021901191356434e+01 7.855253183864486637e+05
3.112847908051765144e-01 1.340943736509645667e+01 6.909065116787906736e+05
3.198454317267565017e-01 1.330879476482085622e+01 6.091909034059696132e+05
3.286358411342269470e-01 1.320727334528189623e+01 5.353489713506278349e+05
3.376477665812098738e-01 1.311064467994675198e+01 4.710824804020405281e+05
3.469000749296633490e-01 1.302746817299216353e+01 4.107528677461892948e+05
3.563903553573615213e-01 1.294695309256001714e+01 3.655077608508777921e+05
3.661070541820455881e-01 1.286831138187164747e+01 3.223464441664230544e+05
3.760603196899648393e-01 1.279560535532329979e+01 2.839445653673811466e+05
3.862647120760633324e-01 1.272957838558101251e+01 2.503880411810079240e+05
3.967151808386700784e-01 1.266588634103427857e+01 2.202387260574733664e+05
4.073942035535546013e-01 1.260281736444661327e+01 1.941907478766341810e+05
4.183196893649555603e-01 1.254615319619421498e+01 1.715667074883513851e+05
4.295012343373063035e-01 1.249562076561797319e+01 1.513743392093433940e+05
4.409196099019627724e-01 1.244485577257991515e+01 1.333539311972169089e+05
4.525953354058391831e-01 1.239553025102843087e+01 1.178344449305647431e+05
4.645358079140854968e-01 1.234810095877079839e+01 1.040765042956793186e+05
4.766986306063658585e-01 1.230663570858767564e+01 9.196957061550047365e+04
4.891139770763234251e-01 1.226327834499370972e+01 8.121812539027922321e+04
5.017593161878302066e-01 1.222901693547867552e+01 7.173939835697691888e+04
5.146642843361878272e-01 1.219360851357425091e+01 6.354680538080065890e+04
5.278169353702024669e-01 1.215672061895168810e+01 5.622183207547295024e+04
5.412145814425970425e-01 1.212590535205073650e+01 4.973339747203658044e+04
5.548577074724385660e-01 1.209481624376057241e+01 4.402937641243060352e+04
5.687475485855816304e-01 1.206650000562819258e+01 3.893925505329346197e+04
5.828174710957546578e-01 1.204016903762600244e+01 3.457258819755403238e+04
5.968374733016584832e-01 1.201492788666264744e+01 3.072135539907843850e+04
6.106504946140453027e-01 1.198965033033000083e+01 2.741263115052652211e+04
6.244304467738728270e-01 1.196978809622154216e+01 2.420981336939995526e+04
6.381631790973271157e-01 1.194086882486396917e+01 2.192837321557373434e+04
6.520292901709228151e-01 1.191935968433907256e+01 1.941318802523186605e+04
6.660407475819675183e-01 1.189645524604505589e+01 1.755422845449105444e+04
6.802599888054815525e-01 1.187458646117565131e+01 1.572645750189179853e+04
6.947287785135466409e-01 1.185117683973501101e+01 1.407882267617909383e+04
7.095349504426834431e-01 1.183113281650054027e+01 1.259326279862384035e+04
7.245752984460386292e-01 1.180944412115326259e+01 1.125600326311943536e+04
7.400208701101158582e-01 1.178793245851718119e+01 1.006251184103946616e+04
7.558489349022795567e-01 1.176683408329233416e+01 8.978741968310652737e+03
7.720657520965084064e-01 1.174740324616687559e+01 8.023407218196877693e+03
7.887138780379169267e-01 1.172766908839682642e+01 7.140101287268618762e+03
8.058106208933980552e-01 1.170858021429955542e+01 6.358663559744759368e+03
8.233729709771724359e-01 1.169144351718144392e+01 5.650965423641130656e+03
8.414120500991174589e-01 1.167416522407707724e+01 5.024419225728813217e+03
8.599284623134004768e-01 1.165911059418014517e+01 4.461649053187736172e+03
8.789599893352715299e-01 1.164225537201473060e+01 3.959705483223026476e+03
8.985229606275976222e-01 1.162878192048086667e+01 3.510830636059488825e+03
9.185350016054586453e-01 1.161355090654614486e+01 3.113240315233766978e+03
9.391004383242116393e-01 1.160015465555776082e+01 2.754518890699226631e+03
9.601881117245120167e-01 1.158791226451800682e+01 2.436838851071389854e+03
9.817963690003954635e-01 1.157682892167089506e+01 2.157957195433808920e+03
1.003932550351966935e+00 1.156756111646209639e+01 1.906120132869375311e+03
1.026576236064731473e+00 1.155713487290004160e+01 1.686797169248214004e+03
1.049511450104083865e+00 1.155332484328239140e+01 1.489480733565009132e+03
1.072640277980556833e+00 1.154240028593872402e+01 1.318831363838739890e+03
1.095925467156349198e+00 1.153347396779466294e+01 1.169093242537623610e+03
1.119402371215026282e+00 1.152863416183843448e+01 1.037844477883294530e+03
1.143034106063165467e+00 1.152334389573730000e+01 9.212528718788579454e+02
1.166799349505559968e+00 1.151290231465883096e+01 8.193300650663088618e+02
1.190751459072731055e+00 1.151033164942258757e+01 7.286356732888534680e+02
1.214866198870586445e+00 1.149988604220264499e+01 6.478478352299343896e+02
1.239115610751515995e+00 1.149381333301023389e+01 5.734770103063467559e+02
1.263524850165898883e+00 1.148761432543784977e+01 5.107986993036289505e+02
1.288035553429084157e+00 1.147898133734329384e+01 4.560229955072215375e+02
1.312660950156612438e+00 1.147355314686897820e+01 4.089215796436384380e+02
1.337411466205772559e+00 1.146715190069115842e+01 3.650817570836381947e+02
1.362232223102542772e+00 1.145867014602630540e+01 3.264759157716768527e+02
1.387155082067909717e+00 1.145338463036291543e+01 2.914235886006364353e+02
1.412118609600346186e+00 1.144829479595251165e+01 2.608090349822624034e+02
1.437145634615161649e+00 1.143820689943378532e+01 2.333467109793885754e+02
1.462177431634143820e+00 1.142998251120229192e+01 2.090278859267459950e+02
1.487226783287106224e+00 1.142344943189645967e+01 1.872582517950030478e+02
1.512269730375959353e+00 1.141409275070155260e+01 1.679321756000429673e+02
1.537279160983982651e+00 1.140516508980798172e+01 1.508462422693743576e+02
1.562247514490545219e+00 1.139700770636747329e+01 1.346397448416637133e+02
1.587140646777179365e+00 1.138692494980144865e+01 1.216712517382794090e+02
1.612010712564332815e+00 1.137787643199196630e+01 1.092780802717720263e+02
1.636649230575851321e+00 1.136789859907621292e+01 9.836776300377793802e+01
1.661290260884303649e+00 1.135747693066604747e+01 8.866145461822188167e+01
1.685611398086998225e+00 1.134635687840551910e+01 7.989761643291262772e+01
1.709858214728457781e+00 1.133505565912084556e+01 7.208351115400876097e+01
1.733894805810233919e+00 1.132299317753488133e+01 6.508695112095193736e+01
1.757708878054184298e+00 1.131103051219918143e+01 5.855310151525596041e+01
1.781383123697725335e+00 1.129810036084989910e+01 5.319748462354685614e+01
1.804700646781340900e+00 1.128510502116852976e+01 4.807970706027982999e+01
1.827662631700577966e+00 1.127119092414508117e+01 4.358386936062242967e+01
1.850414884312000963e+00 1.125658632959160954e+01 3.947575323525060043e+01
1.872834121213641012e+00 1.124196004102665469e+01 3.588019644705454425e+01
1.894930406382792309e+00 1.122665011383591072e+01 3.258098018980000887e+01
