2.191799393465098389e-01 1.550982308316407554e+01 3.683535669800713658e+06
2.255338304506943337e-01 1.525591432386936752e+01 3.203812714697598480e+06
2.321046669249700323e-01 1.503749236498900821e+01 2.774907476733864751e+06
2.388864267912092498e-01 1.484693537765798510e+01 2.445021507431727368e+06
2.458977596265057852e-01 1.462321467824990684e+01 2.111222274225798901e+06
2.531288587981070926e-01 1.443100822950318474e+01 1.841834728017570917e+06
2.605923795878105631e-01 1.426467392369385934e+01 1.610320011428598780e+06
2.682910304146942648e-01 1.409055866266760937e+01 1.394794153694548877e+06
2.762294777045769534e-01 1.393823441987419720e+01 1.217387404404849513e+06
2.844131701695667425e-01 1.380048704875129495e+01 1.059551148125125794e+06
2.928526301432707868e-01 1.365835339122705605e+01 9.218725104194106534e+05
3.015296302574227427e-01 1.353766487252162243e+01 8.031047497061779723e+05
3.104507012117240783e-01 1.341309456420058055e+01 6.994508308514450910e+05
3.196385654057387615e-01 1.331232395313669237e+01 6.100336787291041110e+05
3.290925960686597040e-01 1.319999749331994821e+01 5.319827292296690866e+05
3.388060484231682490e-01 1.310476178063390229e+01 4.639147625805165153e+05
3.487921661734462164e-01 1.301200456128197835e+01 4.046325892293165671e+05
3.590489621198905135e-01 1.292419968426534815e+01 3.527397285018718103e+05
3.695804366112141470e-01 1.284469120831591660e+01 3.082232762478495133e+05
3.803878369602081699e-01 1.276738910380840686e+01 2.690823456659818185e+05
3.914759411755124319e-01 1.269834079424404116e+01 2.346546990046788997e+05
4.028665271836318063e-01 1.262818990660894336e+01 2.048643710498531873e+05
4.144923199077244491e-01 1.256661687699643259e+01 1.790271096607647487e+05
4.264397769083395073e-01 1.250657405067668293e+01 1.566212057629805931e+05
4.386466041042630382e-01 1.245155112977466594e+01 1.366770598466044758e+05
4.511670191376371264e-01 1.239867819144201633e+01 1.196428745204460574e+05
4.639697655298775092e-01 1.235094068222164942e+01 1.046485016452280106e+05
4.770430757885215645e-01 1.230357246015589290e+01 9.168523929270351073e+04
4.904075858036544555e-01 1.226239398116581825e+01 7.939636135355517035e+04
5.040506746965119911e-01 1.222212789083343232e+01 6.958620871612029441e+04
5.179735821476177948e-01 1.218452540647054327e+01 6.160879651089870458e+04
5.321907171749397092e-01 1.214658656773296919e+01 5.397015294765499857e+04
5.466915324731057568e-01 1.211288959147720945e+01 4.733278226611304126e+04
5.614759015787345042e-01 1.208464381019301648e+01 4.147750521190770814e+04
5.765115114345764624e-01 1.205318320024410816e+01 3.614547353136182937e+04
5.914817657052345856e-01 1.202286151634964106e+01 3.215715609054542438e+04
6.056696880323328980e-01 1.199803158389899593e+01 2.850289582030178644e+04
6.192537282941502630e-01 1.197051196981088772e+01 2.548373284950369998e+04
6.323782021099444428e-01 1.194626828489201742e+01 2.283282598531087569e+04
6.452532186730748354e-01 1.191934216014334602e+01 2.055373383606109564e+04
6.579401871197914087e-01 1.189269684298184693e+01 1.848904345781919619e+04
6.705576187948384392e-01 1.186287150396985801e+01 1.666712280745557291e+04
6.831543839320527445e-01 1.183547967299746873e+01 1.501960062865557302e+04
6.958063261751775697e-01 1.180760147831156459e+01 1.355699652943071851e+04
7.086205071422985169e-01 1.177913900937489622e+01 1.222292952140720445e+04
7.214504190338811851e-01 1.174883918832809826e+01 1.100709892543193200e+04
7.345408818706727905e-01 1.171819872815949459e+01 9.930650550328309691e+03
7.478520645670494460e-01 1.168893181910478596e+01 8.933338953897708052e+03
7.614197401239813923e-01 1.165729520700699950e+01 8.032652279122383334e+03
7.752669210911755648e-01 1.162561235611262234e+01 7.219432826372962154e+03
7.894318334586706287e-01 1.159545476303545541e+01 6.482476186394968863e+03
8.039209334826631359e-01 1.156160426347622305e+01 5.810125092814305390e+03
8.187568692582621876e-01 1.153035195941074598e+01 5.204846491157701166e+03
8.339551696500822064e-01 1.150188179778276698e+01 4.658362127636465630e+03
8.495363910803835905e-01 1.146890304339436462e+01 4.159121610082838743e+03
8.655037789634798528e-01 1.144300401613842233e+01 3.711347119631964233e+03
8.818834342808860027e-01 1.141113791352121432e+01 3.310851223378427221e+03
8.986580103962972244e-01 1.138069391753474058e+01 2.954408175367444073e+03
9.158521992728614336e-01 1.135172363225293424e+01 2.628499901211928773e+03
9.334645313153973056e-01 1.132242378092053414e+01 2.338811994589606002e+03
9.514973568552315131e-01 1.129445096227953371e+01 2.077058796687570975e+03
9.699580373858474047e-01 1.126570929506249996e+01 1.846605808561832191e+03
9.888231332119457040e-01 1.123926453002753156e+01 1.639471101585777888e+03
1.008110760705092979e+00 1.121209016298842620e+01 1.454322784432233902e+03
1.027811239137154775e+00 1.118835238159008583e+01 1.289075089083310331e+03
1.047896751800396098e+00 1.116492690651991282e+01 1.136676728899473346e+03
1.068394743486289711e+00 1.114034196926244036e+01 1.005998170374437905e+03
1.089266028556806543e+00 1.111579972501830582e+01 8.955109418796545242e+02
1.110507490501710492e+00 1.108856539166493071e+01 7.943177521736507742e+02
1.132106479930888865e+00 1.106426806958366527e+01 7.030333970468725511e+02
1.154046461817204161e+00 1.104220477738169137e+01 6.227016973000388589e+02
1.176300761415305818e+00 1.101965765630493443e+01 5.513684338602429307e+02
1.198868868119628450e+00 1.099806227758338295e+01 4.880488652811676502e+02
1.221711597149874429e+00 1.097670875072131302e+01 4.322338486305546894e+02
1.244828425186844445e+00 1.095590313628932577e+01 3.830374796594305167e+02
1.268179003307675634e+00 1.093556280824623173e+01 3.395933422354078743e+02
1.291740531191078345e+00 1.091775058515406904e+01 3.007848725888730996e+02
1.315504010458904416e+00 1.089562569924481750e+01 2.670668419592095688e+02
1.339429779898090089e+00 1.087788502409140712e+01 2.353944741258739555e+02
1.363490880180889375e+00 1.085688868381303251e+01 2.088789795366682540e+02
1.387668249791934816e+00 1.083911480974628638e+01 1.864983228035157197e+02
1.411932278228631654e+00 1.081984703657518487e+01 1.654781811241176399e+02
1.436241352830889273e+00 1.080162722071204406e+01 1.467453702910754032e+02
1.460480042543167656e+00 1.078329865031973611e+01 1.311089443151787748e+02
1.484594927847713075e+00 1.076393451464853079e+01 1.169457269272852358e+02
1.508557347292626361e+00 1.074583020985923554e+01 1.043228856086141434e+02
1.532317661145815801e+00 1.072654339679444746e+01 9.329764938712963840e+01
1.555901840684523085e+00 1.070787165783481676e+01 8.334963350054427167e+01
1.579241840316654155e+00 1.068898039010550782e+01 7.468424444694213093e+01
1.602302993693235367e+00 1.066913985351059679e+01 6.693361759628183449e+01
1.625115612916551155e+00 1.064977382596818600e+01 6.005720922130552708e+01
1.647615011210361802e+00 1.062986100596634209e+01 5.378264078038526463e+01
1.669839625332309563e+00 1.060991285472776724e+01 4.836998351612643887e+01
1.691666731078373287e+00 1.058892976499014971e+01 4.359327416849261994e+01
1.713159756680405987e+00 1.056781285691515038e+01 3.927765469387449571e+01
1.734279079262578405e+00 1.054584563096957339e+01 3.558478750228569965e+01
1.754995346376280407e+00 1.052453751163610995e+01 3.218467897477764694e+01
1.775298425793431889e+00 1.050151807545480409e+01 2.911223752556157152e+01
1.795196147860571578e+00 1.047888693313776542e+01 2.634748865111496130e+01
1.814550969565283278e+00 1.045491121074626228e+01 2.392126235822751923e+01
