2.191799393465098389e-01 1.550982308316407554e+01 3.683535669800713658e+06
2.248624138634613689e-01 1.529048809165647427e+01 3.258051902075317223e+06
2.306924894517204949e-01 1.512502015744919248e+01 2.908010022103867028e+06
2.367189841109748893e-01 1.489733135603264458e+01 2.546129063098463230e+06
2.429147485690108244e-01 1.470549026261257453e+01 2.240223992247029673e+06
2.492814287084798575e-01 1.453089133027005175e+01 1.980159624014385743e+06
2.558435161151655923e-01 1.436825755285204487e+01 1.733403644390733680e+06
2.625760336909253034e-01 1.421647880065860647e+01 1.544139989190431545e+06
2.695060788860046963e-01 1.407979415869971440e+01 1.370295677757918602e+06
2.766277236853290078e-01 1.393433839737759428e+01 1.206733203570404556e+06
2.839462215889911323e-01 1.380716714877929086e+01 1.067658600040352903e+06
2.914654205286802413e-01 1.368191297581112842e+01 9.429623707908072975e+05
2.991841842880224589e-01 1.356973611894263421e+01 8.334309016709882999e+05
3.070813329340222331e-01 1.346232187253900925e+01 7.369158993857934838e+05
3.152042051397267453e-01 1.335523207443213956e+01 6.526452706679347903e+05
3.235486627910905688e-01 1.325967537461278134e+01 5.758483484217881924e+05
3.320760265830914881e-01 1.317197003572690583e+01 5.095753001433106838e+05
3.408429959358533212e-01 1.308133909660814886e+01 4.512655361464855378e+05
3.497931710726245869e-01 1.300278423785434789e+01 3.992011189384292229e+05
3.589769961814161525e-01 1.292668717259926581e+01 3.533711314242591034e+05
3.683828154213767969e-01 1.285134557900917862e+01 3.126806663501391304e+05
3.780164194395833621e-01 1.278338730519813993e+01 2.776291015016972087e+05
3.878573053644442381e-01 1.271731548640238607e+01 2.452521751166235772e+05
3.979373529744557603e-01 1.265799671568136731e+01 2.171521689737816923e+05
4.082316675535454520e-01 1.259766734265843624e+01 1.929387222583222610e+05
4.187484412106199927e-01 1.254313092366642657e+01 1.705110169479789911e+05
4.295056458876352901e-01 1.249192527329140923e+01 1.512566854144177341e+05
4.404796903347568682e-01 1.244468043419710668e+01 1.341248975187564502e+05
4.517006970129705534e-01 1.239892505754162855e+01 1.189745788430788962e+05
4.631541922136340195e-01 1.235370108226352670e+01 1.057441522600525204e+05
4.748157854922825938e-01 1.231355885061002908e+01 9.361580101154034492e+04
4.867231247180014986e-01 1.227430300614644132e+01 8.305103792181386962e+04
4.988229874930636965e-01 1.223627604173785599e+01 7.381878663314729056e+04
5.111721087679683695e-01 1.220273530499155612e+01 6.555491236362078052e+04
5.237505316550152834e-01 1.216743941231066017e+01 5.830309548099670064e+04
5.365566631390188412e-01 1.213720281037072901e+01 5.191576701145000698e+04
5.495882656057282656e-01 1.210896507565817437e+01 4.621221160066721495e+04
5.628486349917735110e-01 1.207881973762749794e+01 4.106382854634660907e+04
5.763029388718685642e-01 1.205259094809688314e+01 3.615187914912493579e+04
5.899422545948651564e-01 1.202712483556851275e+01 3.251137437136572044e+04
6.037210820832799030e-01 1.200297613719290979e+01 2.902604979154709144e+04
6.176896303842474012e-01 1.197920135937570940e+01 2.587207863625902974e+04
6.319349769536378725e-01 1.195734642618655386e+01 2.286113588855589478e+04
6.464467318311520883e-01 1.193574416305539820e+01 2.058121660511638402e+04
6.613084844140135754e-01 1.191546102602160495e+01 1.835501428187125930e+04
6.765435114215687662e-01 1.189601589821488226e+01 1.635265737941498810e+04
6.922246259853305217e-01 1.187511880509052631e+01 1.456911274551908355e+04
7.083619178039023412e-01 1.185703181107445658e+01 1.294821909356558172e+04
7.250040676297347941e-01 1.184314474143351070e+01 1.149208164837582808e+04
7.420928027356104018e-01 1.182679234781351596e+01 1.020384553861400127e+04
7.597466699226236297e-01 1.181169365141140482e+01 9.048372310953971464e+03
7.779460761768592914e-01 1.180016829156047464e+01 8.015412019504537966e+03
7.967169639215239130e-01 1.178687468051676035e+01 7.096899863395027751e+03
8.160635178988295824e-01 1.177895683191841414e+01 6.271872810688446407e+03
8.360044054547355330e-01 1.176927410811571661e+01 5.540690894344666049e+03
8.565575445843142122e-01 1.176103684471774358e+01 4.890130540869447941e+03
8.777194229026923367e-01 1.175329085902320969e+01 4.305897356906265486e+03
8.995019990363156692e-01 1.175089487023490165e+01 3.801123847765848041e+03
9.219225816622699243e-01 1.174584532986307828e+01 3.320972749963882052e+03
9.449678096088450774e-01 1.174470085745274517e+01 2.949043497371932517e+03
9.686522721916405176e-01 1.174040229740673347e+01 2.595286573632149157e+03
9.929706767684026714e-01 1.174494402687097327e+01 2.284212933591185902e+03
1.017921921199310242e+00 1.174520366618931533e+01 2.009254186835314158e+03
1.043499657391841362e+00 1.175264067861127160e+01 1.751708475397168513e+03
1.069701380717579031e+00 1.175173245623653884e+01 1.553234868317887958e+03
1.096527330387873533e+00 1.175740731909020731e+01 1.364923989023595141e+03
1.123957239868353053e+00 1.176465650529387830e+01 1.199974513931675801e+03
1.151994466530345651e+00 1.177163878009505460e+01 1.046443816228922287e+03
1.180608719838407650e+00 1.178181779070910018e+01 9.263949553522448923e+02
1.209794460926532533e+00 1.178958581766767644e+01 8.142251138085877074e+02
1.239533372825118107e+00 1.180029467909985996e+01 7.164455197431224178e+02
1.269674979101853562e+00 1.181355693991518052e+01 6.298993151233207755e+02
1.299760382738895048e+00 1.182373779182538698e+01 5.554831408948840590e+02
1.329710676002501479e+00 1.183436743628986143e+01 4.914118382891938950e+02
1.359582373447220105e+00 1.184563497087102490e+01 4.355567726493791270e+02
1.389338067753574490e+00 1.185700758818535583e+01 3.862489229056160980e+02
1.418968389712693234e+00 1.186728534476891106e+01 3.422843030569513303e+02
1.448497031721045714e+00 1.187808764896464986e+01 3.058656737241422547e+02
1.477919911354890647e+00 1.188661505837313292e+01 2.726184582224537394e+02
1.507195165571612927e+00 1.189871251235137883e+01 2.434799897814426970e+02
1.536414026593793114e+00 1.190442814403266958e+01 2.175114111875778065e+02
1.565353359063065053e+00 1.191372917314625113e+01 1.951815680668483424e+02
1.594194055064702686e+00 1.191742699664506411e+01 1.746914201169435330e+02
1.622891456515275888e+00 1.192377832150604888e+01 1.568501180747107924e+02
1.651400309942161249e+00 1.192971172670734070e+01 1.408776646087573283e+02
1.679727001894385285e+00 1.193340636511268649e+01 1.267040919142196600e+02
1.707866992659467620e+00 1.193842959837228257e+01 1.139930976815814461e+02
1.735729005155083771e+00 1.194207823540571667e+01 1.021877051295566332e+02
1.763386216444320365e+00 1.194228614197240113e+01 9.268712434595028071e+01
1.790806901109976312e+00 1.194394737870670298e+01 8.367003165692882760e+01
1.817983327083829703e+00 1.194412811532449759e+01 7.561241235858926757e+01
1.844835281026896201e+00 1.194391268359579250e+01 6.836720569243499313e+01
1.871435339686064570e+00 1.194289774839110407e+01 6.193302404881087853e+01
1.897688177905841878e+00 1.193986213500423332e+01 5.616060924447858582e+01
1.923635327600499600e+00 1.193695553431864731e+01 5.091328489135652546e+01
1.949247255833366443e+00 1.193348023980589723e+01 4.620825823911182795e+01
1.974489367890444047e+00 1.192873802448614384e+01 4.202123749454548829e+01
1.999369862457353486e+00 1.192270625519092242e+01 3.823430070591279417e+01
2.023853447145917972e+00 1.191621981088655602e+01 3.480224661256609409e+01
2.047952415895248901e+00 1.190933724658581738e+01 3.171653557387957534e+01
