2.191799393465098389e-01 1.550982308316407554e+01 3.683535669800713658e+06
2.262715919995276770e-01 1.523752538829053016e+01 3.161104915991066024e+06
2.336138788773600150e-01 1.498271061941643545e+01 2.701053981517980341e+06
2.412485717265357710e-01 1.475898347635836494e+01 2.326566589875934180e+06
2.491335579170199377e-01 1.453613665107008579e+01 1.985224119999439921e+06
2.573120119036629849e-01 1.433081509844519275e+01 1.700686599289713893e+06
2.657793704868451901e-01 1.414386587282674768e+01 1.460764863577459939e+06
2.745426382557600298e-01 1.398025083171347660e+01 1.253763530867737718e+06
2.836072050293554914e-01 1.381502345970021395e+01 1.071721664211283438e+06
2.929880255252204635e-01 1.367141749696366659e+01 9.228566470810234314e+05
3.026503706237203550e-01 1.351812211627319549e+01 7.890101460801857756e+05
3.126406741297177994e-01 1.338796435778289329e+01 6.782350180739348289e+05
3.229556157783875503e-01 1.326661817155395617e+01 5.811830885624797083e+05
3.336012409947505253e-01 1.315328885701241468e+01 4.993353068087033462e+05
3.445653092975207166e-01 1.305087483291117856e+01 4.291363129174220958e+05
3.558943884268804814e-01 1.295007577355341510e+01 3.676359707032552105e+05
3.675123995253137821e-01 1.285801420730451383e+01 3.166822110307580442e+05
3.795250032735341672e-01 1.277292473060508904e+01 2.717058619076019968e+05
3.918311989461262801e-01 1.269294413265880550e+01 2.318417122244921047e+05
4.045141021599679698e-01 1.261875586878920785e+01 2.016108248468820238e+05
4.175427593256042513e-01 1.255006705119352084e+01 1.710071051411248918e+05
4.309189077660385281e-01 1.248713021126390821e+01 1.491920943129096122e+05
4.446749169756450959e-01 1.242793625242617139e+01 1.281713042033552192e+05
4.587700584698985451e-01 1.236836809017669658e+01 1.107210505717752239e+05
4.732024584247066512e-01 1.231902411954413878e+01 9.510858713646115211e+04
4.880054341063415624e-01 1.226843945781385870e+01 8.216662455935071921e+04
5.031355637193287711e-01 1.222248179411067071e+01 7.090169809403794352e+04
5.186470280293626889e-01 1.218273820690397713e+01 6.065921991760111996e+04
5.344923551106071091e-01 1.214344596100813867e+01 5.287564257894344337e+04
5.506964537584680963e-01 1.210526449256522241e+01 4.574807419712589035e+04
5.672554051793607943e-01 1.206850609837405663e+01 3.946521191388879379e+04
5.840716603402487106e-01 1.203844338240175915e+01 3.423013750384107698e+04
6.001924367370858882e-01 1.200755989025825876e+01 2.985180220036158426e+04
6.153835679851459295e-01 1.197357416050211576e+01 2.634011807775033594e+04
6.299522311897761684e-01 1.195112004748236423e+01 2.327220922795570368e+04
6.440809434580865300e-01 1.192046745449764877e+01 2.069152219516513287e+04
6.579754865118325746e-01 1.189024178183192149e+01 1.834309589761011011e+04
6.717343804302277066e-01 1.186024180277435391e+01 1.646967983610875308e+04
6.854622574402552404e-01 1.182731088062230640e+01 1.469774684138070006e+04
6.992410277725265022e-01 1.179399278140951779e+01 1.315075195546011128e+04
7.131494714044050998e-01 1.176169780797384234e+01 1.173207900636490194e+04
7.272481787974415246e-01 1.172651742495803973e+01 1.045969958331470662e+04
7.415599400749716130e-01 1.169165582071875420e+01 9.334485289174463105e+03
7.561662084956147778e-01 1.165354995602872812e+01 8.315066495811292043e+03
7.710918594614040167e-01 1.162138604962805388e+01 7.378236197009098760e+03
7.863764378368284236e-01 1.158628125064075931e+01 6.561555335999657473e+03
8.020472929381657901e-01 1.155041124235994232e+01 5.819911191389641317e+03
8.181296090916833075e-01 1.151258392297300048e+01 5.160030465291292785e+03
8.346504451787305490e-01 1.147872785968117348e+01 4.560275799731016377e+03
8.516212584115906425e-01 1.144327118258930831e+01 4.030600828647630806e+03
8.690636146996290057e-01 1.140809770635009102e+01 3.559392365792675264e+03
8.869915087285548116e-01 1.137759037282491015e+01 3.136495091030171807e+03
9.054113205587692725e-01 1.133823198332439652e+01 2.762421420359632975e+03
9.243287754332601969e-01 1.130407783488421103e+01 2.426422982668411350e+03
9.437514196326629579e-01 1.127228580002378067e+01 2.133587878507663390e+03
9.636790857093344709e-01 1.123890246305538554e+01 1.872176951209090703e+03
9.841138095159278620e-01 1.120672517041548133e+01 1.642045317748562411e+03
1.005035821126797568e+00 1.117477676392686270e+01 1.439331411614720309e+03
1.026448429887517166e+00 1.114317239509080970e+01 1.260672680713759974e+03
1.048339842337330463e+00 1.111610115228370077e+01 1.103596342554249532e+03
1.070702947767163238e+00 1.108855168900457677e+01 9.645902748740048764e+02
1.093514630836566415e+00 1.105752139270022738e+01 8.387255014060024223e+02
1.116763487952684208e+00 1.102681408321716816e+01 7.384475852981203161e+02
1.140418909794785440e+00 1.100090521249585152e+01 6.414776949569450153e+02
1.164465390896065822e+00 1.097624228306116123e+01 5.643190624510627913e+02
1.188884338592992584e+00 1.094884597068346999e+01 4.933543076124391291e+02
1.213650260071980069e+00 1.092629532544360238e+01 4.292167886472841474e+02
1.238708219605291871e+00 1.090095908853477447e+01 3.775725824970661506e+02
1.264061366228375283e+00 1.087385740428182146e+01 3.303604436292434912e+02
1.289658480954492203e+00 1.085001819993434857e+01 2.891642894269034514e+02
1.315470291349604581e+00 1.082634534425158890e+01 2.532640667264498688e+02
1.341461365915726400e+00 1.080214785901000418e+01 2.219212034259714414e+02
1.367599926737668836e+00 1.077992624828511659e+01 1.946528520799399189e+02
1.393842625245480749e+00 1.075633324939654223e+01 1.708302354164305541e+02
1.420156688492930197e+00 1.073394944533767692e+01 1.500269275634226744e+02
1.446497445117173486e+00 1.071152861468734052e+01 1.319369960633311791e+02
1.472831091474697818e+00 1.068968450363162681e+01 1.160490142987028150e+02
1.499115439569304042e+00 1.066723119738980330e+01 1.022142932520945635e+02
1.525307622367529703e+00 1.064466237384641367e+01 9.014650383160201841e+01
1.551373219833097172e+00 1.062188532937821428e+01 7.944069894565359391e+01
1.577273737828490230e+00 1.059998850883996901e+01 7.022897058479426846e+01
1.602714342967751060e+00 1.057780292868480387e+01 6.215851522830904941e+01
1.626718413384387718e+00 1.055476385629083147e+01 5.539897639716283351e+01
1.649196672120636364e+00 1.053116567566393513e+01 4.956913261250380032e+01
1.670183838137973886e+00 1.050682255893129025e+01 4.460363722852103763e+01
1.689761923977221025e+00 1.048039182630831512e+01 4.033168736419104761e+01
1.707979006514234621e+00 1.045247911560567822e+01 3.654083395383720756e+01
1.724904825253130047e+00 1.042282196113840342e+01 3.325514390570143064e+01
1.740618685556838408e+00 1.039261122602290044e+01 3.032361209618245468e+01
1.755136347238477557e+00 1.036009590234173317e+01 2.779971429551190099e+01
1.768544629589898554e+00 1.032595706463442120e+01 2.552668115099260504e+01
1.780887973001065827e+00 1.029014686746078233e+01 2.348478384370170247e+01
1.792210388499106299e+00 1.025368228342421695e+01 2.167417978041540749e+01
1.802561674283913229e+00 1.021576928945359697e+01 1.996522634365099336e+01
1.811960709484933485e+00 1.017586449460019615e+01 1.855828057509818763e+01
1.820469010750020544e+00 1.013496604943983748e+01 1.717397858993182069e+01
1.828136688068293658e+00 1.009329641281897771e+01 1.600639350594149590e+01
1.834959810331982633e+00 1.005039038795985817e+01 1.487085970909330968e+01
1.841098224914980319e+00 1.000635787175358082e+01 1.390409488620459477e+01
1.846257575624980829e+00 9.961173496003224770e+00 1.299565359580386747e+01
