2.191799393465098389e-01 1.550982308316407554e+01 3.683535669800713658e+06
2.260653375410836829e-01 1.524823974785933522e+01 3.167560902297981083e+06
2.331754975755484793e-01 1.499510460857476168e+01 2.727185106549421325e+06
2.405680929547334423e-01 1.478098821948651143e+01 2.349287222971753217e+06
2.481870942675712399e-01 1.454329948421926133e+01 2.022900606942509301e+06
2.560875500038379826e-01 1.436066814872971342e+01 1.742351200414506486e+06
2.642600288129666741e-01 1.417458597921577379e+01 1.500341920945633901e+06
2.727086668452585738e-01 1.400914766570462966e+01 1.292640653951169224e+06
2.814408161184910884e-01 1.384709070049366808e+01 1.114966349607299315e+06
2.904625327571176419e-01 1.369872964582007313e+01 9.589895712354329880e+05
2.997679230628909064e-01 1.357178272609993996e+01 8.252647505772705190e+05
3.093683083635591080e-01 1.342648250281184197e+01 7.113139218683744548e+05
3.192686530232318187e-01 1.330806286670767236e+01 6.131718041495919460e+05
3.294821119443892554e-01 1.319705869103226270e+01 5.293878864700187696e+05
3.399969232788644380e-01 1.309064561986733466e+01 4.562371437035663403e+05
3.508293929359431740e-01 1.299860753185799744e+01 3.932182564047079650e+05
3.619807299898913922e-01 1.290191014970755035e+01 3.406626264900586102e+05
3.734455373520770283e-01 1.281439267379825786e+01 2.933443546856109169e+05
3.852450414983341065e-01 1.273568158244988169e+01 2.534345375208224868e+05
3.973780763789053205e-01 1.266268234061576692e+01 2.186103819516911171e+05
4.098212458751620546e-01 1.259104679375835723e+01 1.890584792620699736e+05
4.225853339801839970e-01 1.252682905915213674e+01 1.632936295160588634e+05
4.357216604325839793e-01 1.246528654635573119e+01 1.413488522110985941e+05
4.491651006215049979e-01 1.240784913384692345e+01 1.224046639713787299e+05
4.629487292349403482e-01 1.235378065629549305e+01 1.058253147607595747e+05
4.770555879806372412e-01 1.230468321427377276e+01 9.171485177805843705e+04
4.914967963936587303e-01 1.226068651687547906e+01 7.933226766842891811e+04
5.062664044794489282e-01 1.221420277534277687e+01 6.830648752858443186e+04
5.213749709559762913e-01 1.217535550648350728e+01 5.950662573660455382e+04
5.368162694407174751e-01 1.213793483747958746e+01 5.172119721072725952e+04
5.525884216550677186e-01 1.210181398235003059e+01 4.494611967313552304e+04
5.686919344088827710e-01 1.206711123845447453e+01 3.901659042695022072e+04
5.850524883980638968e-01 1.203493686815283326e+01 3.386916328054681071e+04
6.009686577483536185e-01 1.200584045044791104e+01 2.948636632525506502e+04
6.164093747077930008e-01 1.197805943870823242e+01 2.611314375403360464e+04
6.315846197302664722e-01 1.194978149647432986e+01 2.304201156621988775e+04
6.466028859623784708e-01 1.192371515078962574e+01 2.039050718488329221e+04
6.616209520130043042e-01 1.189439341109150838e+01 1.797251805724309088e+04
6.767357418454307272e-01 1.186801116912601906e+01 1.603625733735473659e+04
6.920020294228546032e-01 1.183876239017490661e+01 1.418097914725146802e+04
7.075018369783372396e-01 1.180880383447281723e+01 1.259825944482918203e+04
7.232967418869625797e-01 1.178260355779810986e+01 1.115057652231613611e+04
7.394317699414217904e-01 1.175378511348273847e+01 9.874916853358985463e+03
7.559490046190019408e-01 1.172618849641926353e+01 8.648161429478157515e+03
7.728878286600189274e-01 1.169787397675283813e+01 7.702117475486364128e+03
7.902873925024237467e-01 1.166901463399865690e+01 6.792428045737909997e+03
8.081580999748210203e-01 1.164301517473386305e+01 5.973637738740540954e+03
8.265522662867315073e-01 1.161650830543804780e+01 5.274585396158855474e+03
8.454665521574803444e-01 1.159021566352325827e+01 4.627811749829560540e+03
8.649282831719962150e-01 1.156238740054484637e+01 4.064657469465161284e+03
8.849627086823181887e-01 1.153935792191382959e+01 3.563476807495809680e+03
9.055734488195106291e-01 1.151385563899330045e+01 3.119069162519638667e+03
9.267634935562374388e-01 1.149232713842600440e+01 2.732622149257367255e+03
9.485390255626993117e-01 1.147020022900224134e+01 2.388857769793357420e+03
9.709101030688138678e-01 1.145390946693232515e+01 2.087934426209209505e+03
9.938711925876347886e-01 1.143211090233479155e+01 1.822466792985706434e+03
1.017419726790671275e+00 1.140913057428578448e+01 1.591124940472731396e+03
1.041555566974826652e+00 1.138983587066994296e+01 1.386523707545000661e+03
1.066254974833687363e+00 1.137073763410911553e+01 1.209662460617877059e+03
1.091512538378414332e+00 1.135447443284625990e+01 1.053509668141161228e+03
1.117323943301145484e+00 1.133723556866777393e+01 9.184289614805215933e+02
1.143649740392718162e+00 1.132628643066380292e+01 7.954391838845110669e+02
1.170498084768657243e+00 1.130763144189330305e+01 6.963291382786113672e+02
1.197819766459134794e+00 1.129394439706276287e+01 6.068655828740683091e+02
1.225602782508714572e+00 1.128151078236726157e+01 5.286607924595122086e+02
1.253824897977555031e+00 1.127210495929564971e+01 4.607403944361341814e+02
1.282407634411611763e+00 1.125687327548368089e+01 4.017081769237972821e+02
1.310835351327056308e+00 1.124784216575320706e+01 3.507268683453116296e+02
1.338888238992653079e+00 1.123204626982013110e+01 3.076741922463012884e+02
1.366571518281735287e+00 1.122170218903495176e+01 2.693778242371712395e+02
1.393866893908912941e+00 1.120889773501999365e+01 2.387309895078016382e+02
1.420782814362103519e+00 1.119512358402148955e+01 2.103646723015977216e+02
1.447304033973309867e+00 1.118209480672708622e+01 1.864660742036079455e+02
1.473416202222475713e+00 1.116751852677568202e+01 1.645482604584479134e+02
1.499144228264692957e+00 1.115484256057471057e+01 1.464515593846112722e+02
1.524501753233715284e+00 1.113521070983995642e+01 1.303683731459403816e+02
1.549386719514434851e+00 1.111767270670458174e+01 1.164652840637866262e+02
1.573878415396040120e+00 1.109957623674823601e+01 1.039482405965388239e+02
1.597966159345244330e+00 1.108070540193078202e+01 9.284218818138675999e+01
1.621561525105995161e+00 1.106001322752032223e+01 8.313511928355576686e+01
1.644729686581238193e+00 1.103922810493997808e+01 7.449799813589073949e+01
1.667442647911890896e+00 1.101644914727548752e+01 6.665144729526946321e+01
1.689827960526570694e+00 1.099356597108772782e+01 5.976445736583801249e+01
1.711399088127869117e+00 1.096908270269074848e+01 5.401459073876811345e+01
1.732634270427259926e+00 1.094416936393666973e+01 4.864583199139863012e+01
1.753387042550177854e+00 1.091815201837200533e+01 4.371690302564698527e+01
1.773584331023633220e+00 1.089160512133431524e+01 3.952673008692554646e+01
1.793268739049715066e+00 1.086421333672838685e+01 3.581877638703892330e+01
1.812402465118457373e+00 1.083497079343057123e+01 3.229506230876548756e+01
1.831104219591977333e+00 1.080582263890973671e+01 2.938971009106396082e+01
1.849007588905454025e+00 1.077539991626240656e+01 2.668363112262231951e+01
1.866435759525050253e+00 1.074396870968170248e+01 2.422207325993930027e+01
1.883413059244111620e+00 1.071277045211790657e+01 2.205203190932782675e+01
1.899682478825953869e+00 1.067945145250103955e+01 2.007521151818744087e+01
1.915239071616114064e+00 1.064532809335682728e+01 1.832120171738009873e+01
1.930300255163366563e+00 1.061193569867698372e+01 1.673876659079497387e+01
1.944875592455627134e+00 1.057650877431006009e+01 1.529449690307166421e+01
1.958607049616503559e+00 1.054095620447210457e+01 1.401210650757776932e+01
1.971822674495748329e+00 1.050414311596334827e+01 1.281011307832881840e+01
1.984541555708673854e+00 1.046756560548849180e+01 1.178658016939930597e+01
