2.191799393465098389e-01 1.550982308316407554e+01 3.683535669800713658e+06
2.262396724668618020e-01 1.524433957889140601e+01 3.161760602493480314e+06
2.335461619744154116e-01 1.499018213631286045e+01 2.713268556799163576e+06
2.411446876249950244e-01 1.475003790868154319e+01 2.320389913137072232e+06
2.489886426293667909e-01 1.456939626494737006e+01 1.987920366522303782e+06
2.571248724559946908e-01 1.434090652908301244e+01 1.710582673775989795e+06
2.655466112680636703e-01 1.415552685956045487e+01 1.465731692296214867e+06
2.742619589623282450e-01 1.398061900852951389e+01 1.258404794122037711e+06
2.832755014301832630e-01 1.381749858990330715e+01 1.079876022628117818e+06
2.926002222286520627e-01 1.366703404620138329e+01 9.263148440779582597e+05
3.022066989887813859e-01 1.352767776668841115e+01 7.954186046510002343e+05
3.121404719463590771e-01 1.339669351548220000e+01 6.821685024903345620e+05
3.223900684973564634e-01 1.328002561291843442e+01 5.866452534310047049e+05
3.329678927193098215e-01 1.316080676291869267e+01 5.038799054103695671e+05
3.438649212666894384e-01 1.305924842984345524e+01 4.328616026298796642e+05
3.551044069688571447e-01 1.295788590013270003e+01 3.719484911043734173e+05
3.666616757160531814e-01 1.286668730509942549e+01 3.203903705177522497e+05
3.785694270360859814e-01 1.278058744795632506e+01 2.748375835922725964e+05
3.908184350500584214e-01 1.269845998832240852e+01 2.350199580525241036e+05
4.034127780206286928e-01 1.262725721994690176e+01 2.035964672243341338e+05
4.163593157433216896e-01 1.255819798491211081e+01 1.736700647061373165e+05
4.296392305388307409e-01 1.249501377648653389e+01 1.509022875523472321e+05
4.432808507635380146e-01 1.243149460814643348e+01 1.292403321198499034e+05
4.572723980044488545e-01 1.238040586391520748e+01 1.120831907265167392e+05
4.716352470590963186e-01 1.232589420841248717e+01 9.575197622960283479e+04
4.863297076271936858e-01 1.227414780817416329e+01 8.359301890784509305e+04
5.013447531847212701e-01 1.222894611674295895e+01 7.231527185289577756e+04
5.167340652052501149e-01 1.218713590266471236e+01 6.219444307620585460e+04
5.324736844093727051e-01 1.214558721995792467e+01 5.380277713550228509e+04
5.485616565337140260e-01 1.210895943457860113e+01 4.655352094756598672e+04
5.649976329066523917e-01 1.207363381060797458e+01 4.029532153392976761e+04
5.817265803971601867e-01 1.204173551477953374e+01 3.487892199146965140e+04
5.984655791852804274e-01 1.201128731622162427e+01 3.030962035718894185e+04
6.150656820761284393e-01 1.198183917691079259e+01 2.641368178469580016e+04
6.316968174394367308e-01 1.195282300257146346e+01 2.310717246056450676e+04
6.484564727350995428e-01 1.192765908501870875e+01 2.018018428887469054e+04
6.655095314405597984e-01 1.190031053868030142e+01 1.765171491400275409e+04
6.828899300815701734e-01 1.187431601518943580e+01 1.544910382945060155e+04
7.006978811488063785e-01 1.184877539782591427e+01 1.349564692735128301e+04
7.189970301364001504e-01 1.182398949355287776e+01 1.171536225913069393e+04
7.378285925099697939e-01 1.179766637923774653e+01 1.029397831585378844e+04
7.572435097886766053e-01 1.177274733214086488e+01 8.999813637497853051e+03
7.772746118212219280e-01 1.175465957741834266e+01 7.803596466498577684e+03
7.979730791564567660e-01 1.173323938440841552e+01 6.775618345761766250e+03
8.193603003066535218e-01 1.171154908143495099e+01 5.879544752346321729e+03
8.414973770506922746e-01 1.169515461691791103e+01 5.096755381556811699e+03
8.642888761683199528e-01 1.167861147069080907e+01 4.411770482375276515e+03
8.878809181602547174e-01 1.166578119929660140e+01 3.816756453008069002e+03
9.122447210452387933e-01 1.164485480483164004e+01 3.275070842140395598e+03
9.373778375374967053e-01 1.163695226860940934e+01 2.847888071330906769e+03
9.632934710225266040e-01 1.162035134808994385e+01 2.452589609196415950e+03
9.899791019439598827e-01 1.161228846101457535e+01 2.116791873530341945e+03
1.017459596898513841e+00 1.160231506579610006e+01 1.824307918757737752e+03
1.045711187213283377e+00 1.159708400135667361e+01 1.568247167959977332e+03
1.074734549667630823e+00 1.159148263905979270e+01 1.349945683219845932e+03
1.104502873916135330e+00 1.158292873887425856e+01 1.161911203076033644e+03
1.135016935345594113e+00 1.157888851472188740e+01 9.990696023131259835e+02
1.166237385381038605e+00 1.157675449966750669e+01 8.597686025912627201e+02
1.198148207045756752e+00 1.157598941193365860e+01 7.394241178751273083e+02
1.230721374829581993e+00 1.157447820140283667e+01 6.364214100210438119e+02
1.263959703149595271e+00 1.157623261559979255e+01 5.474503622764267448e+02
1.297746785754410936e+00 1.157785641526131926e+01 4.689940309094624240e+02
1.332119418908230823e+00 1.158069535177267895e+01 4.064923771152978134e+02
1.367008279819366123e+00 1.158153872755101155e+01 3.502744915114381570e+02
1.402385121202992524e+00 1.158561752970872227e+01 3.019484299844860971e+02
1.437436078345992074e+00 1.158927494462014529e+01 2.612944339259152571e+02
1.471454059454636143e+00 1.159188659182455083e+01 2.266785085893128837e+02
1.504489178709790265e+00 1.159612855953899668e+01 1.988159893241493137e+02
1.536546167746466462e+00 1.159404707056194539e+01 1.738134154098105455e+02
1.567676159908485412e+00 1.159085696661369624e+01 1.539294286375284457e+02
1.597913445225144224e+00 1.158727742063875255e+01 1.359758990694185741e+02
1.627283069091384426e+00 1.158118621364216239e+01 1.205344127016144853e+02
1.655818155817640136e+00 1.157405924879400416e+01 1.070587365572628897e+02
1.683513947018206558e+00 1.156444628116257967e+01 9.505310034845071243e+01
1.710402232551591073e+00 1.155318315076603319e+01 8.523451432261252592e+01
1.736484999864859713e+00 1.153988104438869122e+01 7.598036449471824483e+01
1.761797574955709766e+00 1.152522734166538676e+01 6.832797586810958990e+01
1.786337853467398151e+00 1.150861271736637903e+01 6.137968847818651597e+01
1.810104638324296689e+00 1.149011528162706064e+01 5.521419762238295448e+01
1.833126781669468075e+00 1.146951550735334990e+01 4.974186193023103897e+01
1.855603800303490702e+00 1.144844773933016313e+01 4.487783713329586988e+01
1.876943186536071062e+00 1.142458563729497989e+01 4.057955769342157737e+01
1.897681996175860863e+00 1.139975103359091335e+01 3.674163276730840977e+01
1.917717761137616828e+00 1.137297342596962935e+01 3.324468362374130948e+01
1.937017044955098299e+00 1.134566154256699377e+01 3.022236413940068900e+01
1.955588143405249113e+00 1.131642955299600928e+01 2.748480176253685414e+01
1.973411917246894465e+00 1.128600599276361649e+01 2.494430905398742837e+01
1.990646826188176899e+00 1.125517302929936747e+01 2.280338436603878449e+01
2.006884743571477170e+00 1.122041344739004387e+01 2.074432295882752086e+01
2.022530263697031483e+00 1.118645632978347493e+01 1.904146740809181537e+01
2.037447235175099181e+00 1.115132283988633510e+01 1.740531488479931710e+01
2.051646772672373054e+00 1.111447070264010506e+01 1.596184505995250547e+01
2.065123565095964508e+00 1.107696983797652202e+01 1.464673929891334758e+01
2.077895413479867504e+00 1.103876043622886094e+01 1.344154947835420266e+01
2.089939329924195732e+00 1.099903743315154792e+01 1.237864944879035001e+01
2.101286394916598965e+00 1.095868948908142571e+01 1.139770952484160382e+01
2.111937533598902128e+00 1.091701572406354082e+01 1.051594625721895149e+01
2.121886596414213511e+00 1.087548239325380095e+01 9.713697182753939785e+00
2.131157730073887091e+00 1.083256240662135994e+01 8.961052903481082410e+00
2.139738017493014066e+00 1.078888043679112485e+01 8.299163637705960994e+00
