2.191799393465098389e-01 1.550982308316407554e+01 3.683535669800713658e+06
2.247706667326027918e-01 1.529654892133902244e+01 3.263273880839093588e+06
2.305034270713698930e-01 1.508555845642914939e+01 2.858280572128276341e+06
2.364177113763934468e-01 1.489145451665853059e+01 2.552747563087590039e+06
2.425083707412720724e-01 1.471453827760763744e+01 2.260537575757866725e+06
2.487580127674321739e-01 1.454947295460454271e+01 1.996812141598508693e+06
2.551896707885166760e-01 1.438231432436409030e+01 1.769829941941176308e+06
2.618013857782377496e-01 1.423690409175444849e+01 1.569597998532927362e+06
2.685958720429763580e-01 1.408571521940830173e+01 1.389535979381599696e+06
2.755760583945060516e-01 1.395912225475129276e+01 1.230181313823581906e+06
2.827459117676963118e-01 1.382736543081697356e+01 1.089342641952401726e+06
2.901077585531816605e-01 1.370270411483056527e+01 9.648942659248757409e+05
2.976534037543523969e-01 1.359489033833396654e+01 8.527538916838924633e+05
3.054001912980027211e-01 1.348464209122774271e+01 7.569530496349171735e+05
3.133502970032777668e-01 1.338586113950618284e+01 6.698894066364862956e+05
3.214926077958837891e-01 1.328637257618435186e+01 5.937398365876969183e+05
3.298408219309579836e-01 1.319683684423651648e+01 5.275988758567235200e+05
3.383910449316595015e-01 1.310905398320042181e+01 4.661454958596946090e+05
3.471528398007698302e-01 1.302505401929655804e+01 4.136474001585480873e+05
3.561344295442732677e-01 1.295020879227726418e+01 3.674435248470205697e+05
3.653136013236822910e-01 1.287449161237039874e+01 3.254498722297655186e+05
3.747031495568559079e-01 1.280661355640859966e+01 2.892204215247924440e+05
3.843236214374310400e-01 1.274013290705585177e+01 2.562815109951724298e+05
3.941480331486889588e-01 1.267964220718838320e+01 2.272573836707890150e+05
4.041929479164180217e-01 1.262217664845509546e+01 1.995037895507326757e+05
4.144535443742476954e-01 1.256691330710171783e+01 1.792789963964600174e+05
4.249625634848221978e-01 1.251390944318419862e+01 1.591043059188640327e+05
4.356690469874764382e-01 1.246435496876491911e+01 1.414216762995701865e+05
4.465849191041715849e-01 1.241781554185461900e+01 1.256337565329301433e+05
4.577300183057918526e-01 1.236774608000938791e+01 1.116685010862058407e+05
4.691116074436035843e-01 1.233365413963055346e+01 9.928488544382390683e+04
4.807036330880541941e-01 1.229275609373305223e+01 8.854436865797160135e+04
4.925087141498040166e-01 1.225669589199035237e+01 7.861412451789503393e+04
5.045333152124705789e-01 1.222059862942846742e+01 6.995311699530726764e+04
5.167859268736304523e-01 1.218731844086043559e+01 6.228937075448834366e+04
5.292593806520302646e-01 1.215311514788040625e+01 5.547753044402889645e+04
5.419520930946221116e-01 1.212575643322700358e+01 4.932275186264023796e+04
5.548641575048137708e-01 1.209590655899138945e+01 4.403867967895991023e+04
5.679969254989055694e-01 1.206900660902776323e+01 3.923517512952565448e+04
5.812950361721400672e-01 1.204332977997580656e+01 3.503023591488850798e+04
5.948041394108802837e-01 1.201762856080116570e+01 3.122315548827774546e+04
6.085092162287977224e-01 1.199499552510662248e+01 2.787986841259722132e+04
6.224917246810712790e-01 1.197311382383080947e+01 2.489610719002137921e+04
6.367464095133311686e-01 1.195160457193166614e+01 2.222657623232461629e+04
6.513896886944547937e-01 1.192835126885300134e+01 1.985749190313986765e+04
6.663931395818954995e-01 1.191046856089256600e+01 1.768593879281864065e+04
6.818492556521467129e-01 1.189271915463756457e+01 1.563582688061107547e+04
6.977715920079172740e-01 1.187368923865441239e+01 1.388236911494261403e+04
7.142008841891488435e-01 1.185593348428234961e+01 1.245749842988196360e+04
7.311084595529483421e-01 1.184224549504711810e+01 1.106721266435614598e+04
7.485712840588617523e-01 1.182949127837033743e+01 9.814790281975152539e+03
7.665939173749617419e-01 1.181958456294169402e+01 8.692019966588663010e+03
7.851851723053707710e-01 1.180381448681342782e+01 7.694273180436303846e+03
8.043525141833302028e-01 1.179581734841014473e+01 6.812495404149053684e+03
8.241611733172697907e-01 1.178869256046236913e+01 6.018861571363254370e+03
8.445322735904889910e-01 1.178010464567009841e+01 5.315597380687427176e+03
8.655565715400589388e-01 1.177578749260216640e+01 4.689681785723718349e+03
8.872189126969196593e-01 1.177183860115644620e+01 4.131640368349099845e+03
9.094968612969990263e-01 1.176896564392905375e+01 3.620563650330226665e+03
9.324268785733383913e-01 1.176755557692478149e+01 3.210401477800663997e+03
9.560076651394605607e-01 1.176746215385187000e+01 2.814351380310517015e+03
9.801765681057039714e-01 1.176725982646794755e+01 2.486215125138614894e+03
1.004470457385935100e+00 1.177419032638035823e+01 2.193960062965400539e+03
1.028869508892314100e+00 1.177500369222817511e+01 1.938383561639142272e+03
1.053369430296395626e+00 1.177928996239432635e+01 1.717787889158012149e+03
1.077991698022831901e+00 1.178299297089745146e+01 1.521072629053931905e+03
1.102705571606007684e+00 1.178711025958751613e+01 1.350684427141463857e+03
1.127545977700911584e+00 1.179259580265326157e+01 1.200068094397040340e+03
1.152536706141365164e+00 1.179638411505136197e+01 1.068102312099008032e+03
1.177654819578221046e+00 1.180082588375726438e+01 9.505490205605950678e+02
1.202903460408154768e+00 1.180474564848086594e+01 8.485758320001581296e+02
1.228278753822529934e+00 1.180923058770792444e+01 7.561170959391029101e+02
1.253790788536441214e+00 1.181417465995387595e+01 6.743948172204620732e+02
1.279450015926574702e+00 1.181804005278935676e+01 6.026687547392275519e+02
1.305171274056105446e+00 1.182027427660611885e+01 5.383970336111898405e+02
1.331043853165402302e+00 1.182410207477601638e+01 4.824469090022213322e+02
1.357011473352714548e+00 1.182608547520927367e+01 4.315788894194938621e+02
1.383107821207145260e+00 1.183078408378656654e+01 3.866870323103573241e+02
1.409231053760710006e+00 1.183456271854295316e+01 3.467788008996569147e+02
1.435477916245446073e+00 1.183519764801725849e+01 3.107120536638429371e+02
1.461746929158721287e+00 1.183685547788170389e+01 2.789833676147378583e+02
1.488093058677419922e+00 1.184018919164571848e+01 2.505462138166910790e+02
1.514667226969953262e+00 1.184128411751862764e+01 2.248638312837069577e+02
1.540854486060777351e+00 1.184117775657801985e+01 2.025128687171877857e+02
1.567229624644752572e+00 1.184065920635323543e+01 1.821754717161996950e+02
1.593609037656121830e+00 1.184124623667999643e+01 1.641563384493715319e+02
1.619964591006106680e+00 1.184099834794566419e+01 1.469739198864040475e+02
1.646388322338513843e+00 1.184054461265830760e+01 1.330350077567826474e+02
1.672473883618849744e+00 1.183856252015405097e+01 1.202628481839681882e+02
1.698615440158223189e+00 1.183633216281634581e+01 1.086234350759803249e+02
1.724652568521588769e+00 1.183382171672953298e+01 9.803613661886414832e+01
1.750696132573779984e+00 1.183265047367921596e+01 8.853903107672775263e+01
1.776460778538257346e+00 1.182819124524329624e+01 8.012815857372338257e+01
1.801966849543980898e+00 1.182348637794413548e+01 7.261956770595064370e+01
1.827366010220978332e+00 1.181880619926747578e+01 6.545247117831618766e+01
1.852586290537625135e+00 1.181392198873264476e+01 5.966227955075316203e+01
1.877580651647100307e+00 1.180798931022274090e+01 5.411675519190287531e+01
1.902439016044128683e+00 1.180173420305185061e+01 4.918472998209264802e+01
1.926830725773678754e+00 1.179439232929833281e+01 4.468881833126166470e+01
1.951038977556796450e+00 1.178671135262979242e+01 4.065284538028230799e+01
