2.191799393465098389e-01 1.550982308316407554e+01 3.683535669800713658e+06
2.260783629631437641e-01 1.525653111210504420e+01 3.172966730278369039e+06
2.332047908161699323e-01 1.500850425868462423e+01 2.735750613128044177e+06
2.406121721757937260e-01 1.477031550280271333e+01 2.348136397105687764e+06
2.482486022025061911e-01 1.456585817855257048e+01 2.022965265411810484e+06
2.561665687899541965e-01 1.436070303548286020e+01 1.742001737808365840e+06
2.643569738680715542e-01 1.417619786647723501e+01 1.495713973224102519e+06
2.728269866814129752e-01 1.400470291753481966e+01 1.287701871634245850e+06
2.815795516678804011e-01 1.384507798170989368e+01 1.109435030467740027e+06
2.906236336063432457e-01 1.369645131798509219e+01 9.559228373104103375e+05
2.999529148377438892e-01 1.355775245956768060e+01 8.226735368385374313e+05
3.095782243511921439e-01 1.342390326819710111e+01 7.103763933682945790e+05
3.195048039412054508e-01 1.330656174169766537e+01 6.122772057210814673e+05
3.297456430981233200e-01 1.319452680663675714e+01 5.279096670418485301e+05
3.402968173018568465e-01 1.308857234638273859e+01 4.502623954057797091e+05
3.511552661291479360e-01 1.298963688436501940e+01 3.926138816512834746e+05
3.623310411878264414e-01 1.290376429205566922e+01 3.380414224168552319e+05
3.738322996443292912e-01 1.281315727407053195e+01 2.916103117644182639e+05
3.856648887385165092e-01 1.273152572610876199e+01 2.519465232386725256e+05
3.978443982262835354e-01 1.266194662152176598e+01 2.171908121254545986e+05
4.103195693023188317e-01 1.258986254995225451e+01 1.874818322878166218e+05
4.231193638222117692e-01 1.252198268737050135e+01 1.622797734126691648e+05
4.362816319776918750e-01 1.246100274110190576e+01 1.405589551261024608e+05
4.497763386238374239e-01 1.240548316583946864e+01 1.213916120192794187e+05
4.636022088165371313e-01 1.235432936804735604e+01 1.049071883296723245e+05
4.777538938208194530e-01 1.230250523442552257e+01 9.103728424294045544e+04
4.922388747424625843e-01 1.225632683063915529e+01 7.881196165141140227e+04
5.070539925395726177e-01 1.221204166331183139e+01 6.842640086100510962e+04
5.222108718796715232e-01 1.217297884855743639e+01 5.927744075045656791e+04
5.377011776369757801e-01 1.213422081047771606e+01 5.132596100515391299e+04
5.535223415913402834e-01 1.209928141082424524e+01 4.458478481463691423e+04
5.696781793599705601e-01 1.206379935476090637e+01 3.868216630148822878e+04
5.860985902249428170e-01 1.203461097738760976e+01 3.358202023629988253e+04
6.028793148626967469e-01 1.200369802177181100e+01 2.925866187351043845e+04
6.200250840029988275e-01 1.197704765412180450e+01 2.541663097189316977e+04
6.376911329867842593e-01 1.194962733366008223e+01 2.207883505337930183e+04
6.559637683300659772e-01 1.192423351542475984e+01 1.915909987465378799e+04
6.748363013875622318e-01 1.190106716164548395e+01 1.662882681192897508e+04
6.944681443347846539e-01 1.187802187618894223e+01 1.437341984834598952e+04
7.147769595265581755e-01 1.185947730142512135e+01 1.242977721409015430e+04
7.347073545391448191e-01 1.184273266174443151e+01 1.081347724694519275e+04
7.539763269443001681e-01 1.182507736472347304e+01 9.472988133786817343e+03
7.727269799241242021e-01 1.180811417040558453e+01 8.318239529405607755e+03
7.910835084164626885e-01 1.178974749533503186e+01 7.344828038094178737e+03
8.091662583773779893e-01 1.176978396626891765e+01 6.501015644257982785e+03
8.270117549222431030e-01 1.175296178786700985e+01 5.765069837178007219e+03
8.446949169808307678e-01 1.173333125991532988e+01 5.127204113741300716e+03
8.623085151959432038e-01 1.171255790385739104e+01 4.565510511072957343e+03
8.798747922587520920e-01 1.169472415798890630e+01 4.061775737561423284e+03
8.974478636183054192e-01 1.166954093501303902e+01 3.620253061168129079e+03
9.150562805236317487e-01 1.164548624577471081e+01 3.226577268840245779e+03
9.327355925645475221e-01 1.162065373924038703e+01 2.877999319975862363e+03
9.505265246017939873e-01 1.159697689212536886e+01 2.573090429472807500e+03
9.684164164920512352e-01 1.157157561956954162e+01 2.289302822358618869e+03
9.864573352560855879e-01 1.154577557450041070e+01 2.041335972794597865e+03
1.004661752060299174e+00 1.152414949498526298e+01 1.820043765476338422e+03
1.023025901262427206e+00 1.149243767306324671e+01 1.622538600211122684e+03
1.041570707931320783e+00 1.146474773364631261e+01 1.446955718641667772e+03
1.060303886760742831e+00 1.143842452260749454e+01 1.289717036931640905e+03
1.079226446802735495e+00 1.141028376924205645e+01 1.148408683110541006e+03
1.098345764898787325e+00 1.137958769989872998e+01 1.016902332328937518e+03
1.117651158860762051e+00 1.135678384679588859e+01 9.110757041138311934e+02
1.137148417078035711e+00 1.132720705826203478e+01 8.110211086860658725e+02
1.156823212486946417e+00 1.129362723800544721e+01 7.221767941307440424e+02
1.176683705840235961e+00 1.126406870959641537e+01 6.427915929905472012e+02
1.196706075231820599e+00 1.123731240529949815e+01 5.722580057192554932e+02
1.216885979832316611e+00 1.120509008898075365e+01 5.094730994291435309e+02
1.237210726783882775e+00 1.117467204807988068e+01 4.534460274162847213e+02
1.257666788465129359e+00 1.114733055081065771e+01 4.039823822458815243e+02
1.278234320164735260e+00 1.111665582464272184e+01 3.593399110358461144e+02
1.298899948770072310e+00 1.108528265052969353e+01 3.200603357766801196e+02
1.319641394983440907e+00 1.105275701609411776e+01 2.850663413404588482e+02
1.340443892519559865e+00 1.102164160952993477e+01 2.540138857584531138e+02
1.361289934350362385e+00 1.098919793770515874e+01 2.263702600983879734e+02
1.382144606891469563e+00 1.095879556479826888e+01 2.016391356441787082e+02
1.402992663485626457e+00 1.092636752765357677e+01 1.793853654872344521e+02
1.423803430433948414e+00 1.089451517198604513e+01 1.602037312994732474e+02
1.444560917445070425e+00 1.086153299075881939e+01 1.434129440757172631e+02
1.465239123634151319e+00 1.082959762791687020e+01 1.280550373928453496e+02
1.485880540065150690e+00 1.079839549972327717e+01 1.139014047056804770e+02
1.506257886493801657e+00 1.076357115435903644e+01 1.024790025605277890e+02
1.526539517787279365e+00 1.073063951205978128e+01 9.166499831334260762e+01
1.546640049606430978e+00 1.069798725504033143e+01 8.216817197701647046e+01
1.566533061422064055e+00 1.066434838293998411e+01 7.363595795220119555e+01
1.586191573393165299e+00 1.063044516332807277e+01 6.605643596919136940e+01
1.605673306271591549e+00 1.059685118094508383e+01 5.895270224587185481e+01
1.624694702142015057e+00 1.056166396868567858e+01 5.337748637210145830e+01
1.643508725131185955e+00 1.052720822719205707e+01 4.801904665246943438e+01
1.661988557319837856e+00 1.049174692651818930e+01 4.322118501529313761e+01
1.680111764007633957e+00 1.045719341957489412e+01 3.897852788796295442e+01
1.697860288914194715e+00 1.042046506280845719e+01 3.507324519137615226e+01
1.715210265395852973e+00 1.038515027500585752e+01 3.170044395845392060e+01
1.732144351442081343e+00 1.034798116768707921e+01 2.876907334158522644e+01
1.748643677606668057e+00 1.031134664166112103e+01 2.596657265407863946e+01
1.764714868315271579e+00 1.027473648278012419e+01 2.356171353866422180e+01
1.780301968389357947e+00 1.023759199399865771e+01 2.132606223617298369e+01
1.795356359966338911e+00 1.020007495648017581e+01 1.949515584571638627e+01
1.809947480831521016e+00 1.016178892392076882e+01 1.775500840419520543e+01
1.824029070746109982e+00 1.012311966994455403e+01 1.614294410354560583e+01
1.837587075876348175e+00 1.008486464063191868e+01 1.472029273229910906e+01
