2.191799393465098389e-01 1.550982308316407554e+01 3.683535669800713658e+06
2.254835232536727685e-01 1.527477005636196061e+01 3.211735999565152451e+06
2.319985744943069694e-01 1.505179401701221842e+01 2.811071956990989856e+06
2.387282102276192253e-01 1.482588839125654800e+01 2.436834047475914471e+06
2.456821190528700183e-01 1.462255027426364329e+01 2.123195297899931204e+06
2.528496607340899871e-01 1.443771544479611890e+01 1.847609814043900231e+06
2.602468610297752893e-01 1.427432771618354934e+01 1.615231189532386139e+06
2.678754303258416014e-01 1.410441710043641805e+01 1.405135317216828698e+06
2.757398742712453554e-01 1.394987929281185579e+01 1.225083111685982207e+06
2.838453145104012920e-01 1.380294512546130292e+01 1.067831206178602763e+06
2.921991595487757332e-01 1.367244427225671188e+01 9.320964057875467697e+05
3.007882704495210557e-01 1.354337452801157760e+01 8.137179712050028611e+05
3.096231387001834867e-01 1.342334865077375916e+01 7.093877486469919095e+05
3.187220542842834625e-01 1.331525683263489412e+01 6.188192936982086394e+05
3.280806206040026707e-01 1.321309087606687704e+01 5.360807643221635371e+05
3.376850392339613149e-01 1.311132950397562702e+01 4.714248480334436172e+05
3.475667075554182417e-01 1.302072336349209181e+01 4.071753237390064751e+05
3.577076684486906188e-01 1.293661069196615188e+01 3.594079666916653514e+05
3.681243235117614421e-01 1.285294811227417178e+01 3.135408286999639240e+05
3.788377192395486759e-01 1.277715359456469990e+01 2.744356952920664917e+05
3.897722635921702650e-01 1.270543821337557056e+01 2.396285350114194152e+05
4.010174546741895329e-01 1.264009426928135582e+01 2.091348320192414103e+05
4.125256993809408579e-01 1.257288377715335415e+01 1.829587584410059208e+05
4.243510323713599597e-01 1.251990891367192660e+01 1.600544702805042325e+05
4.364064713238082205e-01 1.246230517172161179e+01 1.402506904289100494e+05
4.487742899781898553e-01 1.241058727795949856e+01 1.227387438197026204e+05
4.614257297150400339e-01 1.236058305480082709e+01 1.062775401204689842e+05
4.743349026017394943e-01 1.231417942572405799e+01 9.411276886582824227e+04
4.875456741043569520e-01 1.227005415569412072e+01 8.245543103983941546e+04
5.010079877149782313e-01 1.222927458271548673e+01 7.230088003705130541e+04
5.147729748260985172e-01 1.219099300580333356e+01 6.274572516616944631e+04
5.288144182650954539e-01 1.215506375529296257e+01 5.569376715459109255e+04
5.431375113187948411e-01 1.212221587109201337e+01 4.888035221196922066e+04
5.577397263759611423e-01 1.209268434006010651e+01 4.290450868848982645e+04
5.725899284570188374e-01 1.205986384144213730e+01 3.769182040342489199e+04
5.876295045639843284e-01 1.202953231232022802e+01 3.320315349259974755e+04
6.023316524617184919e-01 1.200544618617593962e+01 2.931302109067293350e+04
6.167337050211584293e-01 1.197883026235488835e+01 2.604149019156047143e+04
6.309835434059390957e-01 1.195360523757355331e+01 2.318872629841890739e+04
6.452000267694913971e-01 1.192813242471591195e+01 2.067321172797867985e+04
6.594567014292380680e-01 1.190137290157641914e+01 1.844671505711341160e+04
6.738443233287233491e-01 1.187704072631698260e+01 1.646653475467236422e+04
6.884207719093603517e-01 1.185255431657867398e+01 1.468690266386365511e+04
7.032217427866632731e-01 1.182697973610062725e+01 1.310700753130403427e+04
7.183370396423781612e-01 1.180326071588272896e+01 1.167721646319566389e+04
7.337647901956050323e-01 1.177935301611267960e+01 1.040881978319573136e+04
7.494727377571838156e-01 1.175467580821190516e+01 9.259546952916749433e+03
7.656206084936580947e-01 1.173001091178167954e+01 8.178258380399298403e+03
7.821861028303603858e-01 1.170730954828056802e+01 7.320744136153073669e+03
7.991833946773148067e-01 1.168511949788983095e+01 6.499975510769940229e+03
8.166516184982995918e-01 1.166121713053101061e+01 5.768999465627747668e+03
8.345907663408286270e-01 1.164196214357685655e+01 5.101687482482735504e+03
8.530236562958793956e-01 1.161862876250089371e+01 4.519810815658521278e+03
8.719681064869451159e-01 1.159674865618533701e+01 3.996414099019843889e+03
8.914267970037575983e-01 1.157747224390538143e+01 3.529906080602545899e+03
9.114143014302654722e-01 1.155950781053325116e+01 3.117851180347825448e+03
9.319373367407192132e-01 1.154003799472470781e+01 2.747905564348732696e+03
9.529930049275586734e-01 1.152329854948450993e+01 2.424483096593565278e+03
9.745818651590997250e-01 1.150721673414410517e+01 2.133780593227807458e+03
9.967266893472689349e-01 1.149188671930895111e+01 1.876729535439997790e+03
1.019395239673987819e+00 1.147648645268638035e+01 1.653773588431292637e+03
1.042594591987640040e+00 1.146283981202493329e+01 1.454805305202518412e+03
1.066316067175425708e+00 1.144954323571870347e+01 1.278605131022277419e+03
1.090553294371933823e+00 1.143777988480121088e+01 1.123865637653766726e+03
1.115285360037558515e+00 1.142754339279216858e+01 9.870757936140984157e+02
1.140513304431080899e+00 1.141527815479438424e+01 8.669652417320252198e+02
1.166249383758899416e+00 1.140630920114101876e+01 7.612805988783117073e+02
1.192376699527823991e+00 1.139637608395395318e+01 6.702489956935725104e+02
1.218977825432327577e+00 1.138865879052888808e+01 5.846168388985595357e+02
1.245990240176254149e+00 1.137965789963972973e+01 5.174773467295319733e+02
1.273398611731394015e+00 1.137191925418736993e+01 4.548138165432422397e+02
1.301175183832933957e+00 1.136626189420763211e+01 3.996624594936500330e+02
1.329298886226485399e+00 1.135948606532634209e+01 3.515837448490349288e+02
1.357734981326621515e+00 1.135361969615552802e+01 3.095206451258014226e+02
1.386454924454024518e+00 1.134837957710723266e+01 2.726115155382940429e+02
1.415434369042891438e+00 1.134569436703330858e+01 2.399145243695758722e+02
1.444638924462688490e+00 1.133982819877184056e+01 2.116429530924438325e+02
1.474036709154081137e+00 1.133466184484126238e+01 1.867875967332821574e+02
1.503590692701741727e+00 1.132899436027073392e+01 1.648545011728992904e+02
1.533267450366047946e+00 1.132559685800906912e+01 1.456353431762434809e+02
1.563034130013631007e+00 1.131985102372186880e+01 1.287752890515224635e+02
1.592852901803823551e+00 1.131567784330470694e+01 1.140230470774921230e+02
1.622686721360463435e+00 1.131187990825318401e+01 1.010346572921522750e+02
1.652470572360903889e+00 1.130698888498766586e+01 8.948993062560840883e+01
1.681519523489247936e+00 1.130134350890862471e+01 7.963067450834194005e+01
1.709547107612287897e+00 1.129596714181865735e+01 7.110946924173369155e+01
1.736555075285438399e+00 1.128878534987886972e+01 6.372939148193810155e+01
1.762576961993988389e+00 1.128036993720628978e+01 5.729022367192371945e+01
1.787629109841230468e+00 1.127056969878558057e+01 5.164370682341614582e+01
1.811724196040932044e+00 1.125929533588107390e+01 4.669619820435811874e+01
1.834907595045495166e+00 1.124646109762614543e+01 4.229859999127463510e+01
1.857176510935378166e+00 1.123313070956626802e+01 3.839579078107610854e+01
1.878560927619068677e+00 1.121655679594399579e+01 3.495413307743039155e+01
1.899126250499608259e+00 1.119993523441351257e+01 3.188128554487805388e+01
1.918762606698811046e+00 1.118166076571741741e+01 2.910942806036309705e+01
1.937639479090146555e+00 1.116194204326298411e+01 2.654322016866544587e+01
1.955656980501841780e+00 1.114044276066547212e+01 2.443267036061547159e+01
1.972904400927447011e+00 1.111829734750691046e+01 2.244689833967827752e+01
1.989389863313181239e+00 1.109413431324724719e+01 2.061822742916785955e+01
2.005080344579083906e+00 1.106933076634388868e+01 1.899983129615777955e+01
