2.191799393465098389e-01 1.550982308316407554e+01 3.683535669800713658e+06
2.257209076120683666e-01 1.525843256526581193e+01 3.206794353276370559e+06
2.324886516271136017e-01 1.505832013826916693e+01 2.738979764188433997e+06
2.394770614317035806e-01 1.480554731648954991e+01 2.401253194121826440e+06
2.467072310007813185e-01 1.459394748897163829e+01 2.080122551791306119e+06
2.541738694161257972e-01 1.440541009262453542e+01 1.804771444720020983e+06
2.618861813173793962e-01 1.422819938805952944e+01 1.564547060058379779e+06
2.698494172179958239e-01 1.406116268520907475e+01 1.359440869623254752e+06
2.780663252160935350e-01 1.390723709371825478e+01 1.180331066829490708e+06
2.865437733090865358e-01 1.376925885865211541e+01 1.022934359165916103e+06
2.952726272550397768e-01 1.362617821880845703e+01 8.873443959225889994e+05
3.042837289716680549e-01 1.349868729476572682e+01 7.628841052643641597e+05
3.135663789066147622e-01 1.337570099253221123e+01 6.671551797885674750e+05
3.230935671602329085e-01 1.326724053271810710e+01 5.804101083398503251e+05
3.329229883128482226e-01 1.316562633355741063e+01 5.037509914220428909e+05
3.430321062446400338e-01 1.306232812719606606e+01 4.379853924911984941e+05
3.534164018752132264e-01 1.297625163599353293e+01 3.804264551864495152e+05
3.641218486208724903e-01 1.288708562326184648e+01 3.305023560576068121e+05
3.750662661369600914e-01 1.280395380792860749e+01 2.871357037663322408e+05
3.863361072785502226e-01 1.272686712298214573e+01 2.499359537109849043e+05
3.979038275157455451e-01 1.265893200431188070e+01 2.171633330135206343e+05
4.097659255110823184e-01 1.258845232568096861e+01 1.892718210717329348e+05
4.219182567404113349e-01 1.253292971596907002e+01 1.646003338537788659e+05
4.343820719086973758e-01 1.247120178916372346e+01 1.432065597193571448e+05
4.471495543480537571e-01 1.241566794738350943e+01 1.249438914375958848e+05
4.602297396011303943e-01 1.236608473659276619e+01 1.087142235878760112e+05
4.735887140029153564e-01 1.232084902680602667e+01 9.473286100953261484e+04
4.872678601067066961e-01 1.227556877604206420e+01 8.259257613356341608e+04
5.012175362140662838e-01 1.223115417704145358e+01 7.216354425046549295e+04
5.154884144760452092e-01 1.218946580319083495e+01 6.299557973268147907e+04
5.300619283392438152e-01 1.215325223323869253e+01 5.497959460158090224e+04
5.449351439728498114e-01 1.211902685082826991e+01 4.811200867853646196e+04
5.601083589875917035e-01 1.208513388411161316e+01 4.206136950688665820e+04
5.755511956890544401e-01 1.205489974196630598e+01 3.641203236291420762e+04
5.911747406322529486e-01 1.202494441644195788e+01 3.221927587017276164e+04
6.067570507950663661e-01 1.199841388241059370e+01 2.828316705712044859e+04
6.223742102965778011e-01 1.196797360267523480e+01 2.489906061806616344e+04
6.381355836364170919e-01 1.193979346949579856e+01 2.197851123192366140e+04
6.541574605463649217e-01 1.192087445864112105e+01 1.934035185572456976e+04
6.704843631008337024e-01 1.189528517575997846e+01 1.688608772364174729e+04
6.871985391782472474e-01 1.187050536323699568e+01 1.500633463905643112e+04
7.040593931916774295e-01 1.184798044443739684e+01 1.323849566449412669e+04
7.205722930119666803e-01 1.182718513675306760e+01 1.170946744096056318e+04
7.368255551232906209e-01 1.180605431860043808e+01 1.039897192610666752e+04
7.529437399578199352e-01 1.178469601386397692e+01 9.255920116870711354e+03
7.688378256429770907e-01 1.176177404859190290e+01 8.273137838715310863e+03
7.847328505027948431e-01 1.173987096584241918e+01 7.366685721621632183e+03
8.006344146458357347e-01 1.171741860657495415e+01 6.576907713465660891e+03
8.165797642350132168e-01 1.169386670223396685e+01 5.886336451306040544e+03
8.326018932669781991e-01 1.167055505180709929e+01 5.267744393167290582e+03
8.487356063176724197e-01 1.164716445321012905e+01 4.709234154917651722e+03
8.650128381738667604e-01 1.162026113330547794e+01 4.215714182404914936e+03
8.815136131626165605e-01 1.159600988412669764e+01 3.769785283325905766e+03
8.981112343740095261e-01 1.156951520038183823e+01 3.367479378213165546e+03
9.149589172273153714e-01 1.154446139176523012e+01 3.013368231127417403e+03
9.320433842407609415e-01 1.151822219661930724e+01 2.676284773868047523e+03
9.493631861928896187e-01 1.149139644648904657e+01 2.405661716870664350e+03
9.669342559253436553e-01 1.146547999680245944e+01 2.147841210435537505e+03
9.847650435460072460e-01 1.143868965145261285e+01 1.903814798124285517e+03
1.002865947667936908e+00 1.141415056490457935e+01 1.708435161131055793e+03
1.021234676119933349e+00 1.138663223008907011e+01 1.524342324173734369e+03
1.039871151849622866e+00 1.135966751992496704e+01 1.359820265842150548e+03
1.058831437553628518e+00 1.133439503605649179e+01 1.211194649818965217e+03
1.077944351392359890e+00 1.131042219736250587e+01 1.072521999532253403e+03
1.097379975188626400e+00 1.128103828964639099e+01 9.618313009155798454e+02
1.117077559928337349e+00 1.125456659814232019e+01 8.570589057285319541e+02
1.137065354706329856e+00 1.122845124208595280e+01 7.619185436838629357e+02
1.157213854963426325e+00 1.120190756654788977e+01 6.790067012627770282e+02
1.177628727893382576e+00 1.117437814626942227e+01 6.048565032287829126e+02
1.198270757237943629e+00 1.115021783718366066e+01 5.380442317560373340e+02
1.219103519778843570e+00 1.112458984235325943e+01 4.792350337046481741e+02
1.240125311566238953e+00 1.109990964373177036e+01 4.265158718139716711e+02
1.261330437701390528e+00 1.107367678433693747e+01 3.795774149937051334e+02
1.282672400746237340e+00 1.104638364183091603e+01 3.368153522952226808e+02
1.304157937881146090e+00 1.102207059249023935e+01 2.998438647527364651e+02
1.325751286471238632e+00 1.099354850039025244e+01 2.685487663819079671e+02
1.347434067136174640e+00 1.096706526290969741e+01 2.388055160439208180e+02
1.369188883888153185e+00 1.094199525594831357e+01 2.136254920319012172e+02
1.390982135377982987e+00 1.091628410409319372e+01 1.906364397194832918e+02
1.412805629069523672e+00 1.089079774104039444e+01 1.699393340141015756e+02
1.434619337937533379e+00 1.086421614527402113e+01 1.519847881581218019e+02
1.456405010915554188e+00 1.083803418980924427e+01 1.357908975383348888e+02
1.478140602732593623e+00 1.081223425714025943e+01 1.214453690919216626e+02
1.499790618560254973e+00 1.078543751656378191e+01 1.086579542573971793e+02
1.521341170862136938e+00 1.075859935309387438e+01 9.728142033835750624e+01
1.542763473248131678e+00 1.073225866175131493e+01 8.677272234812195961e+01
1.564027399049835454e+00 1.070538675912499116e+01 7.819591459258295174e+01
1.585103713391714519e+00 1.067801039679628516e+01 7.020788699403038891e+01
1.605976805440321398e+00 1.065058961687750028e+01 6.306652046194994909e+01
1.626617066283216007e+00 1.062334696458533756e+01 5.669462488791552346e+01
1.647000921670416229e+00 1.059572808794416865e+01 5.105540615858084408e+01
1.667100260856599903e+00 1.056807160116330913e+01 4.597511031967690798e+01
1.686894042044261299e+00 1.053945086737940784e+01 4.148506602414565236e+01
1.706364145369002605e+00 1.051088417956239063e+01 3.743390342053519504e+01
1.725481566488458629e+00 1.048171298628307468e+01 3.382330011713180795e+01
1.744230428538880329e+00 1.045206640831611544e+01 3.057923478231599290e+01
1.762584469707421997e+00 1.042291493186909790e+01 2.770867861892602591e+01
1.780533599114595189e+00 1.039292380994752563e+01 2.513330254427076582e+01
1.798051470517209482e+00 1.036340269128819358e+01 2.279794612920703401e+01
1.815125994173555801e+00 1.033213607490038477e+01 2.070677268393649939e+01
