2.191799393465098389e-01 1.550982308316407554e+01 3.683535669800713658e+06
2.261056936208029888e-01 1.523644768523864812e+01 3.164740579206023831e+06
2.332628241192230001e-01 1.499147550815282592e+01 2.722553233628217131e+06
2.407017416990257785e-01 1.477234384212221840e+01 2.352894916146718897e+06
2.483734459824591956e-01 1.455562554550991194e+01 2.015635778027380351e+06
2.563281467981952111e-01 1.435702820116901535e+01 1.733303198616004549e+06
2.645574345581030440e-01 1.416863255133477928e+01 1.493636524863993749e+06
2.730684580072105794e-01 1.400363526954398097e+01 1.286045659900967497e+06
2.818661581149278783e-01 1.384074563646742284e+01 1.103907108534330036e+06
2.909564066234055502e-01 1.369186364989156424e+01 9.504638277845373377e+05
3.003354670587283226e-01 1.355128819156043285e+01 8.179947689557162812e+05
3.100062180843459747e-01 1.342053249620820132e+01 7.046593307908874704e+05
3.199967436430407597e-01 1.331099833061428228e+01 6.083362863047278952e+05
3.302886649241687511e-01 1.319537472473784234e+01 5.230545301685547456e+05
3.409173472540663608e-01 1.308207372010439506e+01 4.503304506602011970e+05
3.518150093074823848e-01 1.298738748280411137e+01 3.887198428618040052e+05
3.630696121823598910e-01 1.289110119037023949e+01 3.355615856267912313e+05
3.746297374381816758e-01 1.280946627388884274e+01 2.889111254586209543e+05
3.865321396221204631e-01 1.272634371190767766e+01 2.492147753565064340e+05
3.987565506215706157e-01 1.265560572821645380e+01 2.151527776283665735e+05
4.113258373266465151e-01 1.258115580887023732e+01 1.857727769394714851e+05
4.242243217691503143e-01 1.251760757057476958e+01 1.603730542547784571e+05
4.374513473463560453e-01 1.245711682700474654e+01 1.387257034906460904e+05
4.510336609744483582e-01 1.239947535428697734e+01 1.199807000783504191e+05
4.649516755807948099e-01 1.234864488331824361e+01 1.036461750840807072e+05
4.791952690168034268e-01 1.229765691061660782e+01 8.967745586524847022e+04
4.937695413929443777e-01 1.225257295167326355e+01 7.758358943738749076e+04
5.086824865576848875e-01 1.220862347724486874e+01 6.724290077300433768e+04
5.239373976260650601e-01 1.216926245271751661e+01 5.830097599376261496e+04
5.395271662680427571e-01 1.213174066946558227e+01 5.050407426704832324e+04
5.554525788844348888e-01 1.209513667267319725e+01 4.381247816350698122e+04
5.716831415524200599e-01 1.206084651083672732e+01 3.800125731639217702e+04
5.881435056951672680e-01 1.202916025313493797e+01 3.305958340642539406e+04
6.039756104772157075e-01 1.199766950085652439e+01 2.892954586637312605e+04
6.193317106234282887e-01 1.197245341813108865e+01 2.546970710357669304e+04
6.343882490093346593e-01 1.194447175631398927e+01 2.249942794499086813e+04
6.492982014159383031e-01 1.191632841772731943e+01 1.993968847150264992e+04
6.641908916369103633e-01 1.188800289716564151e+01 1.767714720803901946e+04
6.791984084185961335e-01 1.185915190892749216e+01 1.554339947329984170e+04
6.942773372465607107e-01 1.183050542722819642e+01 1.391614722754069044e+04
7.096019263514777853e-01 1.180243074392761216e+01 1.234428307729627340e+04
7.252255479567684127e-01 1.177343735975702366e+01 1.095395451403496918e+04
7.411681680903806635e-01 1.174355627883662656e+01 9.682167223861108141e+03
7.574724310639370239e-01 1.171510539895271563e+01 8.573681634771794052e+03
7.741930934311426205e-01 1.168583640386773226e+01 7.578329366295627551e+03
7.913622913784967849e-01 1.165730081857028644e+01 6.693520886006899673e+03
8.089991239422809066e-01 1.162739812404770134e+01 5.888808158810908026e+03
8.271338900060393184e-01 1.160299258371465214e+01 5.191666841593508252e+03
8.457903340301194950e-01 1.157341592995596002e+01 4.564687874126703719e+03
8.649802914035636947e-01 1.154683561768551847e+01 4.008041008352146491e+03
8.847330990690162045e-01 1.151907907720769053e+01 3.520949295467297361e+03
9.050406730587723381e-01 1.149450601237735015e+01 3.083788172272172687e+03
9.259209481709343992e-01 1.147583185728672994e+01 2.702789126585201757e+03
9.473736553423605100e-01 1.144495443394275291e+01 2.364498426112304060e+03
9.694116006930365570e-01 1.142536608648284790e+01 2.065750098926012924e+03
9.920371880616586369e-01 1.140406740376789152e+01 1.801809102227167841e+03
1.015225804310485369e+00 1.138100973901187096e+01 1.574753792755347149e+03
1.038984134033462681e+00 1.135700189772066260e+01 1.374944016538680899e+03
1.063302463737770154e+00 1.134134819492221347e+01 1.198898066344279414e+03
1.088169025851689620e+00 1.131885503135709037e+01 1.044478643268133965e+03
1.113573377140233189e+00 1.130156852501371034e+01 9.113661265226415935e+02
1.139231152409160730e+00 1.128376407496523548e+01 7.938818960325056651e+02
1.164464073634351005e+00 1.126946067724234091e+01 6.958199007429334415e+02
1.189243716905394432e+00 1.125113932201190181e+01 6.118588856529379427e+02
1.213591126165812772e+00 1.123467048204165053e+01 5.397141675346754255e+02
1.237522332112570789e+00 1.121811881475766981e+01 4.748930282978210471e+02
1.261068118449463205e+00 1.119694191612640211e+01 4.226947966556958818e+02
1.284222741887265817e+00 1.117783771499552614e+01 3.750065402020223360e+02
1.307008770731119318e+00 1.115950030030447238e+01 3.337254212020968112e+02
1.329438636558005760e+00 1.113747774911812805e+01 2.975263535379677364e+02
1.351517688510598614e+00 1.111314030215261717e+01 2.655998297480088581e+02
1.373476056768569986e+00 1.109078538795433211e+01 2.370572782230738369e+02
1.395321105351739588e+00 1.106672900656130487e+01 2.118869908759403700e+02
1.417076670473864652e+00 1.104377460112616660e+01 1.893058864773204846e+02
1.438698714972471038e+00 1.101553591966661472e+01 1.692553604145779502e+02
1.460228377095580177e+00 1.099187677774436445e+01 1.513316938388499295e+02
1.481572225110504126e+00 1.096270188829647729e+01 1.356014981665489927e+02
1.502810536341722125e+00 1.093576547840207702e+01 1.213652519255672217e+02
1.523838869679724928e+00 1.090726380972318488e+01 1.082373672758950818e+02
1.544653391752131677e+00 1.087809260234604913e+01 9.747095852226213708e+01
1.565263887331697301e+00 1.084847912350515742e+01 8.744270138760944633e+01
1.585628595696481957e+00 1.081880775103678083e+01 7.855107375923935820e+01
1.605719410834604011e+00 1.078755047613308804e+01 7.057157173181963117e+01
1.625668501788361198e+00 1.075743143805649282e+01 6.349769464786908202e+01
1.645047553125107420e+00 1.072524941455949765e+01 5.711504682982997139e+01
1.664233474599899454e+00 1.069306233359497504e+01 5.118744736605427192e+01
1.683054049457887391e+00 1.066060112337217802e+01 4.643952394981492660e+01
1.701638596104827927e+00 1.062754330388195534e+01 4.185776590638349859e+01
1.719695107150941205e+00 1.059344707742995340e+01 3.783445852850570645e+01
1.737248738797275704e+00 1.055884636938398913e+01 3.418390325619918002e+01
1.754460052894521560e+00 1.052354921358481299e+01 3.098384663267584216e+01
1.771375164517583700e+00 1.048856090960477516e+01 2.809102587650649951e+01
1.787543333723003558e+00 1.045225952842069006e+01 2.549208774749751072e+01
1.803518784979775358e+00 1.041605739462624669e+01 2.306324828361307056e+01
1.818897112209749034e+00 1.037968357007471099e+01 2.101048002466802345e+01
1.833727970715346212e+00 1.034275442654072030e+01 1.911622705692845514e+01
1.848057788644520416e+00 1.030430564263914839e+01 1.743612913043360280e+01
1.861724228623532928e+00 1.026609381922452968e+01 1.594369954503228470e+01
1.874981436519249645e+00 1.022752495293430819e+01 1.457000490429020623e+01
1.887696347189216750e+00 1.018799716552197232e+01 1.332905051491349191e+01
