2.191799393465098389e-01 1.550982308316407554e+01 3.683535669800713658e+06
2.267889257918955792e-01 1.522910222244817824e+01 3.150139278964247089e+06
2.346985198444509757e-01 1.495234703389698439e+01 2.646199322462914512e+06
2.429337211936507812e-01 1.470681459468224084e+01 2.243536198156046215e+06
2.514718708917862977e-01 1.448415152020258923e+01 1.903483980245865416e+06
2.603426910093998292e-01 1.426150507059488426e+01 1.610360489811264211e+06
2.695495897449911582e-01 1.410234905893373458e+01 1.363153071960821282e+06
2.790979527177553376e-01 1.389869664141954608e+01 1.162461442375277868e+06
2.889967307014135733e-01 1.372174187835898529e+01 9.810645583834408317e+05
2.992452316256303257e-01 1.356782328735823917e+01 8.323404792765161255e+05
3.098560130503120180e-01 1.342793691740903839e+01 7.061854581313622184e+05
3.208525952953255045e-01 1.329138750521847889e+01 5.999960359672858613e+05
3.321824757506119941e-01 1.316864193457504584e+01 5.095897852868726477e+05
3.439104413429431850e-01 1.305366304567242075e+01 4.328376171029309044e+05
3.560524611524303329e-01 1.294914323410925583e+01 3.679567487189508975e+05
3.685363082812911362e-01 1.285081462324574453e+01 3.127628071330702514e+05
3.814452102541215361e-01 1.276026403523680841e+01 2.654377141211316339e+05
3.947278331890864411e-01 1.267742707600383767e+01 2.259912722877695924e+05
4.084246412207859778e-01 1.259873068819848818e+01 1.926624592688129633e+05
4.225150540432454083e-01 1.251958372800731034e+01 1.634107273053027166e+05
4.370277488869521165e-01 1.245879321332198764e+01 1.394109092634407280e+05
4.519437940407657894e-01 1.239573427690186058e+01 1.187492851594862150e+05
4.672776820595729852e-01 1.233932433653470717e+01 1.011291926996496186e+05
4.829838042594882808e-01 1.228668377180894566e+01 8.632628549045755062e+04
4.991252689746898952e-01 1.223525808714412122e+01 7.352603754642317654e+04
5.156618355746933613e-01 1.219052525264376285e+01 6.295645301380085584e+04
5.326060492176450945e-01 1.214593547160458442e+01 5.369729953831736930e+04
5.499533788849639837e-01 1.210545204538601460e+01 4.605504766795510659e+04
5.677070397045971273e-01 1.206790752126040722e+01 3.935148752096873068e+04
5.857734849112140596e-01 1.203356937851875408e+01 3.368621762431767274e+04
6.037517205793748731e-01 1.200112686969109177e+01 2.898898366389283547e+04
6.215776353087472117e-01 1.197086892264406721e+01 2.506038884229550240e+04
6.394788151476612503e-01 1.194110944513149164e+01 2.170245145256998512e+04
6.575930068220686708e-01 1.191170018528874230e+01 1.879657545533183293e+04
6.760791559980036114e-01 1.188344334757148779e+01 1.627374127567843425e+04
6.950085470627689332e-01 1.185556505098395697e+01 1.408064276713250911e+04
7.145548158104089165e-01 1.182920682692283165e+01 1.216341307592432531e+04
7.345387351898945427e-01 1.180137287255779022e+01 1.052431827015741510e+04
7.553059937542311308e-01 1.177625067301866402e+01 9.071467800948656077e+03
7.766621511647252563e-01 1.175259503768799085e+01 7.819418701513664928e+03
7.988416705572606302e-01 1.173000033752104443e+01 6.719913814110551357e+03
8.218055413744578264e-01 1.170888383430611412e+01 5.772193006966195753e+03
8.456075888552575526e-01 1.168806803751501100e+01 4.948633462116805276e+03
8.702318050676065564e-01 1.167104311404809103e+01 4.240480728762428953e+03
8.957421101242774020e-01 1.165169906649310150e+01 3.630356782707810453e+03
9.221439247460232469e-01 1.163651592080394792e+01 3.097999893745760346e+03
9.494288707450595499e-01 1.162208121059726551e+01 2.643353933274509473e+03
9.776108755557212371e-01 1.161014068206644367e+01 2.254535522691377992e+03
1.006704985474841996e+00 1.159878608912299391e+01 1.922425703438684877e+03
1.036685411142650670e+00 1.159148810721665690e+01 1.636464413062234144e+03
1.067555889268216207e+00 1.158160561734686844e+01 1.392298559509007191e+03
1.099292584755144242e+00 1.157562682902923790e+01 1.185316284731060477e+03
1.131870807111458266e+00 1.157053789550376521e+01 1.008667967205188120e+03
1.165276617842424978e+00 1.156862174625853967e+01 8.571114944120031396e+02
1.199473143893671434e+00 1.156520631574724334e+01 7.292659508280522687e+02
1.234426977797250080e+00 1.156445811375275845e+01 6.208310833616658329e+02
1.270108914179516768e+00 1.156466146363213987e+01 5.286552753122417698e+02
1.306467850939110997e+00 1.156498940595885472e+01 4.470902947115416737e+02
1.343451774412541821e+00 1.156821645879303340e+01 3.832084036991183780e+02
1.381021219023355506e+00 1.157289959468548268e+01 3.268347948206718456e+02
1.419103811603857235e+00 1.157401951809019636e+01 2.774043397905589359e+02
1.457663386076610390e+00 1.157796362130064871e+01 2.382367705747662114e+02
1.496615960651484389e+00 1.158155605318065362e+01 2.036947968765592236e+02
1.535915736508513874e+00 1.158667342243651532e+01 1.744225224949832977e+02
1.574902096940673291e+00 1.159074577448811816e+01 1.497218301839904200e+02
1.612090438436348583e+00 1.159416856395454509e+01 1.295901356111654366e+02
1.647490771027681600e+00 1.159462945347859630e+01 1.123240915535294988e+02
1.681186092444404423e+00 1.159176493613219705e+01 9.885903116483190445e+01
1.713263358740935383e+00 1.158712437517090699e+01 8.697733504069080368e+01
1.743804996294575416e+00 1.157974170834584804e+01 7.669894809901300903e+01
1.772882720127377354e+00 1.156919893342784356e+01 6.828613892557147835e+01
1.800582109074788884e+00 1.155632224848527301e+01 6.075996896266045866e+01
1.826925204319232110e+00 1.154115422554294490e+01 5.430315914421683487e+01
1.851962239451930170e+00 1.152215989570233923e+01 4.862912533212185195e+01
1.875772278917197555e+00 1.150150661727991164e+01 4.369709892466023859e+01
1.898438669143994950e+00 1.147827911952858670e+01 3.917637359560084320e+01
1.919822422263602890e+00 1.145212249986670017e+01 3.553443297624199460e+01
1.940147487595233589e+00 1.142425217463036979e+01 3.211421946347870460e+01
1.959371092242061074e+00 1.139460758100156568e+01 2.911492430450409685e+01
1.977533785686236500e+00 1.136284173218734850e+01 2.644516216850979262e+01
1.994658963520688166e+00 1.132903103336709449e+01 2.396674445339479576e+01
2.010779525775663767e+00 1.129286607482790572e+01 2.188401215685697565e+01
2.025902984699372578e+00 1.125514506612648269e+01 1.993550489680855264e+01
2.040064417355935689e+00 1.121589836132013396e+01 1.829431016253884934e+01
2.053321568566241151e+00 1.117469714441426909e+01 1.675346218683025512e+01
2.065579018229985575e+00 1.113298758234314789e+01 1.532507401400764024e+01
2.076975728808230226e+00 1.108913200763583795e+01 1.408369721199029989e+01
2.087490012843460807e+00 1.104335746377830851e+01 1.301521615338380222e+01
2.097139178977765361e+00 1.099683562821829597e+01 1.197344296547986886e+01
2.105940262004085906e+00 1.094902143330727817e+01 1.102373623573219596e+01
2.113914239126503780e+00 1.090063989733036820e+01 1.019261256013729167e+01
2.121112901245373106e+00 1.085109300767313911e+01 9.457663131630244635e+00
2.127652333066097246e+00 1.080118099667240195e+01 8.769998333139787050e+00
2.133063152235670223e+00 1.074913179314992284e+01 8.153086299690048833e+00
2.137941990188285235e+00 1.069695608258963127e+01 7.551991374992425676e+00
2.142027741263917040e+00 1.064368527940291642e+01 7.056601369465919760e+00
2.145677603150605517e+00 1.059078073295095557e+01 6.569592925211725998e+00
2.148133365572062914e+00 1.053636334282231068e+01 6.151690730433010401e+00
2.150153327412591686e+00 1.048063722147218257e+01 5.752089805125544686e+00
2.151518743750028051e+00 1.042579256875708005e+01 5.387970176761217367e+00
