2.191799393465098389e-01 1.550982308316407554e+01 3.683535669800713658e+06
2.247170636209776529e-01 1.529454146569631412e+01 3.265200142753792461e+06
2.303873210872341426e-01 1.512743375174225768e+01 2.887116641799508128e+06
2.362438443422748835e-01 1.490495892050180515e+01 2.566772386107025202e+06
2.422666396211514139e-01 1.472780249571424172e+01 2.270306502285952680e+06
2.484460532144455724e-01 1.454857506967477043e+01 2.010063188543040073e+06
2.548126625025420311e-01 1.441344192229456844e+01 1.779297315945820650e+06
2.613398283718393333e-01 1.424589997125826457e+01 1.579215946940840455e+06
2.680542820990511332e-01 1.410015859667888627e+01 1.401155627647580346e+06
2.749504620337362426e-01 1.396500375001153671e+01 1.243626513163136551e+06
2.820315385392951346e-01 1.383967410586001456e+01 1.099704457493226044e+06
2.893004218655923498e-01 1.371596427832571230e+01 9.767259791005779989e+05
2.967486858980916686e-01 1.360805846200050517e+01 8.651444936734009534e+05
3.043962232529606182e-01 1.349266418965041936e+01 7.695607722121911356e+05
3.122351575982141303e-01 1.339649226989481257e+01 6.836551016920729307e+05
3.202826532077027721e-01 1.330534466833288221e+01 6.045367394316622522e+05
3.285149716268540576e-01 1.320386555750258495e+01 5.369397748713594628e+05
3.369458958029184492e-01 1.312141195283919615e+01 4.757578651112256339e+05
3.455868754762343453e-01 1.304064840596648445e+01 4.199176837644880870e+05
3.544369987544067069e-01 1.296331856149269157e+01 3.713531435273256502e+05
3.634924455313034986e-01 1.289188172869953419e+01 3.333169562999500777e+05
3.727427006179675484e-01 1.281941845945350700e+01 2.961916198835201794e+05
3.822314053622654639e-01 1.275481298187392909e+01 2.625524199290072429e+05
3.919024240592637320e-01 1.269262646383055149e+01 2.323791756313285150e+05
4.018062436653185854e-01 1.263478217866029674e+01 2.074793962713994842e+05
4.119079280461632186e-01 1.257338215619814470e+01 1.844614192189757305e+05
4.222341255356511502e-01 1.253179144300530901e+01 1.638704622712038690e+05
4.327836264776068198e-01 1.247734252635513030e+01 1.446794788808759477e+05
4.435470939849197047e-01 1.243047606099207947e+01 1.297105682818749920e+05
4.545206804279167123e-01 1.238713648839366144e+01 1.154108895377066801e+05
4.657329976347198142e-01 1.234423909190399904e+01 1.027358767397392949e+05
4.771413128786330948e-01 1.230428525583993427e+01 9.155529376480389328e+04
4.887727713012362529e-01 1.226630498450365359e+01 8.155521311133964628e+04
5.006039693807631252e-01 1.223117573278357462e+01 7.190845751617298811e+04
5.126604940212440287e-01 1.219659281821538066e+01 6.465523800169125752e+04
5.249367682636784105e-01 1.216596457839894363e+01 5.764163658560133626e+04
5.374290164092221378e-01 1.213538908467955402e+01 5.145567174413544853e+04
5.501350784852797604e-01 1.210743206083642320e+01 4.597621505652620544e+04
5.630582973564191018e-01 1.207881085639417051e+01 4.098214820436163427e+04
5.761642566206376381e-01 1.205220074022188115e+01 3.620314274037953874e+04
5.894403973977894173e-01 1.202814548511015680e+01 3.271806292856101209e+04
6.028205451000367976e-01 1.200344845914057146e+01 2.923903139562284559e+04
6.163388677663769188e-01 1.198134489335113173e+01 2.616761260365727503e+04
6.300819189430606482e-01 1.195860048184031577e+01 2.342538291307834879e+04
6.440620033558576152e-01 1.193816642831783170e+01 2.077428451265452168e+04
6.583623201784827295e-01 1.191834412798010590e+01 1.877594796334273269e+04
6.729526883130778625e-01 1.189844519015442259e+01 1.680374504619231811e+04
6.879627101285888946e-01 1.188046825892052105e+01 1.500487094876865922e+04
7.033718338499186373e-01 1.186148793076092467e+01 1.339803860440040080e+04
7.192008502234132905e-01 1.184561983049673906e+01 1.195632758632169680e+04
7.355225837923591303e-01 1.182975477827044841e+01 1.067599875159456315e+04
7.522582397549728572e-01 1.181417652788879380e+01 9.491269452358765193e+03
7.695167519108478960e-01 1.180108088291914470e+01 8.454987437152061830e+03
7.872873271896735359e-01 1.178848930784105420e+01 7.514027304317247399e+03
8.054400190693383754e-01 1.177547194958707877e+01 6.622121594475290294e+03
8.237419989821198607e-01 1.176577800086809589e+01 5.954022124776681267e+03
8.422170027109349144e-01 1.175683962289871864e+01 5.297374441109031977e+03
8.608730819216249275e-01 1.174906143627822175e+01 4.725863402753406262e+03
8.797257850870494611e-01 1.173898131965312785e+01 4.215970786351984316e+03
8.987933576418625226e-01 1.173120596862014331e+01 3.769232113511945045e+03
9.181079102395655056e-01 1.172295486158220790e+01 3.366622936953256158e+03
9.376624876511696627e-01 1.171513231142296441e+01 3.005275782064453324e+03
9.574913104106403949e-01 1.170944240660707969e+01 2.689824697113534967e+03
9.775548679631523852e-01 1.170847362586926366e+01 2.403028541470254822e+03
9.978939402796593861e-01 1.169577744939772046e+01 2.151413979073742667e+03
1.018536398263383713e+00 1.169019757179855112e+01 1.923484494603949543e+03
1.039439467917828042e+00 1.168692161838426280e+01 1.720557696665279764e+03
1.060608867290783852e+00 1.168383516925012522e+01 1.538740614871915113e+03
1.082060934366455340e+00 1.167354900355829272e+01 1.377450234311879967e+03
1.103815952422871005e+00 1.166885001206975048e+01 1.224367101638652912e+03
1.125822040391302625e+00 1.166451063674790056e+01 1.103955402178019085e+03
1.148114741555864127e+00 1.166026198271654124e+01 9.879304916544369917e+02
1.170677378181701034e+00 1.165489822103280027e+01 8.805770133332321166e+02
1.193608279936844152e+00 1.165011956741986054e+01 7.923638925113842788e+02
1.216584364290004050e+00 1.164672718208915647e+01 7.095927567198732504e+02
1.239912144569735641e+00 1.164184110324730170e+01 6.356439548016222716e+02
1.263475029115338266e+00 1.164174742075619129e+01 5.694726517347351091e+02
1.287361275402125749e+00 1.163609808288587111e+01 5.104178470012733442e+02
1.311283331026142696e+00 1.163496705080284777e+01 4.575185722880491426e+02
1.335497653806483331e+00 1.162950161831025042e+01 4.104005681525321734e+02
1.359913260464743257e+00 1.162429759430337839e+01 3.680031817813396628e+02
1.384470468900173001e+00 1.162079902795740871e+01 3.308581338814608443e+02
1.409277953268073036e+00 1.161718343218966787e+01 2.966108005921229847e+02
1.434090850476558154e+00 1.161581173241212284e+01 2.664137291305112853e+02
1.459098148659805361e+00 1.160992714566753570e+01 2.394031205992685898e+02
1.484286373595111286e+00 1.160913054019198931e+01 2.139545034259064380e+02
1.509397335335148860e+00 1.160497472717640477e+01 1.936425024881079935e+02
1.534662817218610531e+00 1.159760873944110848e+01 1.741936105087365547e+02
1.560041291143794195e+00 1.159475867066852928e+01 1.558024092801153699e+02
1.585326609931655195e+00 1.159065869878102717e+01 1.412435283536595421e+02
1.610738857499669718e+00 1.158517339298067839e+01 1.272501049790113115e+02
1.636029365294970450e+00 1.158017703431498013e+01 1.147367908909649969e+02
1.661340670920117502e+00 1.157497482357659280e+01 1.034974184632135064e+02
1.686586605618206613e+00 1.156961661132397268e+01 9.356283783962523160e+01
1.711757656273242834e+00 1.156398334718522491e+01 8.452100486945386137e+01
1.736835317344307850e+00 1.155818044403855538e+01 7.646665483128373353e+01
1.761791450755944455e+00 1.155163248385859376e+01 6.920140105384008677e+01
1.786601016153519073e+00 1.154527041344824845e+01 6.265583597476409494e+01
1.811248198846769908e+00 1.153875145755819887e+01 5.650434801929802831e+01
1.835712677667481696e+00 1.153064451476631369e+01 5.148345645804175774e+01
