2.191799393465098389e-01 1.550982308316407554e+01 3.683535669800713658e+06
2.254193369827209026e-01 1.530072736868128125e+01 3.208414563226416707e+06
2.318671954203800067e-01 1.507691791751823196e+01 2.798447005917974748e+06
2.385245297675161469e-01 1.483471116552967750e+01 2.452871270922828931e+06
2.454027104876213561e-01 1.463195012842958143e+01 2.132287861584196799e+06
2.524899727151877493e-01 1.445293573777298946e+01 1.860480412112480728e+06
2.598006274021733009e-01 1.427460494628983767e+01 1.625319850566074951e+06
2.673391552036291641e-01 1.411630139293393071e+01 1.422149848849137314e+06
2.751082011587781539e-01 1.396064741326506642e+01 1.238633228949643904e+06
2.831135502792745950e-01 1.381871580241463704e+01 1.081046292876001913e+06
2.913589152381231284e-01 1.369200975668822373e+01 9.438923878627064405e+05
2.998372230990457021e-01 1.356177063571260533e+01 8.269738888088352978e+05
3.085800678089846705e-01 1.344106114902139204e+01 7.200541426979599055e+05
3.175593054393482939e-01 1.333458448899279425e+01 6.297111632730166893e+05
3.267702484744697267e-01 1.323252884348330838e+01 5.443865482684919843e+05
3.362417587156499854e-01 1.312882823021850065e+01 4.813896569842887111e+05
3.459811529382098017e-01 1.303420835290648583e+01 4.202149374210803653e+05
3.560092564272017701e-01 1.294424309875460288e+01 3.675455996470719110e+05
3.662481444047512302e-01 1.287003796622595075e+01 3.213413261193315848e+05
3.767790767643062200e-01 1.279309077238907477e+01 2.813561066085604834e+05
3.875818442006883080e-01 1.271869037035126127e+01 2.462484128785243083e+05
3.986492122619580414e-01 1.265314994091925982e+01 2.154132755599287630e+05
4.100087409630228108e-01 1.258805029348817861e+01 1.886478527235418151e+05
4.216147588138115521e-01 1.253119035746831678e+01 1.651925641630874889e+05
4.335059364767779311e-01 1.247513561759362233e+01 1.434975004190225445e+05
4.456832620298859515e-01 1.242112600262527700e+01 1.269157165951069182e+05
4.581236514845375418e-01 1.237421096905343632e+01 1.110583662468322873e+05
4.708543915813822034e-01 1.232142256198357977e+01 9.754050551129180531e+04
4.838336063928993513e-01 1.228302947911031140e+01 8.558124902244910481e+04
4.971134121510264459e-01 1.224086821785408574e+01 7.427372859267960303e+04
5.106550651137351515e-01 1.220411557798861324e+01 6.588774043429120502e+04
5.244758282529162763e-01 1.216691129415048600e+01 5.796734481870018499e+04
5.385698581491934478e-01 1.213227809269529089e+01 5.096581251870637061e+04
5.529395598437877313e-01 1.210040170014188199e+01 4.479823807145903265e+04
5.675834346605564962e-01 1.206962372846445497e+01 3.935558172021733481e+04
5.824385228620125865e-01 1.204148622351783260e+01 3.465422858301745873e+04
5.971675375876773773e-01 1.201377945715571016e+01 3.063170670271378549e+04
6.115964283382080424e-01 1.198774671174212259e+01 2.716541196907808990e+04
6.258900462048783142e-01 1.196125994456457420e+01 2.420296954637391173e+04
6.400894837604720333e-01 1.193748586699972591e+01 2.152701927105665891e+04
6.543606214041225444e-01 1.191308546184163575e+01 1.921522844431314661e+04
6.687635722330638188e-01 1.188859683571841508e+01 1.714972919880938571e+04
6.833433523634333540e-01 1.186270601814844561e+01 1.530588627929689210e+04
6.981664160148876030e-01 1.183836077594141578e+01 1.365556483659752666e+04
7.132590946834103107e-01 1.181487526597603122e+01 1.217336880141001529e+04
7.286861214511385354e-01 1.179319957090005921e+01 1.084709383186705600e+04
7.444687481538357909e-01 1.176781962621098820e+01 9.653927263804464019e+03
7.606400848596189812e-01 1.174574562327715554e+01 8.590256877292358695e+03
7.772389622540289977e-01 1.172335999500389470e+01 7.627812364433171751e+03
7.942677976343739399e-01 1.170106667555102931e+01 6.773625243185874751e+03
8.117505003866855029e-01 1.168072352992497009e+01 6.015129093416648175e+03
8.297296212818554562e-01 1.165881284071200952e+01 5.322580823247281842e+03
8.481969012844658984e-01 1.163807465905479432e+01 4.716402867341284946e+03
8.671797922353798871e-01 1.161960686214882976e+01 4.158763300845519552e+03
8.866834911514567263e-01 1.159894302201880478e+01 3.685472300369674485e+03
9.067207172525652004e-01 1.158203270500139759e+01 3.249251706343671231e+03
9.273048399362299188e-01 1.156370688813336400e+01 2.867540210468306668e+03
9.484120274870219136e-01 1.155036017877420917e+01 2.528249218700798338e+03
9.700790562095936709e-01 1.153368392439172396e+01 2.227829597439671033e+03
9.922841981986318949e-01 1.151962544715211756e+01 1.947181970111623059e+03
1.015027112166352108e+00 1.150685069902808166e+01 1.725644620398794814e+03
1.038319531761720427e+00 1.149360565694638936e+01 1.518548560203925490e+03
1.062136822599953900e+00 1.148206933020588316e+01 1.328611841411203613e+03
1.086421508093781574e+00 1.147067371429573868e+01 1.174505836628403813e+03
1.110841718590178218e+00 1.146116545449005208e+01 1.033877507413368676e+03
1.135319431939485035e+00 1.145196017085443252e+01 9.121190745568908369e+02
1.159868475552365386e+00 1.144294800394177258e+01 8.001410054374080119e+02
1.184492163487687266e+00 1.143334984920691078e+01 7.119649031838811197e+02
1.209125287926634318e+00 1.142417006228015630e+01 6.270435101438820311e+02
1.233838261615192833e+00 1.141471103143045518e+01 5.557229904414442672e+02
1.258578150377446692e+00 1.140434067391515782e+01 4.964083353292531910e+02
1.283361549942686031e+00 1.139733069922316311e+01 4.383793794754784017e+02
1.308186395074970587e+00 1.138814526503894875e+01 3.919379336532871889e+02
1.332993072088416220e+00 1.137600441405099971e+01 3.485251808312145272e+02
1.357831180294847062e+00 1.136494344982728144e+01 3.106689135679750962e+02
1.382657086094283505e+00 1.135433739908588713e+01 2.766798861733035437e+02
1.407468265601296453e+00 1.134348430917644457e+01 2.469087492105913668e+02
1.432218430893396732e+00 1.133118488817570579e+01 2.203444254874156059e+02
1.456943799650878502e+00 1.132003797318229310e+01 1.969040987800620144e+02
1.481575669065816614e+00 1.130687221663276176e+01 1.761245746724514731e+02
1.506113721095933666e+00 1.129428575317659345e+01 1.568388686340202014e+02
1.530563821795773549e+00 1.128092757690552617e+01 1.412373070687509653e+02
1.554879972187217962e+00 1.126706304225449351e+01 1.258743975847461769e+02
1.579051689185777985e+00 1.125261031202781226e+01 1.135713324001083606e+02
1.603073406143449509e+00 1.123782373634762699e+01 1.019414388020710334e+02
1.626885677510901074e+00 1.122212805430260651e+01 9.162109635661786911e+01
1.650503070384392590e+00 1.120700119257856997e+01 8.202947857332658543e+01
1.673998139823644538e+00 1.119073116023358239e+01 7.409874144887487546e+01
1.697042071496269067e+00 1.117275855003622276e+01 6.688323568845058276e+01
1.719937363549854936e+00 1.115561952662318568e+01 6.021440598514615772e+01
1.742507247333464404e+00 1.113770275324136882e+01 5.435125581295939412e+01
1.764788361067763711e+00 1.111871219136870614e+01 4.907330887989518686e+01
1.786750150966705641e+00 1.109997734221805388e+01 4.442256397550615077e+01
1.808357046903859455e+00 1.108028080467866516e+01 4.022052635823964550e+01
1.829602842235867444e+00 1.105947007759885992e+01 3.625952373124412276e+01
1.850465524275619167e+00 1.103888895297401262e+01 3.306694044529572807e+01
1.870930948734198074e+00 1.101711443675727331e+01 3.001104462042904686e+01
1.890962673059519039e+00 1.099592476276037445e+01 2.715901014921821854e+01
1.910569520592509729e+00 1.097218870454698347e+01 2.480000756017595975e+01
1.929825501000560051e+00 1.094923269958544765e+01 2.255590184418411681e+01
