2.191799393465098389e-01 1.550982308316407554e+01 3.683535669800713658e+06
2.252633731132330785e-01 1.527329212866756869e+01 3.219878673531337176e+06
2.315503880189796748e-01 1.505207170888309598e+01 2.814888913545032497e+06
2.380340038013213644e-01 1.484408877082700684e+01 2.475480664581325371e+06
2.447344681315770099e-01 1.465267723773008335e+01 2.145948703578078188e+06
2.516211671043638298e-01 1.447972450133754663e+01 1.901098217495569959e+06
2.587317172394916209e-01 1.430066061488505547e+01 1.641540132341747405e+06
2.660479302426250192e-01 1.414354316193254668e+01 1.454819404152713018e+06
2.735883964879949892e-01 1.399082044484639376e+01 1.272604599589877762e+06
2.813518683755003025e-01 1.385002311920219498e+01 1.114615906199920923e+06
2.893430587588860514e-01 1.371611082165675555e+01 9.775441146271547768e+05
2.975541150941959367e-01 1.359097576805082852e+01 8.563322619169105310e+05
3.060032192986102961e-01 1.347977301468027456e+01 7.507570379785415716e+05
3.146903309657340664e-01 1.336304903690715484e+01 6.566135260695399484e+05
3.236329970518266874e-01 1.325795454583976607e+01 5.760595536712001776e+05
3.327775782279037697e-01 1.316497636296024076e+01 5.048801607193567324e+05
3.421841620817067664e-01 1.307658512343918034e+01 4.423730845067871269e+05
3.518340467304501007e-01 1.298497812918724748e+01 3.866696308216855978e+05
3.617539672920230265e-01 1.290611460014054579e+01 3.405945343665162218e+05
3.719094680953914378e-01 1.282775153964529835e+01 2.990164680218242574e+05
3.823406591435061230e-01 1.275321030227391894e+01 2.621119096746011055e+05
3.929991655671902784e-01 1.268863006371321767e+01 2.305680869206030329e+05
4.039265534508498789e-01 1.262456911402908943e+01 2.022232426236896717e+05
4.151232653058595790e-01 1.256455061305112153e+01 1.777481222619990294e+05
4.265820684898916082e-01 1.250769770033746475e+01 1.561570976928688178e+05
4.382851957926638953e-01 1.245283378779227057e+01 1.372949368438666570e+05
4.502813292676527968e-01 1.240143439454450380e+01 1.207909055606618058e+05
4.625289049422283694e-01 1.235454332569175584e+01 1.062118812489015836e+05
4.750259401981947183e-01 1.231454923985003624e+01 9.340612262779756566e+04
4.877982756628480021e-01 1.226982893622657222e+01 8.234561018575359776e+04
5.008069872968224923e-01 1.223353757356838223e+01 7.249686764581306488e+04
5.140939322939140910e-01 1.218908587605570837e+01 6.386219212636064913e+04
5.276461301897104050e-01 1.215962242409646699e+01 5.626110151133099134e+04
5.414579595813423518e-01 1.212526899080550180e+01 4.961384262375543767e+04
5.555301392419086381e-01 1.209421850941315313e+01 4.376722258723658888e+04
5.698647143316774022e-01 1.206318200045132372e+01 3.862971867571690382e+04
5.844275696702939671e-01 1.203739892796536282e+01 3.410641138189188496e+04
5.991663224565777490e-01 1.201004658026363003e+01 2.990775373975991170e+04
6.141716555439106218e-01 1.198363651795378892e+01 2.648863149480295760e+04
6.295438076539304761e-01 1.196094159668128043e+01 2.353530299466069482e+04
6.452959279482053390e-01 1.193727203061273556e+01 2.078905284120906799e+04
6.614481737757260671e-01 1.191659700481887540e+01 1.835887170545308254e+04
6.781096001272712837e-01 1.189395979929942726e+01 1.620150290662000953e+04
6.953293161844057435e-01 1.187643873629335189e+01 1.426480693942625294e+04
7.131207133946252386e-01 1.185751850695500842e+01 1.255488304480124316e+04
7.315337221128196399e-01 1.184243775773609642e+01 1.102638428087435568e+04
7.505350818901627141e-01 1.182802632447081592e+01 9.680140772225737237e+03
7.702062549659579593e-01 1.181139525106303090e+01 8.492731882410686012e+03
7.905768295438835302e-01 1.180002375319255670e+01 7.445021626050487612e+03
8.116315591657240480e-01 1.179092622853493033e+01 6.501020625798663787e+03
8.334132399811209346e-01 1.178306050728361143e+01 5.674193458491758975e+03
8.559219195333694907e-01 1.177595995483818392e+01 4.959686540213799162e+03
8.791823871158134240e-01 1.177077220858686069e+01 4.327162924424971607e+03
9.031786211137067255e-01 1.176762763421311320e+01 3.768624796892314862e+03
9.279432291802526267e-01 1.176570411669573524e+01 3.261830984797411020e+03
9.534619427285180304e-01 1.176572784579446562e+01 2.858500271978134606e+03
9.797586144169324607e-01 1.176569430074975919e+01 2.487365207288691636e+03
1.006369391063454577e+00 1.176943967787760492e+01 2.151092875037767044e+03
1.032827242901471987e+00 1.177235181328056157e+01 1.898808380227328371e+03
1.059146685547686983e+00 1.178093481316076740e+01 1.664016591485385106e+03
1.085361880202329043e+00 1.178443128817181851e+01 1.463305267634825441e+03
1.111508289119992332e+00 1.178408991811200224e+01 1.290532728442874031e+03
1.137542664595970754e+00 1.178707289716712836e+01 1.140064569617197776e+03
1.163557599895876482e+00 1.178998100983716668e+01 1.007700745197130345e+03
1.189542927427899688e+00 1.179385085567555080e+01 8.935935272420066440e+02
1.215488885182997691e+00 1.179390505113512155e+01 7.929638980554185537e+02
1.241442712603386900e+00 1.179518006990588930e+01 7.041765387551030244e+02
1.267368945941510061e+00 1.179553031073628588e+01 6.263076874395602545e+02
1.293278111364282390e+00 1.179628539442320090e+01 5.578465242007315510e+02
1.319163401582794659e+00 1.179572148010942811e+01 4.955016312187813128e+02
1.345043050283769137e+00 1.179607214474952315e+01 4.436798748071848877e+02
1.370936864666943755e+00 1.179392193926213395e+01 3.958112506876283874e+02
1.396748235821945183e+00 1.179367191884503363e+01 3.534869572872924550e+02
1.422557980918503162e+00 1.178675249046054851e+01 3.161937437035169296e+02
1.448326016351660916e+00 1.178243918332075779e+01 2.831366661204012303e+02
1.474040649415574888e+00 1.177929750583512636e+01 2.534246467062695558e+02
1.499698889894733878e+00 1.177636561856292374e+01 2.269630597072416265e+02
1.525288633710786046e+00 1.176833454311198857e+01 2.035810870243360569e+02
1.550787164218271119e+00 1.176367689462497701e+01 1.825539972073559056e+02
1.576185554994038895e+00 1.175432089304394623e+01 1.640754587053887974e+02
1.601460600290748548e+00 1.174642250325479509e+01 1.474825764187430082e+02
1.626791690246787603e+00 1.173835944292347477e+01 1.323939885910560292e+02
1.651609237707870603e+00 1.172972553401740292e+01 1.193257788145746190e+02
1.676437670868266894e+00 1.171833754574249298e+01 1.074543611631158910e+02
1.701084604824964819e+00 1.170765618655368812e+01 9.684900190244511009e+01
1.725522883164853027e+00 1.169648020966201507e+01 8.733654233692161029e+01
1.749740481472383813e+00 1.168368555538218700e+01 7.889427275637783055e+01
1.773717872683847618e+00 1.167058563683712613e+01 7.094538362711801938e+01
1.797439279300421466e+00 1.165693844890600950e+01 6.441635865869767485e+01
1.820874024761021559e+00 1.164192056313249601e+01 5.832643395241711914e+01
1.844148202670164993e+00 1.162753580870844239e+01 5.274139581865930637e+01
1.866869550141370349e+00 1.161122106571741419e+01 4.791583613690367827e+01
1.889328055232422088e+00 1.159474275754167572e+01 4.340455693225035816e+01
1.911463742074644978e+00 1.157721297667058913e+01 3.945394746456781832e+01
1.933224549317044350e+00 1.155918033122192234e+01 3.569621637501245459e+01
1.954599162583309235e+00 1.154027451392592774e+01 3.259653387824108961e+01
1.975569694671740040e+00 1.152073672168712015e+01 2.957268716909683093e+01
1.996119179096916607e+00 1.150079008399727698e+01 2.703944307381586754e+01
2.016234158494858431e+00 1.148025716867179824e+01 2.467642891369078839e+01
2.035896305586421651e+00 1.145853875585971515e+01 2.252652478072257125e+01
