2.191799393465098389e-01 1.550982308316407554e+01 3.683535669800713658e+06
2.252771548115501121e-01 1.527130700336701175e+01 3.226672192876623012e+06
2.315783811738880427e-01 1.505513977094989464e+01 2.830213742750439793e+06
2.380781475212433163e-01 1.484722171522279233e+01 2.464469751629487146e+06
2.447895578731687227e-01 1.465677465939019086e+01 2.162016232040876988e+06
2.517077839196465439e-01 1.447800636395968077e+01 1.883554242583607091e+06
2.588228740551890006e-01 1.429327449623519009e+01 1.654833778371022549e+06
2.661629285185831417e-01 1.413802683399764604e+01 1.453670803171488224e+06
2.737237179273938059e-01 1.399075996148913248e+01 1.267903362414250150e+06
2.815084964254772615e-01 1.384254381077900753e+01 1.111450096297610318e+06
2.895222541844837960e-01 1.371506871668193561e+01 9.722437520974017680e+05
2.977592352438974133e-01 1.359018105129762866e+01 8.520609344044864411e+05
3.062300098171880647e-01 1.347389134398106236e+01 7.465973766506175743e+05
3.149385864461693441e-01 1.335563628242368139e+01 6.543728387564255390e+05
3.238918622606050124e-01 1.326487606757389948e+01 5.730003206035057083e+05
3.330862927867436762e-01 1.316025755713920375e+01 5.029789999620618182e+05
3.425474170046391431e-01 1.306945700601066029e+01 4.408192442578957998e+05
3.522110133974147850e-01 1.298282761724069267e+01 3.864057566556089441e+05
3.621481245158315598e-01 1.290130435611004600e+01 3.388345243233741494e+05
3.723419226841490071e-01 1.282174969266731779e+01 2.973723659149639425e+05
3.828055154805355964e-01 1.275072529846961089e+01 2.606334648259509413e+05
3.935021865801910379e-01 1.268459587988849968e+01 2.290431131729644549e+05
4.044891226262287143e-01 1.261834301820469761e+01 2.013360054446827271e+05
4.157024510830016895e-01 1.255959029446240827e+01 1.764343721979716211e+05
4.271948905783758965e-01 1.250441777283998768e+01 1.551234852621051832e+05
4.389394318677101170e-01 1.245059515299916342e+01 1.366097020574734488e+05
4.509754717492724940e-01 1.240246575249559768e+01 1.192242777989990718e+05
4.632673570495172699e-01 1.235319473050765637e+01 1.054240099717545527e+05
4.758087997250673440e-01 1.230918914416045773e+01 9.284828516201727325e+04
4.886234559815247902e-01 1.226714326668646038e+01 8.188868738857153221e+04
5.016804974838440234e-01 1.222835204525645025e+01 7.194321235247630102e+04
5.150159897373518536e-01 1.219022515718611110e+01 6.276201831561832660e+04
5.286151257607096809e-01 1.215692218158788940e+01 5.581703139878231741e+04
5.424762219738755720e-01 1.212298197219637252e+01 4.914839424776886153e+04
5.565988521629930963e-01 1.209206381251578755e+01 4.329821820437639690e+04
5.709644640056164011e-01 1.206463617474926409e+01 3.786919651697481459e+04
5.855399702317667376e-01 1.203433872036472074e+01 3.380243010675272672e+04
6.000152656364413639e-01 1.200953866404907444e+01 2.962104483888412869e+04
6.143736462659964426e-01 1.198358736755431231e+01 2.658328227038073965e+04
6.287313114645955991e-01 1.195888240936328728e+01 2.364735441502297545e+04
6.431743159051509506e-01 1.193528593077879485e+01 2.108030486013575137e+04
6.577845332605218864e-01 1.191061577116068371e+01 1.875729891230250360e+04
6.726228105865179607e-01 1.188749259145923176e+01 1.673531323188305032e+04
6.877363160648981566e-01 1.186744645382683316e+01 1.475915883581000526e+04
7.031644969372695675e-01 1.184406612997527475e+01 1.323660922141678566e+04
7.189423936133962911e-01 1.182188790664837619e+01 1.179263565284025753e+04
7.346401894357371676e-01 1.180053356384897612e+01 1.050854192752601193e+04
7.503834569839780144e-01 1.178117346046060376e+01 9.375232702916586277e+03
7.661667540880633398e-01 1.175962549317987715e+01 8.382535882054617105e+03
7.819481395421881142e-01 1.173739820135043388e+01 7.507285012461030419e+03
7.978846608044928290e-01 1.172014184377898793e+01 6.706067044461303340e+03
8.139577133006371534e-01 1.169885724151488127e+01 6.006827571704973707e+03
8.301933579577522870e-01 1.167842720463824158e+01 5.379025093101554376e+03
8.466368932531030955e-01 1.165688068419682644e+01 4.815308648028810239e+03
8.632782889995159747e-01 1.163730974526798967e+01 4.310867235857484047e+03
8.801571276086775919e-01 1.161696626731092152e+01 3.858738573790313239e+03
8.972737011570490751e-01 1.159491144054774381e+01 3.448518079722436596e+03
9.146519566407483870e-01 1.157630994940841340e+01 3.090910792204552308e+03
9.323114986083408384e-01 1.155541063014300640e+01 2.764340230693401736e+03
9.503212916103450647e-01 1.153486715925301453e+01 2.472311566520586894e+03
9.684783503056875187e-01 1.151507115273560622e+01 2.208736593140936293e+03
9.870069379656609687e-01 1.149765029019494911e+01 1.973005148525154937e+03
1.005816901140175412e+00 1.147466106763966920e+01 1.762650876608066483e+03
1.025003442925285002e+00 1.145597435799786012e+01 1.574223540471952447e+03
1.044363622073773756e+00 1.143607387442880352e+01 1.406927211719066008e+03
1.064084602440286575e+00 1.141743244919337563e+01 1.255921190523921496e+03
1.084113331093009780e+00 1.139867153900920549e+01 1.119974153074179412e+03
1.104428299568689154e+00 1.137918291262334414e+01 9.932121966951245895e+02
1.125019482806443261e+00 1.136122389870979354e+01 8.919783427581827482e+02
1.145896381797989250e+00 1.134576945726530184e+01 7.958783848177639584e+02
1.167049160906422189e+00 1.132678362451597565e+01 7.103945898109261634e+02
1.188503889408654368e+00 1.130653704524245740e+01 6.328547239716518789e+02
1.210107507606563049e+00 1.128649544571233676e+01 5.652381733018986552e+02
1.232003122139645024e+00 1.126885423254107010e+01 5.040900534641979789e+02
1.254097758309512756e+00 1.125221225959802673e+01 4.500298646458751932e+02
1.276397544521319594e+00 1.123502454783355553e+01 3.993603717268042601e+02
1.298895822309051207e+00 1.122030674019472407e+01 3.587001390671912873e+02
1.321559516071805218e+00 1.119994926351012410e+01 3.199521358531545729e+02
1.344368433027385956e+00 1.118371933326317524e+01 2.862957871021412757e+02
1.367304456309373029e+00 1.116651131045338552e+01 2.556473398882259289e+02
1.390360849306071067e+00 1.114837337597621669e+01 2.285784035309314390e+02
1.413532959393823951e+00 1.113227867516118685e+01 2.042208125243112704e+02
1.436703479079734169e+00 1.111356842542736345e+01 1.828329941009162098e+02
1.459949448762474677e+00 1.109751422505979690e+01 1.637083456054686508e+02
1.483213337102200269e+00 1.107947997861133693e+01 1.466706187736776599e+02
1.506471456682648702e+00 1.106190780354441472e+01 1.314328334140558638e+02
1.529700621359420865e+00 1.104462031938314936e+01 1.179339203733488546e+02
1.552878991099422734e+00 1.102631472039292504e+01 1.058849208287532520e+02
1.575984037825787221e+00 1.100987423777321084e+01 9.491393935793102798e+01
1.598975865067503443e+00 1.099154592261499452e+01 8.537060861239511667e+01
1.621842192683945472e+00 1.097252978927590483e+01 7.648287857016235591e+01
1.644562146066728126e+00 1.095383859241837499e+01 6.918212647238493673e+01
1.667126251320205199e+00 1.093598582565494226e+01 6.230136567586091445e+01
1.689445628595731108e+00 1.091740812605706878e+01 5.593693240729112404e+01
1.711563388734269386e+00 1.089724672749715850e+01 5.066581865903805237e+01
1.733466954000730142e+00 1.087792664571569823e+01 4.551531110244756917e+01
1.755038220938102578e+00 1.085782488147145486e+01 4.123435913461342750e+01
1.776365187180887206e+00 1.083827781117615707e+01 3.747118438734239732e+01
1.797340690149964448e+00 1.081744305475438850e+01 3.392050941572465916e+01
1.818001392175032871e+00 1.079669291266668552e+01 3.076947156094847458e+01
