2.191799393465098389e-01 1.550982308316407554e+01 3.683535669800713658e+06
2.250897775474957063e-01 1.529315443031730659e+01 3.248543362506149802e+06
2.311702177736200126e-01 1.506767107627198321e+01 2.851024830854765140e+06
2.374551120950910699e-01 1.486419817813558986e+01 2.502467576010052115e+06
2.439264711024194676e-01 1.467625169530819385e+01 2.192586185481754597e+06
2.505852568996421170e-01 1.449560692068418177e+01 1.934578986207876820e+06
2.574461746365263037e-01 1.433578704270467519e+01 1.701525746463611256e+06
2.645093740427204021e-01 1.417169297684833928e+01 1.496702109480326064e+06
2.717782026326792111e-01 1.403088162542688622e+01 1.314370951228130376e+06
2.792556775137348679e-01 1.388739250722121632e+01 1.152814385027401848e+06
2.869477970872485462e-01 1.375505884344568486e+01 1.013911939715163317e+06
2.948466008336488864e-01 1.363065449529193884e+01 8.931561254058765480e+05
3.029650405625647358e-01 1.351851560814260544e+01 7.856431829108294332e+05
3.113153832559073519e-01 1.340155818033390034e+01 6.908077007450116798e+05
3.198767654267841154e-01 1.330966688026896882e+01 6.077401876323892502e+05
3.286706758216740853e-01 1.320883002205757784e+01 5.342836387514361413e+05
3.376851511668008676e-01 1.311531787972132967e+01 4.716805148773568799e+05
3.469377744941226638e-01 1.303078535837719443e+01 4.146835867487791693e+05
3.564342279359665744e-01 1.294554064912049718e+01 3.658614828277257038e+05
3.661550561425161998e-01 1.286951663678795477e+01 3.223044522993686260e+05
3.761016192820664794e-01 1.279517850594065820e+01 2.950705993625249248e+05
3.863201624593236572e-01 1.272726712570494634e+01 2.498981094328617910e+05
3.967756320987020913e-01 1.266550659394595968e+01 2.202536604596707912e+05
4.074579531178828540e-01 1.260434717130520177e+01 1.940371990031650057e+05
4.183873863530245263e-01 1.254772297000812031e+01 1.710855283239399432e+05
4.295735947631285079e-01 1.249324351752908235e+01 1.517312766344903212e+05
4.409967398278968886e-01 1.244250927595896705e+01 1.334669297101588745e+05
4.526772406414927841e-01 1.238900572828331548e+01 1.176274899629931751e+05
4.646222506281868503e-01 1.234851927113615844e+01 1.040434777839841117e+05
4.767900426472139741e-01 1.230748296441492151e+01 9.191507200641499367e+04
4.892097442787888828e-01 1.226688855421210711e+01 8.103082829036586918e+04
5.018608468049231552e-01 1.222984139186880981e+01 7.172481484977259242e+04
5.147715658521121451e-01 1.219318899574451542e+01 6.346223711771175294e+04
5.279294191380826673e-01 1.215814190403532891e+01 5.613247504529916478e+04
5.413328815480482614e-01 1.212550473487918801e+01 4.972576858951777103e+04
5.549815451642771125e-01 1.209564993800296051e+01 4.399408859223558829e+04
5.688766104622691167e-01 1.206745263929168033e+01 3.892430362823166070e+04
5.829783580698730816e-01 1.204036347820423813e+01 3.449464760323516384e+04
5.969557607877742367e-01 1.201257527196909969e+01 3.049955841520342074e+04
6.106949207173999472e-01 1.198971714041875636e+01 2.739320453119946251e+04
6.243604779536841010e-01 1.196576955321735980e+01 2.449715684995514675e+04
6.379877070219975854e-01 1.194167629678199027e+01 2.191884114813622364e+04
6.516945269773983807e-01 1.191910155632553980e+01 1.964569122406742463e+04
6.655188799838883673e-01 1.189248400388579263e+01 1.763130704375520509e+04
6.795437891808150388e-01 1.187086766753773937e+01 1.581268937063959675e+04
6.937860913207966052e-01 1.185076127159618942e+01 1.415938636168543599e+04
7.083029342014453000e-01 1.182857639248135762e+01 1.267562447522067487e+04
7.231188324156403446e-01 1.180586818165468266e+01 1.135124042692206785e+04
7.382710012814542866e-01 1.178468903283914138e+01 1.006445141311845691e+04
7.537776365420261193e-01 1.176574516504203949e+01 9.071149126583506586e+03
7.696725615307495882e-01 1.174291828659401205e+01 8.107598241895922911e+03
7.859708134616388842e-01 1.172171276398037953e+01 7.226433568028367517e+03
8.027092845620832362e-01 1.170168026809064266e+01 6.445086496406140213e+03
8.198725204292970359e-01 1.168430953253795046e+01 5.744156448411828023e+03
8.375056664055716693e-01 1.166534946465946199e+01 5.117707125379864010e+03
8.556020191160296218e-01 1.164764420201099604e+01 4.545103588022485383e+03
8.741850657087297805e-01 1.163208469561524439e+01 4.038133868280433035e+03
8.932633401582178445e-01 1.161333527393533060e+01 3.586030204245826553e+03
9.128365101813679106e-01 1.159813306510899267e+01 3.182373095622118399e+03
9.329101880722513451e-01 1.158534495014802523e+01 2.818802964720921409e+03
9.534916866608015296e-01 1.157249054973779678e+01 2.496195942084853414e+03
9.745819736579458548e-01 1.155958507531373236e+01 2.213123275192363053e+03
9.961722071175218574e-01 1.154855242986485564e+01 1.960074383116756053e+03
1.018273440467753366e+00 1.153709178466202623e+01 1.733898049400595710e+03
1.040876706158198939e+00 1.152740127695461503e+01 1.532553573943731863e+03
1.063979994858261779e+00 1.151701202005471814e+01 1.356019408313434724e+03
1.087565690754379144e+00 1.150948508360560218e+01 1.198256599639162459e+03
1.111633498017920996e+00 1.150283085818912809e+01 1.059188043549312169e+03
1.136170249733646109e+00 1.149602966105397073e+01 9.351297348925598953e+02
1.161164343968943413e+00 1.148848775252922216e+01 8.271203994365730523e+02
1.186602035873971506e+00 1.148399521006564328e+01 7.309243627986434149e+02
1.212459786257025662e+00 1.147842033189108690e+01 6.460748074339422828e+02
1.238734178939649766e+00 1.147787458199546862e+01 5.678174049286392346e+02
1.265397587667274060e+00 1.147365013964647318e+01 5.018279906852095564e+02
1.292433167120622839e+00 1.146767938316897428e+01 4.468599146286339874e+02
1.319817799804992697e+00 1.146515697940234979e+01 3.950417256028010229e+02
1.347527702055315357e+00 1.146398177290203968e+01 3.497227665451694065e+02
1.375549729914652408e+00 1.146142954914198064e+01 3.077136327677612258e+02
1.403841113363456072e+00 1.146017023748464503e+01 2.741613145044436237e+02
1.432380877612843495e+00 1.146088063810978852e+01 2.430956093431003637e+02
1.461146687813268175e+00 1.145990746209505140e+01 2.155368280947083690e+02
1.490106248727799398e+00 1.145758192232650075e+01 1.911623430732847737e+02
1.519241060846974856e+00 1.145651065628305254e+01 1.696951036861448472e+02
1.548282525432295831e+00 1.145604310520177904e+01 1.510475270872777287e+02
1.577103935648946686e+00 1.145573724444035513e+01 1.344521789609545692e+02
1.605637686904830552e+00 1.145419323187418037e+01 1.198872428971540529e+02
1.633909562656772563e+00 1.145404882259739665e+01 1.072132285365701279e+02
1.661892675702212774e+00 1.145267696030684412e+01 9.597589218904990105e+01
1.689560484155870901e+00 1.145021652471515416e+01 8.578260617166925783e+01
1.716896857230120643e+00 1.144486056427679621e+01 7.727709321790639763e+01
1.743950838393142799e+00 1.144046172416151030e+01 6.941888730328648194e+01
1.770532003815777466e+00 1.143585764426835460e+01 6.256102793477591462e+01
1.796780786524227791e+00 1.143045720604841264e+01 5.636194692436394149e+01
1.822663897329585891e+00 1.142443388310940477e+01 5.086882189530102494e+01
1.848133821173270297e+00 1.141717214850500284e+01 4.599036906235645716e+01
1.873184412593913439e+00 1.140982573231257291e+01 4.157598080697093224e+01
1.897816457564907910e+00 1.140100178785399798e+01 3.767233733560268405e+01
1.922010311966417584e+00 1.139197814722764512e+01 3.414936705174352483e+01
1.945703185331958629e+00 1.138166302626211390e+01 3.089420458702304373e+01
1.968949275653140152e+00 1.137125193965751357e+01 2.818216542642216993e+01
