2.191799393465098389e-01 1.550982308316407554e+01 3.683535669800713658e+06
2.263671932778253959e-01 1.523426569890478888e+01 3.157938625843846239e+06
2.338144559774761044e-01 1.497869319723019288e+01 2.704229886586972512e+06
2.415588929371324800e-01 1.474609988271501315e+01 2.303498312578326557e+06
2.495642307718811959e-01 1.453204188588938806e+01 1.972278145886787679e+06
2.578702161667845716e-01 1.432194657554227035e+01 1.687426367790548597e+06
2.664726610001290075e-01 1.413477561716071840e+01 1.445519369266718626e+06
2.753794988668089583e-01 1.395701793436365357e+01 1.232417771521481220e+06
2.845971807720256708e-01 1.379687988932455944e+01 1.053913998070764588e+06
2.941268283200570433e-01 1.364045535698378053e+01 9.040124678257945925e+05
3.039681367852927751e-01 1.350041347040643025e+01 7.741895239532018313e+05
3.141448793750141188e-01 1.337127899088386762e+01 6.625126422734917141e+05
3.246515325598138269e-01 1.325675460626776392e+01 5.674899967470281990e+05
3.354820936494078976e-01 1.313517306664301643e+01 4.858456129112766939e+05
3.466589089137475654e-01 1.302559319798091231e+01 4.166561366998660960e+05
3.581851321237656260e-01 1.293626502240968357e+01 3.538651462947092950e+05
3.700512852108480688e-01 1.284007275872568599e+01 3.064412209832285298e+05
3.822906665853263997e-01 1.275404721548762410e+01 2.622378421908521559e+05
3.948588479006335805e-01 1.267737022685508741e+01 2.253939355302228651e+05
4.077938936659261104e-01 1.260045084138773142e+01 1.936133669316044543e+05
4.210840338004299688e-01 1.252628059515451220e+01 1.662671054243306862e+05
4.347563941690313905e-01 1.247141876080529777e+01 1.427641741332633828e+05
4.487849009911430986e-01 1.240853694744360247e+01 1.227978955090501840e+05
4.631754798729969536e-01 1.235467331573576288e+01 1.056689320815333922e+05
4.779202936016088699e-01 1.230295096194775972e+01 9.077824065610961406e+04
4.930258074473451990e-01 1.225356941926509258e+01 7.815598508874772233e+04
5.084937372258407917e-01 1.220807797402015815e+01 6.745464836841046053e+04
5.243298537493864542e-01 1.216699346484581135e+01 5.800202062860938167e+04
5.405270755939710625e-01 1.212896274615481396e+01 5.011997549686708953e+04
5.570859614117202874e-01 1.209077414278723595e+01 4.311396000032001757e+04
5.739707399379415653e-01 1.205573765437803324e+01 3.724409582523557765e+04
5.908904673368492455e-01 1.202534428891006613e+01 3.227887499440140527e+04
6.068104350054361884e-01 1.199504918256993591e+01 2.822515766379042907e+04
6.219005294058465028e-01 1.196476669052576725e+01 2.491478619036098826e+04
6.364707787367798186e-01 1.193553501171797926e+01 2.204369316706420432e+04
6.506855856084430290e-01 1.190641454287533385e+01 1.962145793940267686e+04
6.647145118234515371e-01 1.187577072821368951e+01 1.742218766891218183e+04
6.786601738658852856e-01 1.184281508884054190e+01 1.556460818672822097e+04
6.926244053225973918e-01 1.181312603017999052e+01 1.376021829148960387e+04
7.066828986845180571e-01 1.177736926383911076e+01 1.236316189125367055e+04
7.209025676106495251e-01 1.174186684143633208e+01 1.092644500720092037e+04
7.353509914258482549e-01 1.170834402349708903e+01 9.794907972401264487e+03
7.500573281880249521e-01 1.167452520270738603e+01 8.721814554080438029e+03
7.650867021704402804e-01 1.163675153040097321e+01 7.754469378578024589e+03
7.804829607319498930e-01 1.160170353097095131e+01 6.871790476469481291e+03
7.962439870658275520e-01 1.156263611391394264e+01 6.043410438194821836e+03
8.124288696191397374e-01 1.152897913081592485e+01 5.390967934829820479e+03
8.290559548758682507e-01 1.149001908039395303e+01 4.767616660494155440e+03
8.461479208206590386e-01 1.145851384537280637e+01 4.199675837509572375e+03
8.637167428913187228e-01 1.141895965821128378e+01 3.701878368943701389e+03
8.817802070163363037e-01 1.138557223021387799e+01 3.261475326709211913e+03
9.003581933868400888e-01 1.135463551786300584e+01 2.843746191573054148e+03
9.194429225841996844e-01 1.131676817197929807e+01 2.513919274735423187e+03
9.390834112231625230e-01 1.128435251294715869e+01 2.204471251453891909e+03
9.591565989972241635e-01 1.125218281617060789e+01 1.933135732595000263e+03
9.797951437348633164e-01 1.121846198882457202e+01 1.691562127027151064e+03
1.000944017046562218e+00 1.118771678120677038e+01 1.480865823751149037e+03
1.022603711233582180e+00 1.115441781728955739e+01 1.294596369754960278e+03
1.044756345650454277e+00 1.112515069200621021e+01 1.131098722828645350e+03
1.067394884356243301e+00 1.109417262611628807e+01 9.882348456281042672e+02
1.090501759320235964e+00 1.106507948281388032e+01 8.626826861777481099e+02
1.114061634299542192e+00 1.103708736374439958e+01 7.524860119623890569e+02
1.138042547009392225e+00 1.101007856421768771e+01 6.571265922087017088e+02
1.162433249998604978e+00 1.098286358868121226e+01 5.731525073528375742e+02
1.187208727337309977e+00 1.095926624046017217e+01 4.966989937781083313e+02
1.212338620741314710e+00 1.093073521857080799e+01 4.366827546558880613e+02
1.237789678394695780e+00 1.090604580667104706e+01 3.811900066435448480e+02
1.263529192617222519e+00 1.088161564017033811e+01 3.319267753495503825e+02
1.289530240893147273e+00 1.085717398412165124e+01 2.908745728449374610e+02
1.315756073937072834e+00 1.083272865112825656e+01 2.534993401376449071e+02
1.342164597109710478e+00 1.080884166179114736e+01 2.223934328005544216e+02
1.368726465356709721e+00 1.078867110475209934e+01 1.946576179463220058e+02
1.395401104672616688e+00 1.076355917845420507e+01 1.705387274046224775e+02
1.422145617802785811e+00 1.074135589130334978e+01 1.494584576095928981e+02
1.448918888436614871e+00 1.071809555841365835e+01 1.311634102248135889e+02
1.475684200671093071e+00 1.069577465620828249e+01 1.151644018597294945e+02
1.502396108743025538e+00 1.067352267329164128e+01 1.008473253155840581e+02
1.529014737812690150e+00 1.065119790565305991e+01 8.917347504917022150e+01
1.555500691326798357e+00 1.062847978582935404e+01 7.820856030268960524e+01
1.581805627463600983e+00 1.060608107265077216e+01 6.923305166491103080e+01
1.607896757459462478e+00 1.058332485274298840e+01 6.091839548772762925e+01
1.633689258801040545e+00 1.056053540821996961e+01 5.409501334291933006e+01
1.658766820232906003e+00 1.053765007074067128e+01 4.795221929108375747e+01
1.683016631011128972e+00 1.051376323753989439e+01 4.250716166723152156e+01
1.706399173755514864e+00 1.048997656332424988e+01 3.804996540755806933e+01
1.728921748927160440e+00 1.046551376544696410e+01 3.403167485857500907e+01
1.750568562673066486e+00 1.043940810016388987e+01 3.054521900867484518e+01
1.771359612021881080e+00 1.041195452523171205e+01 2.743538484462965243e+01
1.791290230627242019e+00 1.038488671267473151e+01 2.466342437906915563e+01
1.810366386914761039e+00 1.035512541194939473e+01 2.225110368448208575e+01
1.828594362498850323e+00 1.032541012304742800e+01 2.019349384169101569e+01
1.845986140855104374e+00 1.029501429522602685e+01 1.830396160110358394e+01
1.862533813785230086e+00 1.026286309311282352e+01 1.658592478238944068e+01
1.878331159997683963e+00 1.023081845772738596e+01 1.512337723034128700e+01
1.893160524042672765e+00 1.019682328094525481e+01 1.379551515411563756e+01
1.907271076452290659e+00 1.016270651274900239e+01 1.256771205272302083e+01
1.920567954953315892e+00 1.012726903881905471e+01 1.153064685604727657e+01
1.933140126993314389e+00 1.009095431580084146e+01 1.056736175145419132e+01
1.944896868709617310e+00 1.005401732512203594e+01 9.674407479546758282e+00
1.955770597896647978e+00 1.001621028541936553e+01 8.901827971931027150e+00
