2.191799393465098389e-01 1.550982308316407554e+01 3.683535669800713658e+06
2.268593841611299122e-01 1.522892093822340698e+01 3.125400631522616372e+06
2.348556976407620012e-01 1.494843273558488761e+01 2.615167634027475491e+06
2.431646054192041773e-01 1.470928746647032348e+01 2.243423196315161418e+06
2.517989757965984343e-01 1.447162600457798476e+01 1.868271950499687809e+06
2.607579516737695835e-01 1.425715762608074044e+01 1.597580969108076766e+06
2.700661688822835194e-01 1.406612461057166286e+01 1.354128274916878436e+06
2.797233639132787331e-01 1.387648580826717115e+01 1.144923540387635818e+06
2.897388521301565989e-01 1.371180142982814587e+01 9.684293641354574356e+05
3.001101787533521636e-01 1.355838072905197045e+01 8.201102106800222537e+05
3.108437213046009728e-01 1.341369428868431157e+01 6.952385141760525294e+05
3.219576038022662345e-01 1.327977527836304183e+01 5.901917157185755204e+05
3.334580909105760993e-01 1.315543958163950933e+01 5.003648922466067015e+05
3.453350611046483998e-01 1.304372855358109717e+01 4.238943280649790540e+05
3.576140877909700366e-01 1.293783123991277151e+01 3.601735886942546931e+05
3.702807045130549479e-01 1.283897899918501651e+01 3.051900729954263661e+05
3.833653825522221337e-01 1.274766364326197987e+01 2.592182735606952629e+05
3.968456607757507859e-01 1.266058568896853131e+01 2.201442737644758890e+05
4.107433890356450568e-01 1.258647780323681076e+01 1.869710651018169301e+05
4.250413507642473165e-01 1.251242894559872454e+01 1.578677510055085004e+05
4.397282381714688881e-01 1.244650503312701417e+01 1.353586277322131209e+05
4.548629072268120521e-01 1.238658107459813351e+01 1.152614136185030802e+05
4.704189870944558982e-01 1.232856710610491113e+01 9.798377324917497754e+04
4.863891623221000549e-01 1.227503553466530128e+01 8.335053626841542427e+04
5.027324954827987469e-01 1.222631325663661706e+01 7.104534037580380391e+04
5.195136699917296541e-01 1.217994861440959831e+01 6.079749354015963036e+04
5.367095504047871835e-01 1.213699180299989600e+01 5.179033735847814387e+04
5.543158702837621687e-01 1.209718244791051411e+01 4.425154823690644844e+04
5.723028400041827446e-01 1.206012718493363955e+01 3.778661537555752875e+04
5.905910208661011573e-01 1.202558501731748386e+01 3.238957987253324245e+04
6.087994187893790432e-01 1.199327142145297564e+01 2.779722832337759974e+04
6.270566304888381959e-01 1.196369875539889627e+01 2.396473862732380439e+04
6.455158097372796222e-01 1.192940404573825752e+01 2.070491648137484299e+04
6.643504922576756178e-01 1.190288252553081172e+01 1.787901868018249661e+04
6.836610223621756299e-01 1.187265189146776656e+01 1.541071219197402206e+04
7.035908151980649894e-01 1.185055711311066240e+01 1.327163319987466821e+04
7.240613510918865181e-01 1.182349631108103338e+01 1.131776652280799681e+04
7.452531700515797608e-01 1.179936299444598191e+01 9.800968993718533966e+03
7.672318728829407020e-01 1.177355096811158575e+01 8.416080587724991346e+03
7.900072392058720139e-01 1.175340980292179971e+01 7.213060022732083780e+03
8.136431954923473153e-01 1.173369849832628020e+01 6.162239036838593165e+03
8.381621330888257004e-01 1.171454006694494154e+01 5.268739223814310208e+03
8.635886300574788788e-01 1.169728113158274319e+01 4.458936994582325497e+03
8.899531502201872835e-01 1.168205668919286211e+01 3.828190938298546371e+03
9.172740962628356254e-01 1.166919821577777050e+01 3.255561897963508727e+03
9.455597048057682308e-01 1.165663225331002195e+01 2.768394711261932571e+03
9.748112350428854711e-01 1.164794749550713604e+01 2.350413496482767641e+03
1.005067957244421883e+00 1.164044879475099314e+01 1.994428113774625217e+03
1.036225829477039229e+00 1.163278093166548643e+01 1.691685267135308550e+03
1.068375017291427698e+00 1.162930109313014349e+01 1.433110944897683339e+03
1.101457801510008494e+00 1.162558895788383317e+01 1.214631493033142078e+03
1.135447177303210209e+00 1.162492238610900941e+01 1.028938918425589009e+03
1.169498391207015819e+00 1.162487315468417037e+01 8.750411045762702997e+02
1.202571603132208677e+00 1.162608654282832177e+01 7.493535990347622828e+02
1.234485086476456051e+00 1.162175921362804942e+01 6.461763663225989376e+02
1.265353221144143614e+00 1.161852753345701927e+01 5.604299764888436357e+02
1.295257427406907524e+00 1.161361378600184224e+01 4.881649862733489726e+02
1.324283518279856020e+00 1.160738495819953719e+01 4.266260055431640126e+02
1.352451014418583064e+00 1.159554775407762328e+01 3.740346539800171968e+02
1.379866337950919286e+00 1.158472131744585276e+01 3.294809390449755142e+02
1.406519602703897753e+00 1.157043766151148390e+01 2.905307117685207459e+02
1.432487888148054278e+00 1.155485452288619719e+01 2.572493962371747784e+02
1.457784723613047451e+00 1.153654486041900284e+01 2.271476384322079696e+02
1.482439146870634605e+00 1.151555851898508287e+01 2.025677914398688131e+02
1.506483859684571991e+00 1.149425383700277337e+01 1.802797696268796699e+02
1.529933332944387603e+00 1.146918138940860210e+01 1.605265958107105746e+02
1.552781517247583620e+00 1.144277619621251318e+01 1.432682482360085032e+02
1.575043646642605655e+00 1.141604368526589042e+01 1.279997609720865768e+02
1.596733934478930861e+00 1.138559069597431694e+01 1.145350575414999810e+02
1.617862257891471200e+00 1.135444605094659565e+01 1.026752357983438202e+02
1.638428462431863686e+00 1.132206877743052864e+01 9.209305599397200126e+01
1.658422663274209174e+00 1.128766271611424266e+01 8.267002379524876687e+01
1.677858149981371394e+00 1.125163552210909579e+01 7.429710125632524864e+01
1.696718790397446774e+00 1.121420068872430065e+01 6.684099971691493636e+01
1.714983806021029400e+00 1.117555167730142962e+01 6.023789510209542897e+01
1.732681472024574010e+00 1.113564821809810113e+01 5.433696030634501284e+01
1.749803415165601672e+00 1.109443416628844581e+01 4.907372196099037609e+01
1.766333478298212079e+00 1.105219798813969945e+01 4.435857068322561503e+01
1.782265097641906992e+00 1.100865559108460978e+01 4.013999091382010675e+01
1.797594302174630121e+00 1.096407704029751962e+01 3.633834220299604567e+01
1.812292665202262842e+00 1.091782773481246949e+01 3.299373505751859170e+01
1.826395244270141216e+00 1.087201524872060077e+01 2.998696583399967963e+01
1.839879827087892217e+00 1.082308225284664260e+01 2.724160276971434058e+01
1.852734817554241076e+00 1.077492962227129247e+01 2.477681830270267582e+01
1.864959448484244220e+00 1.072583994900553428e+01 2.257530803830763588e+01
1.876563707450263907e+00 1.067514546194814606e+01 2.060242727266928142e+01
1.887499552201620245e+00 1.062369907858952445e+01 1.876935397140239203e+01
1.897815478037404135e+00 1.057259274854446041e+01 1.722441687915894803e+01
1.907490050000233417e+00 1.052003123775464744e+01 1.577281946382464817e+01
1.916524974239526946e+00 1.046680976193897727e+01 1.441687151743844808e+01
1.924920681446325554e+00 1.041328724091398961e+01 1.329007692899637050e+01
1.932683438726348069e+00 1.035939980251373882e+01 1.220781602101866170e+01
1.939781586415510573e+00 1.030475971440826655e+01 1.125264656695904009e+01
1.946261065787435962e+00 1.024963700538383726e+01 1.037418961110613580e+01
1.952105717820832531e+00 1.019444306290072433e+01 9.582536476948721571e+00
1.957330834392738694e+00 1.013818426152864305e+01 8.861180618169127499e+00
1.961933293577191817e+00 1.008274519061379770e+01 8.207592605675207764e+00
1.965947814570248697e+00 1.002677488587287513e+01 7.609124305712505532e+00
1.969321059887621406e+00 9.969741188716946922e+00 7.055569923419314549e+00
1.972109527530006012e+00 9.912710772614371280e+00 6.579868176437488003e+00
