2.191799393465098389e-01 1.550982308316407554e+01 3.683535669800713658e+06
2.255933063060679700e-01 1.525466953804849268e+01 3.204172079780530185e+06
2.322227409125066366e-01 1.503831108043987541e+01 2.788547266865740996e+06
2.390739909422985865e-01 1.482118065235546389e+01 2.427358570878002793e+06
2.461542897551246001e-01 1.461440273497659881e+01 2.103260307404866908e+06
2.534601501574732518e-01 1.443173767803342677e+01 1.830463625914445845e+06
2.610019745600783425e-01 1.425057175307007995e+01 1.588788428711062763e+06
2.687847456401125656e-01 1.408770329152481615e+01 1.380978641233293340e+06
2.768115407420713714e-01 1.393083305598693755e+01 1.203443347429010784e+06
2.850883341403159799e-01 1.378670896521144407e+01 1.046234981532881735e+06
2.936302315184615708e-01 1.365414798594204449e+01 9.108883154774456052e+05
3.023871441335997945e-01 1.352965658736435373e+01 7.920964592281701043e+05
3.114357931433383020e-01 1.340267348817789106e+01 6.892789552788009169e+05
3.207532728789502241e-01 1.329938134817444784e+01 5.996301174824014306e+05
3.303051288745545433e-01 1.319463873859023906e+01 5.233160937650372507e+05
3.401417481870575021e-01 1.308978756789640308e+01 4.556815212832617690e+05
3.502541426684148695e-01 1.299743595194981616e+01 3.963835935270784539e+05
3.606491619922131409e-01 1.291263852780081933e+01 3.456731642992687994e+05
3.713131076354450610e-01 1.282880938888386879e+01 3.016835702759683481e+05
3.822820962093056996e-01 1.275540416810720501e+01 2.628808190314788371e+05
3.935050802851378648e-01 1.268413100911353730e+01 2.291019671295458684e+05
4.050343491067207036e-01 1.262029132689123045e+01 1.997572356207096018e+05
4.168581902486186985e-01 1.255371387005808970e+01 1.746781222793819616e+05
4.289411705229271288e-01 1.249573976589860180e+01 1.521075228626251628e+05
4.413259707798521392e-01 1.244013153543690287e+01 1.328757409704893362e+05
4.540138232020571873e-01 1.238855870390580094e+01 1.160025544961703999e+05
4.670046258094937563e-01 1.234219392123612025e+01 1.013572632406743942e+05
4.802713519099092165e-01 1.229369625799852628e+01 8.874253374607709702e+04
4.938144152370429474e-01 1.225150047704506839e+01 7.764387144530359365e+04
5.076533455957086272e-01 1.221045562870750523e+01 6.785246318446841906e+04
5.217881051049045871e-01 1.217357146382234667e+01 5.933539947138867865e+04
5.362117920484179567e-01 1.213711433379170046e+01 5.213400336774123571e+04
5.509245478832435206e-01 1.210266161457560052e+01 4.557054123561214510e+04
5.659264103587388073e-01 1.207134393214742829e+01 3.997289919726227527e+04
5.811631795848458681e-01 1.204128976110682636e+01 3.507074309976872610e+04
5.962621615107154271e-01 1.201504299198134973e+01 3.084293348834389326e+04
6.109383206942659017e-01 1.198869159272117990e+01 2.728521893690071738e+04
6.253565495447452882e-01 1.196275910589356606e+01 2.427756430697719770e+04
6.396742802324631993e-01 1.193819850714361763e+01 2.155039930379581710e+04
6.539499891643567597e-01 1.192078440489489566e+01 1.922509573317043760e+04
6.683156087765727005e-01 1.188569968406146238e+01 1.706153454785456051e+04
6.828229937061662813e-01 1.185633884762040502e+01 1.532753617271790608e+04
6.975385022768384458e-01 1.183352259928952854e+01 1.366322628532758790e+04
7.124867007595145907e-01 1.180632454791545705e+01 1.216792713329356411e+04
7.277436250464403011e-01 1.178299727462169777e+01 1.083739500771577877e+04
7.433390375758136548e-01 1.175823539816569685e+01 9.649716782837023857e+03
7.593002742089506318e-01 1.173257570566647878e+01 8.586970610397991550e+03
7.756587833244086294e-01 1.170812264452485962e+01 7.617891672194815328e+03
7.924524937989479989e-01 1.168134846874838217e+01 6.701655696504513799e+03
8.096896241376967396e-01 1.165676050436148792e+01 5.996077452824146349e+03
8.273967065850696967e-01 1.163543505546038048e+01 5.314248454518645303e+03
8.455868219568185573e-01 1.161050202590995895e+01 4.698783623333790274e+03
8.642812435816276118e-01 1.158793588176625811e+01 4.154622243254748355e+03
8.834987211052320877e-01 1.156956730966360780e+01 3.666258300449882427e+03
9.032428001697564435e-01 1.155069714445909312e+01 3.233352152442335409e+03
9.235064718637473469e-01 1.152799704672666969e+01 2.853427603043935505e+03
9.443179662617589010e-01 1.150802774664100347e+01 2.512422588317140253e+03
9.656626093499176555e-01 1.149047474972381622e+01 2.212772275121115854e+03
9.875482106529709370e-01 1.147240104760462032e+01 1.943951135142766816e+03
1.009973398076108531e+00 1.145713018168420128e+01 1.709906126675677115e+03
1.032932418106223604e+00 1.144212204060131555e+01 1.501505176346468716e+03
1.056413486514915068e+00 1.142795383605131398e+01 1.319641611069687315e+03
1.080418309376386388e+00 1.141125317608780243e+01 1.159136353523374055e+03
1.104927274453812558e+00 1.139840186367875496e+01 1.016425946988775763e+03
1.129935748089115011e+00 1.138596062103565210e+01 8.883054441073998078e+02
1.155421233926497981e+00 1.137353480369722369e+01 7.835464599745265559e+02
1.181362425019724105e+00 1.136552018461006419e+01 6.872757577386155390e+02
1.207750832551888864e+00 1.135146381974872831e+01 6.001203597306423489e+02
1.234553735774962524e+00 1.134120163863217812e+01 5.301059775466325164e+02
1.261755340542676240e+00 1.133441590742059901e+01 4.654263491494372147e+02
1.289339303457215147e+00 1.132359816917803386e+01 4.085073186361737498e+02
1.317261501628656406e+00 1.131539794396702625e+01 3.588762929154704011e+02
1.345502320062067714e+00 1.130949066880223874e+01 3.158897436417203153e+02
1.374032206487938890e+00 1.130328302041990085e+01 2.777569728493409116e+02
1.402822773714785143e+00 1.129359741673353490e+01 2.441776907649740735e+02
1.431834530785972115e+00 1.128585881734980489e+01 2.152776977177499020e+02
1.461041254420415880e+00 1.128003759179901166e+01 1.895039383227300789e+02
1.490405616188259730e+00 1.127373951438549149e+01 1.671003755323512792e+02
1.519895618317330221e+00 1.126766502884928478e+01 1.473709273561297550e+02
1.549462180779805021e+00 1.126118395538191663e+01 1.301698865510073517e+02
1.579084456678168547e+00 1.125538893818879949e+01 1.150913515776691440e+02
1.608719204484608589e+00 1.124826207974990311e+01 1.014933935874582573e+02
1.638323078096580065e+00 1.124212484803330447e+01 9.015179193780166145e+01
1.667864855384206590e+00 1.123550686384954744e+01 7.989239615857088950e+01
1.697144813301713961e+00 1.122887381071324420e+01 7.089631016160966226e+01
1.724117347612308393e+00 1.122123694589933862e+01 6.350776182635354417e+01
1.748337219370071693e+00 1.121143193180085085e+01 5.740317237022136254e+01
1.769999404205332194e+00 1.119874409449646357e+01 5.224639087383618374e+01
1.789338083558621006e+00 1.118311495442178405e+01 4.788695085793993655e+01
1.806568620687609927e+00 1.116489102735903671e+01 4.410661550690607413e+01
1.821861031333278147e+00 1.114396210822362754e+01 4.066779607393251439e+01
1.835378349558320465e+00 1.112054397435231756e+01 3.799108532320840936e+01
1.847266307971991761e+00 1.109530834164412916e+01 3.532278763541063427e+01
1.857664074554130851e+00 1.106711790134501783e+01 3.318517720547768590e+01
1.866676570459663065e+00 1.103696679276309034e+01 3.118830804722688299e+01
1.874414710921902705e+00 1.100416738667066596e+01 2.926100804681022893e+01
1.880968197070256309e+00 1.096988394666176880e+01 2.773341095184516192e+01
1.886715301844080095e+00 1.093312800305536392e+01 2.620953224451731245e+01
1.892203515699609540e+00 1.089412766027713708e+01 2.472921068188268734e+01
1.897533931790176931e+00 1.085197402880749884e+01 2.321547846477401222e+01
