2.191799393465098389e-01 1.550982308316407554e+01 3.683535669800713658e+06
2.278076751616972262e-01 1.517678517442322317e+01 3.052439442835611291e+06
2.368430058701040952e-01 1.487993648194524887e+01 2.532687242673967499e+06
2.462527972193690184e-01 1.460881136722298557e+01 2.096848351249084808e+06
2.560852535288979936e-01 1.437618190616362135e+01 1.748459912629652070e+06
2.663419126658946867e-01 1.413972427976562685e+01 1.445770130537119461e+06
2.770346922138524071e-01 1.392901816796729264e+01 1.199720091121297562e+06
2.881732865255460241e-01 1.374030256335434430e+01 9.939709991548112594e+05
2.997605562150204572e-01 1.356010757130338362e+01 8.260416465176369529e+05
3.118085975801925813e-01 1.340003462901025344e+01 6.858347177513005445e+05
3.243286755576670344e-01 1.325886814165045635e+01 5.700600899985631695e+05
3.373271475349959858e-01 1.311755746749707896e+01 4.737446823522739578e+05
3.508174178399377507e-01 1.300471077779027773e+01 3.934250346161586931e+05
3.648126408339810167e-01 1.287970328934802033e+01 3.275451457495759241e+05
3.792964934968998114e-01 1.277361824226097475e+01 2.729609044965709327e+05
3.942857639489912303e-01 1.267993410986048097e+01 2.267729942713670316e+05
4.098028031235689816e-01 1.259375649208937986e+01 1.887938115716243919e+05
4.258289339388506289e-01 1.250981262837298225e+01 1.574202482496185694e+05
4.423579037422040727e-01 1.243480326940403913e+01 1.314708850636613788e+05
4.594523706342880653e-01 1.236779531150629730e+01 1.095156763643915765e+05
4.770289238599183523e-01 1.230361727603484034e+01 9.161738688529412320e+04
4.951271543610832326e-01 1.224807751076412465e+01 7.653050107623955410e+04
5.137479166587272106e-01 1.219580541135218432e+01 6.404303697127625492e+04
5.328917256486390697e-01 1.214568042398217607e+01 5.361808529881005961e+04
5.525529384352471096e-01 1.210196469780625961e+01 4.496300576387402543e+04
5.726989049421457034e-01 1.205923274969584646e+01 3.765693586618399422e+04
5.932326499351145976e-01 1.202132589703219523e+01 3.165352871282312844e+04
6.137451680853622804e-01 1.198499193737698221e+01 2.651324666985872682e+04
6.344882095624025942e-01 1.194970614418903310e+01 2.260732258353610086e+04
6.556646685479194936e-01 1.191757121882261394e+01 1.912710851390745302e+04
6.774585755021496070e-01 1.188726061897735420e+01 1.617830189854942000e+04
7.000009425693366483e-01 1.185860213069556401e+01 1.364964231616640973e+04
7.234333995181911892e-01 1.182920143233843646e+01 1.150741092360703078e+04
7.476830101512040860e-01 1.180208581816355284e+01 9.687150743038722794e+03
7.730801873072901120e-01 1.177775679989174940e+01 8.127614487487078804e+03
7.994359063794758136e-01 1.175605233015357065e+01 6.821965996169424216e+03
8.270021370886478929e-01 1.173673022232991947e+01 5.708975834105007380e+03
8.557517821163370675e-01 1.171531143017683974e+01 4.768690388613837058e+03
8.857118117855699024e-01 1.170207777260194248e+01 3.973245394880546883e+03
9.169613801483482707e-01 1.169025875428586936e+01 3.308956518882891487e+03
9.494090159107004823e-01 1.167841974778047387e+01 2.749763691825678052e+03
9.831526011180189428e-01 1.166810040084137157e+01 2.283944078010476005e+03
1.018164056313576538e+00 1.166430065337154609e+01 1.895003175031390356e+03
1.054438075945377307e+00 1.166084989342056133e+01 1.571450892423966252e+03
1.091956727910275760e+00 1.166352103521352568e+01 1.303306426805076853e+03
1.130680597333469928e+00 1.166299332370582498e+01 1.071906699165344435e+03
1.170586403383849339e+00 1.166356042117145364e+01 8.950628051660644360e+02
1.211150673548504475e+00 1.166720359901805892e+01 7.428228889998778186e+02
1.249723208666138508e+00 1.167107236072771848e+01 6.242015402791904535e+02
1.286111382579982143e+00 1.167637665953212434e+01 5.305853295675179879e+02
1.320553434256145353e+00 1.167100674024644391e+01 4.529066559760888708e+02
1.353240692844742687e+00 1.166420537867601048e+01 3.925006008781693936e+02
1.384325194790276159e+00 1.165813013066302339e+01 3.407638234882611528e+02
1.413962349961464637e+00 1.164509344684947223e+01 2.970206068845317873e+02
1.442244341430981791e+00 1.162833563970546180e+01 2.599368434236160397e+02
1.469292091953978474e+00 1.160599982494952442e+01 2.288431623539537156e+02
1.495173453608247938e+00 1.158239567000689618e+01 2.017520788188562904e+02
1.519974439382871800e+00 1.155779392032838793e+01 1.782592041280219632e+02
1.543743888317174795e+00 1.152767482475484151e+01 1.581992406942627838e+02
1.566532727371815925e+00 1.149484831252532935e+01 1.403717276071780020e+02
1.588383602801338945e+00 1.146044001368605514e+01 1.249986230461699819e+02
1.609335379986910119e+00 1.142251002901847023e+01 1.114227656727750144e+02
1.629421040385450992e+00 1.138285745627042722e+01 9.952130670804339729e+01
1.648660619158214713e+00 1.134041736255231214e+01 8.901122744522946562e+01
1.667074965009028187e+00 1.129596803000756289e+01 7.970866932417180806e+01
1.684682669771683461e+00 1.124904806822714320e+01 7.155633455060721815e+01
1.701508459503485948e+00 1.120069033919274482e+01 6.389766178967281007e+01
1.717532089572069154e+00 1.114973730592318368e+01 5.771576262489907805e+01
1.732796407808782746e+00 1.109782502644104341e+01 5.201054728681740613e+01
1.747291013640556834e+00 1.104471810914353291e+01 4.685964547447235162e+01
1.761021961479022124e+00 1.098866879632367599e+01 4.230471052129706777e+01
1.774164318731033196e+00 1.093193524029785557e+01 3.817982069344911622e+01
1.786242042648977790e+00 1.087351932666359566e+01 3.461695718094625818e+01
1.797725992120872363e+00 1.081318951980593290e+01 3.125618091546992261e+01
1.808468646177005423e+00 1.075215049959276215e+01 2.845436529000909331e+01
1.818477322758758286e+00 1.069026969646849246e+01 2.586182069373595738e+01
1.827736707023387419e+00 1.062744904813702540e+01 2.353512194397472967e+01
1.836264447584807114e+00 1.056330545565526791e+01 2.144133852620954528e+01
1.844079421794350582e+00 1.049885584442408337e+01 1.955693975687002606e+01
1.851153079386305134e+00 1.043308471425332051e+01 1.785804427894506574e+01
1.857510798955318565e+00 1.036750234164175311e+01 1.634070759964055242e+01
1.863153482471193723e+00 1.030068396405786402e+01 1.497749820393655007e+01
1.868101907725220778e+00 1.023337827657464416e+01 1.374007556713177713e+01
1.872336221481920582e+00 1.016504177099742279e+01 1.261733395192290708e+01
1.875887482813645812e+00 1.009678633606131548e+01 1.162361969703189146e+01
1.878744211139082854e+00 1.002795412111329831e+01 1.068282832610867672e+01
1.880955006053909750e+00 9.960117992351408489e+00 9.888556314213452936e+00
1.882475920096931876e+00 9.890955425770675546e+00 9.155090445427047641e+00
1.883372876696791876e+00 9.820799177324033735e+00 8.459135999678636608e+00
1.883616024702385205e+00 9.751443705582051535e+00 7.846907304392417792e+00
1.883260849670922443e+00 9.682579695871652348e+00 7.315866263222012833e+00
1.882278964460817772e+00 9.613188265474766681e+00 6.810491649603532593e+00
1.880705398158852848e+00 9.544317257583031733e+00 6.355317763368668160e+00
1.878648354917147101e+00 9.476564472500633940e+00 5.916212165998032901e+00
1.875762036892420159e+00 9.407589535224103017e+00 5.565764482655860768e+00
1.872544734425493962e+00 9.340367201539757858e+00 5.212799228325891931e+00
1.868523870236317608e+00 9.271722325758934957e+00 4.905947695478719339e+00
1.864220172541725784e+00 9.205329770782165966e+00 4.637125736629611694e+00
1.859157680789112144e+00 9.137696175580842350e+00 4.366953129634669750e+00
1.853854188585874363e+00 9.071707040812391654e+00 4.125027144342972463e+00
