2.191799393465098389e-01 1.550982308316407554e+01 3.683535669800713658e+06
2.244341615120890865e-01 1.532242063084793138e+01 3.297968874284682795e+06
2.298360453543004112e-01 1.511342777722589048e+01 2.932028916109247599e+06
2.353775515444118116e-01 1.492960827813935154e+01 2.610211948611512780e+06
2.410951278117815511e-01 1.476585695505500162e+01 2.333392576242343523e+06
2.469364774239869442e-01 1.459058509373535983e+01 2.069386808902609162e+06
2.529425049357889588e-01 1.443868341162669289e+01 1.848764215447581140e+06
2.591095029673338712e-01 1.429787153779959041e+01 1.652643457866805140e+06
2.654377252100714180e-01 1.415494962095196740e+01 1.467558112419698387e+06
2.719295959009303543e-01 1.402579496954056637e+01 1.311318827977454988e+06
2.785874924167717759e-01 1.389934157596680819e+01 1.167692051485445350e+06
2.854154594385849841e-01 1.378309754565459855e+01 1.039973581036453950e+06
2.924177126548260786e-01 1.367161211575591651e+01 9.300418239314199891e+05
2.995757137605073450e-01 1.356173983849660125e+01 8.279269877147858497e+05
3.069109792644891810e-01 1.346845277939283925e+01 7.386220302452847827e+05
3.144342036605115021e-01 1.336656155387019673e+01 6.584689580208508996e+05
3.221245358638109568e-01 1.327877363999895088e+01 5.897663006540727802e+05
3.300065616610340924e-01 1.318927916127203304e+01 5.243124732230409281e+05
3.380601113737810026e-01 1.310852949586440985e+01 4.691345320234610117e+05
3.463031898032465361e-01 1.303307446291944949e+01 4.190277198043173412e+05
3.547379513755603009e-01 1.295787485874560296e+01 3.736260246051911381e+05
3.633596116446735080e-01 1.289170584404950404e+01 3.340270848797465442e+05
3.721548165352004389e-01 1.282322960672122214e+01 2.982704460624246858e+05
3.811717275943490857e-01 1.276121059271430980e+01 2.665399567505273735e+05
3.903419201516734605e-01 1.270288316968392195e+01 2.377579713747761853e+05
3.997236051008459801e-01 1.264577550215236990e+01 2.126398141789160727e+05
4.093099888465189795e-01 1.259595406233220238e+01 1.887429737551295548e+05
4.190675384140372106e-01 1.254372289251226391e+01 1.697609302225078864e+05
4.290446506646035107e-01 1.249836123692990419e+01 1.502696623300616920e+05
4.391959529412694518e-01 1.245197740635974348e+01 1.363285600081926095e+05
4.495774417071485285e-01 1.240653142374251594e+01 1.216653492946767801e+05
4.601409122266299501e-01 1.236105257389948342e+01 1.088719881509041297e+05
4.708846877467935399e-01 1.232563233664797409e+01 9.754192424122433295e+04
4.818166501962162784e-01 1.228953744543913018e+01 8.727694209663259971e+04
4.929722726218139228e-01 1.225194873855448563e+01 7.835572981111037370e+04
5.043058791323308254e-01 1.222056923331112976e+01 7.004108815110947762e+04
5.158412988868658067e-01 1.218922575285866472e+01 6.274928053759301110e+04
5.275735709471047752e-01 1.215881139148288526e+01 5.634622451838541019e+04
5.394998707481889477e-01 1.213180947076921967e+01 5.058461185356239730e+04
5.516224117356303136e-01 1.210219194630462702e+01 4.534228817165521468e+04
5.639398072699854936e-01 1.207882400776516540e+01 4.062546764880252158e+04
5.764188340116960241e-01 1.205261668069325687e+01 3.615164042661958229e+04
5.890900010336426185e-01 1.202435745855755123e+01 3.276500245632993028e+04
6.018332257723215672e-01 1.200648146282322237e+01 2.915565482402837370e+04
6.147519616025801659e-01 1.198314757933709807e+01 2.634633747478823716e+04
6.279044110217943953e-01 1.195962576942050148e+01 2.386803518580919990e+04
6.412927291400450924e-01 1.194211719959234586e+01 2.146618375319779079e+04
6.549704240578193559e-01 1.192235362873706528e+01 1.930301759421960742e+04
6.689635302427158203e-01 1.190599243098657389e+01 1.731293074970286398e+04
6.833612931159862569e-01 1.188765680928752033e+01 1.554290345943303873e+04
6.980534980300470149e-01 1.187014809423254924e+01 1.397728603054280757e+04
7.132034337595836160e-01 1.185425842859069512e+01 1.251580214894438723e+04
7.287552252590447921e-01 1.184064667975243701e+01 1.111783001900712770e+04
7.447648226686592876e-01 1.182615716577984877e+01 1.003240515202990719e+04
7.612353842045994634e-01 1.181308205443920478e+01 8.980818931283671191e+03
7.781803595598580925e-01 1.180064281132125181e+01 8.015293425313710941e+03
7.956230835726382233e-01 1.179095167244445186e+01 7.153706814290096190e+03
8.135520606786180720e-01 1.178022847697116582e+01 6.379223333938231917e+03
8.320057405096871195e-01 1.177209898655244835e+01 5.691798268067703248e+03
8.509886247659137481e-01 1.176505783595706234e+01 5.064836467169996467e+03
8.704934572684936978e-01 1.175915459684164333e+01 4.508067417284991279e+03
8.905325636563107272e-01 1.175441004825015945e+01 4.012989583252218836e+03
9.111121903778960363e-01 1.175105329870194382e+01 3.563917467983460028e+03
9.322410399297371697e-01 1.174749308968795702e+01 3.170977032508765660e+03
9.539178689287137747e-01 1.174900539321859050e+01 2.816277523876025953e+03
9.761405887180548691e-01 1.174519966074142019e+01 2.500162011472019003e+03
9.989181349975126967e-01 1.174707610318573181e+01 2.219463302219475736e+03
1.022233936666288923e+00 1.174703500972225889e+01 1.970666513058120017e+03
1.046097948231572428e+00 1.175599165616234565e+01 1.747190211235134711e+03
1.070502634319861368e+00 1.175581427541482959e+01 1.550578647560271520e+03
1.095445309383386467e+00 1.176048478052160640e+01 1.375917747571449581e+03
1.120898212166315133e+00 1.176642835920215724e+01 1.220292048852467587e+03
1.146885202377449842e+00 1.177386366643291993e+01 1.082207651827771315e+03
1.173345931848715384e+00 1.178282225351884627e+01 9.601254876003991967e+02
1.199980628897066248e+00 1.179490470689982651e+01 8.529286945670836531e+02
1.226767917130405783e+00 1.180237872757386874e+01 7.585929527301450435e+02
1.253669149008623807e+00 1.180935430787130613e+01 6.758060922565616693e+02
1.280704922760080189e+00 1.181937533327540990e+01 6.031433060333774847e+02
1.307861181353162650e+00 1.182830752129306617e+01 5.379204961707455368e+02
1.335141240998780843e+00 1.183865886253536104e+01 4.808227335233582380e+02
1.362526148252895419e+00 1.184832113915755514e+01 4.298921245661227317e+02
1.389951875668360426e+00 1.185965425601215451e+01 3.849456831988877070e+02
1.417483224175194234e+00 1.186574544740878956e+01 3.452260348108874837e+02
1.445103751441335405e+00 1.187555768914421783e+01 3.096328847100149915e+02
1.472793409767668038e+00 1.188738810779858923e+01 2.777428774288326281e+02
1.500548611927351672e+00 1.189620912838527644e+01 2.495992561136171162e+02
1.528304918547727542e+00 1.190317007585075793e+01 2.244345505708378141e+02
1.556097710582242666e+00 1.191163677339627469e+01 2.018427380881051079e+02
1.583887845042864395e+00 1.191730594299776413e+01 1.817956237989699844e+02
1.611664147403207403e+00 1.192726746478109057e+01 1.638002398040399612e+02
1.639458204175484157e+00 1.193143491128535238e+01 1.477076884172664677e+02
1.667148325291333721e+00 1.194065284005310268e+01 1.327283274200165977e+02
1.694818834965293730e+00 1.194396466273814461e+01 1.203637649658030000e+02
1.722410958580819607e+00 1.194973620684370808e+01 1.088532167388525949e+02
1.749892830637090224e+00 1.195503516051735104e+01 9.851024619149383454e+01
1.777269082957823931e+00 1.195889282039166979e+01 8.919284285006705204e+01
1.804692653097041077e+00 1.196457836825487675e+01 8.064694249381845736e+01
1.831637825442174794e+00 1.196957989437890646e+01 7.324362494949073721e+01
1.858571527811291313e+00 1.197019620177357346e+01 6.649012931105531266e+01
1.885320403644258569e+00 1.197250538316903246e+01 6.039598862566705151e+01
