2.191799393465098389e-01 1.550982308316407554e+01 3.683535669800713658e+06
2.252224370153639577e-01 1.529278189292071133e+01 3.219037459078270942e+06
2.314453298608290799e-01 1.508979085501344386e+01 2.822566983307845425e+06
2.378728526464751469e-01 1.485560427472228717e+01 2.478347109927058220e+06
2.445082382357815498e-01 1.465923144029718728e+01 2.175606300824745558e+06
2.513429624926961092e-01 1.448186109689069134e+01 1.888838681583082536e+06
2.583737528821538065e-01 1.432069345449114373e+01 1.676713482651466969e+06
2.656232838996103185e-01 1.415125745172781180e+01 1.461715210839183303e+06
2.730890130672598004e-01 1.400445156801573354e+01 1.288541730999120045e+06
2.807737017274941627e-01 1.386043004883650909e+01 1.124036744111375418e+06
2.886810463946963279e-01 1.372845460928598627e+01 9.862726196219972335e+05
2.968053802500992822e-01 1.359901379993959836e+01 8.665357183049429441e+05
3.051652135236848085e-01 1.348439197535418721e+01 7.588994757510934724e+05
3.137635291307052654e-01 1.337348047284414676e+01 6.663386318404261256e+05
3.225766824979875991e-01 1.327726016968213685e+01 5.848699077142622555e+05
3.316405839699504421e-01 1.317885541608370659e+01 5.128605577198537067e+05
3.409465844141198465e-01 1.308356133913856389e+01 4.511372930784834898e+05
3.504904809837388613e-01 1.299725393329372025e+01 3.911158020397558575e+05
3.602886977178976768e-01 1.291478017915423315e+01 3.441097791083899210e+05
3.703153762158452045e-01 1.284285821592930255e+01 3.053801989617836662e+05
3.806266204477389281e-01 1.276457484090044581e+01 2.680178904903787770e+05
3.911514549869925528e-01 1.269845179819403391e+01 2.339850142724569887e+05
4.019552356775984436e-01 1.263513517788910612e+01 2.069797492669663916e+05
4.129955007359378261e-01 1.257512761349023300e+01 1.821273580229081854e+05
4.243150438253481260e-01 1.251703373116307993e+01 1.604374868611663987e+05
4.358900959569838029e-01 1.246255927301802657e+01 1.410698930908660404e+05
4.477128948628084637e-01 1.241408396467319619e+01 1.239338708157731307e+05
4.598101260593087103e-01 1.236654563102040072e+01 1.091677904721824452e+05
4.721430548022498841e-01 1.232286921560277193e+01 9.630542198657670815e+04
4.847297273041419885e-01 1.227878801405363340e+01 8.492371442677862069e+04
4.975920755763910130e-01 1.223947614872810163e+01 7.474991290440638841e+04
5.107052824659580326e-01 1.220346248249197885e+01 6.593780967024486745e+04
5.240790071448687693e-01 1.216855620319901732e+01 5.813962834248924628e+04
5.377094895463748747e-01 1.213499306835034020e+01 5.133926089951444737e+04
5.515960721437381808e-01 1.210192741117987758e+01 4.533074919780006167e+04
5.657400442404580954e-01 1.207193846854686115e+01 4.008438643463451444e+04
5.800895387469378051e-01 1.204476038699710472e+01 3.532249742529648211e+04
5.946236965591211732e-01 1.201905753969250945e+01 3.129003143569109307e+04
6.092946616924308501e-01 1.199289689488936084e+01 2.772076860670663154e+04
6.241677581200726355e-01 1.196855722599914351e+01 2.457815146025965805e+04
6.393278745510914129e-01 1.194590410548147297e+01 2.174849328216575304e+04
6.548542764566011032e-01 1.192188479379097288e+01 1.927594859859360440e+04
6.707252511685021235e-01 1.190284404893301762e+01 1.708624173843784229e+04
6.870587854466420064e-01 1.188074463872410647e+01 1.510990879081589082e+04
7.038865626423912447e-01 1.186141140748291356e+01 1.335264207641508256e+04
7.212262924340794301e-01 1.184416625283247448e+01 1.179003271062437852e+04
7.390980287533269744e-01 1.182457460655681913e+01 1.039956157953936236e+04
7.575491327386273399e-01 1.181095980070372242e+01 9.162899561975846154e+03
7.764243495986427046e-01 1.179645314578462489e+01 8.064073203539058341e+03
7.952557268902890053e-01 1.178288285841727401e+01 7.133210924721625815e+03
8.140444700437499126e-01 1.177049400337078922e+01 6.311906321688831667e+03
8.328491399866292388e-01 1.175755473716758459e+01 5.604063282713489571e+03
8.516886558648778527e-01 1.174637685440045942e+01 4.971348495136267047e+03
8.706098439803677813e-01 1.173286638521018688e+01 4.426461375544071416e+03
8.896430394285780308e-01 1.172177537333702801e+01 3.936846810694720261e+03
9.087906667475001976e-01 1.171238397885636928e+01 3.508771290837332344e+03
9.281108531111385007e-01 1.169932047097304562e+01 3.101722960646668525e+03
9.475851497683203117e-01 1.168730763748489920e+01 2.766766808840327030e+03
9.672467607153145686e-01 1.167416063477370081e+01 2.485262940610236001e+03
9.871030076992974855e-01 1.166115234633960185e+01 2.218585853371233497e+03
1.007176369935232074e+00 1.164960270709342005e+01 1.979774724893216899e+03
1.027471101267219522e+00 1.164045444237231486e+01 1.767347470486747170e+03
1.047963815654504360e+00 1.162644853839277026e+01 1.576359407066489212e+03
1.068706450026732924e+00 1.161359310691642222e+01 1.398713009731963211e+03
1.089667238745340772e+00 1.160185210932421640e+01 1.257586150504507032e+03
1.110979645899803803e+00 1.158959624052117832e+01 1.122156136284859713e+03
1.132300917623407566e+00 1.157861621938340235e+01 9.954382271806427980e+02
1.154054954082763151e+00 1.156406170814446099e+01 8.951075736007981050e+02
1.175919544762274560e+00 1.155269840287940930e+01 7.985161976582359102e+02
1.198023706210616268e+00 1.154339343089226766e+01 7.141531086087369431e+02
1.220329545561259721e+00 1.152751486742080012e+01 6.378599920786434723e+02
1.242742632901275845e+00 1.151756813714289152e+01 5.701194265128175402e+02
1.265445134736870036e+00 1.150343909752700888e+01 5.094008449311419326e+02
1.288314768371739305e+00 1.148888975633346554e+01 4.558599710142808021e+02
1.311454683260470544e+00 1.147574230279766461e+01 4.076337851283381610e+02
1.334559307860706312e+00 1.146603398269450835e+01 3.642941675513734481e+02
1.357887742121619112e+00 1.145094207120168228e+01 3.258551434518404335e+02
1.381342748915545426e+00 1.143724933547487943e+01 2.915885478529913257e+02
1.404887827979595771e+00 1.142667268673781500e+01 2.611930846937015644e+02
1.428517745687715168e+00 1.141351952188181329e+01 2.325885503021718534e+02
1.452221616164209417e+00 1.139692329820925920e+01 2.096419460278514464e+02
1.475972191619939089e+00 1.138381920415928406e+01 1.879319396774013455e+02
1.499731582931307816e+00 1.136994477010618709e+01 1.684784942352980011e+02
1.523505210132580334e+00 1.135523767772101422e+01 1.513319400080727632e+02
1.547263764028224076e+00 1.134125277042729962e+01 1.357705578072335584e+02
1.570972532831408364e+00 1.132547122617633839e+01 1.220645811146848274e+02
1.594622254762898095e+00 1.131067169682203044e+01 1.097919062326529485e+02
1.618187537527539410e+00 1.129514805212941830e+01 9.864987830579273975e+01
1.641633365683973889e+00 1.127987478547657929e+01 8.887333561600573262e+01
1.664952179516710373e+00 1.126307100417166573e+01 7.967496520885487143e+01
1.688111101450899376e+00 1.124713644153043113e+01 7.218610462383080062e+01
1.711097243204747764e+00 1.122995176081956181e+01 6.510337553039245506e+01
1.733874251140559597e+00 1.121226540137302052e+01 5.879749139715695350e+01
1.756430749621119336e+00 1.119530683461992382e+01 5.316726520058875849e+01
1.778740058809166635e+00 1.117700077953690396e+01 4.803555448674499928e+01
1.800774578411079352e+00 1.115913334658897682e+01 4.354796825762998225e+01
1.822523704932594857e+00 1.113984510197274957e+01 3.940854815355214669e+01
1.843954656961514393e+00 1.112122477403832654e+01 3.560234412460592068e+01
1.865064863199476619e+00 1.110144375109105219e+01 3.246258457279897414e+01
1.885819464660602351e+00 1.108182924071549813e+01 2.936747429667139286e+01
