2.191799393465098389e-01 1.550982308316407554e+01 3.683535669800713658e+06
2.267131639434768475e-01 1.523313830031341709e+01 3.135546896225878503e+06
2.345396517806704606e-01 1.496049284137239610e+01 2.658514552642106544e+06
2.426861557206329845e-01 1.471138211771417836e+01 2.252693563782541081e+06
2.511287248991186938e-01 1.448074518774945929e+01 1.915271738352761837e+06
2.598968374110353641e-01 1.427403445206073584e+01 1.622182901914794929e+06
2.689944924678883131e-01 1.408362473723305719e+01 1.379736720434140647e+06
2.784348372696526797e-01 1.390065215301934920e+01 1.162248489821369294e+06
2.882023179093843313e-01 1.373495338191480819e+01 9.942300181192404125e+05
2.983247001229586415e-01 1.358483575875322558e+01 8.444792713130080374e+05
3.087954608536656598e-01 1.343629500710286351e+01 7.182402811187821208e+05
3.196256152739029299e-01 1.330587416395519895e+01 6.044866288568641758e+05
3.308175702580694044e-01 1.318155459037735078e+01 5.193373998814744991e+05
3.423889026580371753e-01 1.306989892539011855e+01 4.410069154850712512e+05
3.543340804528437582e-01 1.296337134951793502e+01 3.722779301811784389e+05
3.666513744532244878e-01 1.286612241088877440e+01 3.201135373764897813e+05
3.793726576859983712e-01 1.277306729633223981e+01 2.721189616304179654e+05
3.924655293103513354e-01 1.269022456422852940e+01 2.304415437941394339e+05
4.059600672760604323e-01 1.261252896693715897e+01 1.977454683432684687e+05
4.198402219763374688e-01 1.253848433407166141e+01 1.688860875206644414e+05
4.341347791582892968e-01 1.247493503052642261e+01 1.436811958076572046e+05
4.488337724993375910e-01 1.240843227827106787e+01 1.214597497625685064e+05
4.639185523011419843e-01 1.234473592128785846e+01 1.047878159069792018e+05
4.793976584298659249e-01 1.229897343122258491e+01 8.945162117107376980e+04
4.952684178786734837e-01 1.224656691512688056e+01 7.646049855249580287e+04
5.115449228695889694e-01 1.220171828804790870e+01 6.473005697418563796e+04
5.282180557800997267e-01 1.215847856120724124e+01 5.597873364814009255e+04
5.452906566736678284e-01 1.211610266915878320e+01 4.796382750499874237e+04
5.627589809926537567e-01 1.207887993055128284e+01 4.109261188730577851e+04
5.805725752194819123e-01 1.204299704406247074e+01 3.522258498052108916e+04
5.979958912316521991e-01 1.201311637682642086e+01 3.042877120637846019e+04
6.145017427296081136e-01 1.197904165853285896e+01 2.624342507426291195e+04
6.303523993018209648e-01 1.195019820613790884e+01 2.324113551110060871e+04
6.458737576526616397e-01 1.191865184576584547e+01 2.047755449534071522e+04
6.611951020823125802e-01 1.188825481579864096e+01 1.803077180366562607e+04
6.764776843867122968e-01 1.185594464565547668e+01 1.591418896491043051e+04
6.918093156607524330e-01 1.181923107673788920e+01 1.408638374639856920e+04
7.073648233544648223e-01 1.178497432716194382e+01 1.246384604082020269e+04
7.230312957102498217e-01 1.175423061663207491e+01 1.096047454004317478e+04
7.390493714652379698e-01 1.172010119991053756e+01 9.659153026854062773e+03
7.554257614577480906e-01 1.168602855103828020e+01 8.502161967485804780e+03
7.722085305098970176e-01 1.165071848147700706e+01 7.483700643480964573e+03
7.894338119528356845e-01 1.161536323056653153e+01 6.572136028782021640e+03
8.071479299445741828e-01 1.157940004030713510e+01 5.765917566439486109e+03
8.253750013666432128e-01 1.154475110089934553e+01 5.047778244289949725e+03
8.441438026352531265e-01 1.151020343228225684e+01 4.416132994341433914e+03
8.634774450722569883e-01 1.147647335855927331e+01 3.852057290886345527e+03
8.833952116951132583e-01 1.144241367737716786e+01 3.359301736272049766e+03
9.039129719404761509e-01 1.140909235882066497e+01 2.903210859379271369e+03
9.250249807918318190e-01 1.137688214922529717e+01 2.546834109044221350e+03
9.467541039201360364e-01 1.134635926871443168e+01 2.210966597639172051e+03
9.691032559813388403e-01 1.131547738864453656e+01 1.904491028529149844e+03
9.920615750037291569e-01 1.128432480942836413e+01 1.653395058778342900e+03
1.015612496981257440e+00 1.125594012773268915e+01 1.442854858550829704e+03
1.039770008630836573e+00 1.122659402517712479e+01 1.248464182965694135e+03
1.064510404167347435e+00 1.119876835989040842e+01 1.080188747905190212e+03
1.089807050109963038e+00 1.117458460576684232e+01 9.348224554555288250e+02
1.115489182880779584e+00 1.115131280226900046e+01 8.091494824421157546e+02
1.140911554499991043e+00 1.112199500968900701e+01 7.028421248370730154e+02
1.166022932948654001e+00 1.109820704875721731e+01 6.122227988425820513e+02
1.190772153895939711e+00 1.107356983348507917e+01 5.348672490953939587e+02
1.215193413904019470e+00 1.104851307015533735e+01 4.684292408342341787e+02
1.239325458547875014e+00 1.102546769486852440e+01 4.108846637827916766e+02
1.263189033643854264e+00 1.099855774131827602e+01 3.616108612283264279e+02
1.286659722268814976e+00 1.096804480147493166e+01 3.189402450509874711e+02
1.309921948679327430e+00 1.094057720028357750e+01 2.812626465244915721e+02
1.332783062275933572e+00 1.091220506496496334e+01 2.487391723111336717e+02
1.355365177216346861e+00 1.088329127203349778e+01 2.201287042540331242e+02
1.377642098545408977e+00 1.085238077401008994e+01 1.952139531034123934e+02
1.399592676744021880e+00 1.082060758740554363e+01 1.731509709881266872e+02
1.421205983257024741e+00 1.079072630510223441e+01 1.537676156047912741e+02
1.442491244287769980e+00 1.075550281457951307e+01 1.369813980568576426e+02
1.463397816620465086e+00 1.072191492472793151e+01 1.218298625010961729e+02
1.483955741379246573e+00 1.068745731848962244e+01 1.086253765650944132e+02
1.504117488688244686e+00 1.065192319155743839e+01 9.697915766348941702e+01
1.523991402331036138e+00 1.061608558916884171e+01 8.659074008152141744e+01
1.543265152456601008e+00 1.057832538611883422e+01 7.753297060166592303e+01
1.562212197271948044e+00 1.054090546563625175e+01 6.940387970619840985e+01
1.580716919418602595e+00 1.050211512808149017e+01 6.195954848741474308e+01
1.598771535344057249e+00 1.046356609170759988e+01 5.566737115483333298e+01
1.616492698380188608e+00 1.042325725708470330e+01 5.012071633036178042e+01
1.633443860840123385e+00 1.038215428054074252e+01 4.515944770585450385e+01
1.650052405359933916e+00 1.034084919880951148e+01 4.052884311790952410e+01
1.666144748365829376e+00 1.029814618979164109e+01 3.667301883886221248e+01
1.681707048723029008e+00 1.025498420063932592e+01 3.310188018860175418e+01
1.696722338145759457e+00 1.021172329743129659e+01 2.996216339261166084e+01
1.711298436137512979e+00 1.016809606739719740e+01 2.702850670970074631e+01
1.725213133937981480e+00 1.012353696535222447e+01 2.447948721387598070e+01
1.738456008259325003e+00 1.007858840040080217e+01 2.231564973571893162e+01
1.751315556228483894e+00 1.003310179962429771e+01 2.021963114028554287e+01
1.763443693453762950e+00 9.986102254140289958e+00 1.843755026052881263e+01
1.775054458837594051e+00 9.939607292614670797e+00 1.677982608550741617e+01
1.786047478249788156e+00 9.892432251695083778e+00 1.532132228183838762e+01
1.796412681192103733e+00 9.844733841021872323e+00 1.398551274277399159e+01
1.806172693196353540e+00 9.797018270583556898e+00 1.277604957203314484e+01
1.815239748523777452e+00 9.748979497317291631e+00 1.176299485527460753e+01
1.823778200569711849e+00 9.699143084308404994e+00 1.076769259999621120e+01
1.831712846781844206e+00 9.650177947892251140e+00 9.891005229286948364e+00
1.839114921579589224e+00 9.601209669428500959e+00 9.105542954587408033e+00
1.845838905419031395e+00 9.552103218807152629e+00 8.399552074869946594e+00
