2.191799393465098389e-01 1.550982308316407554e+01 3.683535669800713658e+06
2.244953583602894431e-01 1.532937505938539680e+01 3.272811674834229983e+06
2.299671588272549638e-01 1.510281559040815758e+01 2.916342289833462331e+06
2.355714338332305924e-01 1.495794246420535423e+01 2.593304242388898972e+06
2.413590366204100279e-01 1.474794027710722766e+01 2.319089884506657254e+06
2.472764609413075909e-01 1.459797808835051036e+01 2.065967871897135628e+06
2.533617869162296810e-01 1.443002031718978628e+01 1.831515125840001972e+06
2.596110243409320839e-01 1.427845112645519698e+01 1.631777277811233187e+06
2.660250470970604852e-01 1.413528160295455827e+01 1.451779633293268271e+06
2.726076687852125313e-01 1.401433051417173736e+01 1.295789781555787427e+06
2.793596661811615922e-01 1.388552716555890321e+01 1.151386008374035591e+06
2.862865665875094501e-01 1.376377680239545498e+01 1.025169422217979212e+06
2.933989700457431682e-01 1.365631071408168751e+01 9.131575842816455988e+05
3.006610734587568112e-01 1.355073116114500564e+01 8.137150231647985056e+05
3.081136229697452045e-01 1.345280640117840321e+01 7.253859545571450144e+05
3.157405549520061472e-01 1.335191230485658309e+01 6.469500982751979027e+05
3.235712629994753065e-01 1.326861589675021413e+01 5.763676833997721551e+05
3.315577374380794806e-01 1.317418368472474732e+01 5.138353578682715888e+05
3.397437214969619701e-01 1.309279131118087847e+01 4.582682909404723905e+05
3.481208999766901568e-01 1.301723448102148595e+01 4.084785002898646053e+05
3.566968455134851834e-01 1.294563175454908688e+01 3.645566855958380038e+05
3.654561231311340141e-01 1.287582618633052967e+01 3.223095055803991272e+05
3.744027073875115796e-01 1.280771606461811629e+01 2.897512778879628750e+05
3.835619949416063101e-01 1.274508213030222237e+01 2.584123614105488523e+05
3.929010905028278988e-01 1.268330247321649296e+01 2.310727555488003418e+05
4.024590950292435410e-01 1.263086207786616377e+01 2.059809443401620083e+05
4.121846092057100397e-01 1.257209098784743340e+01 1.838902314893222356e+05
4.221283919162382436e-01 1.252864578556366659e+01 1.642321352872549905e+05
4.322736184362014344e-01 1.248078578708598307e+01 1.466877631753497699e+05
4.426157591855658935e-01 1.243724788543653403e+01 1.311000364913037338e+05
4.531629633545130043e-01 1.239206262061627939e+01 1.171998190026605298e+05
4.639299241253734829e-01 1.235312826963007460e+01 1.046571352738923306e+05
4.748718727652301852e-01 1.231170355390162285e+01 9.365352651798170700e+04
4.860110614968891629e-01 1.227792552218376265e+01 8.369355835993569053e+04
4.973581566709399104e-01 1.224149555174183490e+01 7.500000127144590078e+04
5.089038109386250230e-01 1.220840073197131481e+01 6.711450226787512656e+04
5.206521303452695815e-01 1.217622660419803360e+01 6.003499717450279422e+04
5.326012105589215118e-01 1.214648737491305219e+01 5.378221463415741891e+04
5.447494848818096314e-01 1.211842808359859269e+01 4.819637016631685401e+04
5.570965146082343944e-01 1.209097007031965987e+01 4.311117571459585452e+04
5.696451382184830603e-01 1.206401270811916326e+01 3.870137715718082472e+04
5.823345212470931731e-01 1.203902860676057962e+01 3.470826736330026324e+04
5.951730770494610967e-01 1.201769865503104384e+01 3.112710439847025191e+04
6.081477041944498563e-01 1.199458706351570747e+01 2.795742947868423653e+04
6.212894547596458095e-01 1.197330503202069529e+01 2.514550722369946016e+04
6.346868027978606053e-01 1.195253616794198948e+01 2.261787359869122520e+04
6.483214093349749518e-01 1.193270981957112475e+01 2.027794648250365935e+04
6.622548989390398821e-01 1.191351867952825572e+01 1.822832564717743662e+04
6.765243035577345188e-01 1.189302523079803287e+01 1.638323282520460089e+04
6.911785183683207823e-01 1.187600593617720612e+01 1.465907402151468159e+04
7.062299364073050256e-01 1.186086133966357892e+01 1.314488224573049592e+04
7.217029914106094513e-01 1.184429574153131881e+01 1.177422482005273559e+04
7.375990180804925522e-01 1.183050992976417426e+01 1.052461873917903722e+04
7.539639359272811703e-01 1.181491867842844812e+01 9.406438784929452595e+03
7.708005112410059034e-01 1.180404514794302706e+01 8.397172885951658827e+03
7.881224182165162961e-01 1.179383712430156805e+01 7.489888081184945804e+03
8.059505111694045265e-01 1.178189192093747018e+01 6.680717872425314454e+03
8.242953331231076541e-01 1.177264796150318737e+01 5.954153810498823987e+03
8.431547046939981138e-01 1.176557195303061398e+01 5.298546624726547634e+03
8.625591818080744488e-01 1.175722764421436040e+01 4.674429378448280659e+03
8.824925308984234995e-01 1.175151126707967997e+01 4.186231597168058215e+03
9.029731578200193010e-01 1.174585711988635239e+01 3.722260428910499741e+03
9.240097938291139679e-01 1.174352872407582105e+01 3.306064895298842657e+03
9.455963994145500928e-01 1.174275307571893023e+01 2.932249938503529393e+03
9.677391093555351986e-01 1.174122677529031833e+01 2.603553332988384682e+03
9.904377208040126002e-01 1.174081357141738202e+01 2.310714359771822728e+03
1.013691053618441584e+00 1.173934786350776882e+01 2.048164558510133702e+03
1.037487769188343067e+00 1.174401836307432845e+01 1.815972793563000778e+03
1.061839187104115734e+00 1.174750079718164919e+01 1.608945923978336396e+03
1.086638792546891441e+00 1.175446330581435284e+01 1.415636869366526980e+03
1.111624977749017251e+00 1.175922421520567696e+01 1.266120229774571044e+03
1.136794931896443872e+00 1.176276797687286368e+01 1.125788151520618840e+03
1.162128647986655938e+00 1.177083239448007923e+01 1.001848226589432102e+03
1.187626499683759551e+00 1.177436291129343182e+01 8.932756223266137567e+02
1.213302669690617952e+00 1.178133740795938955e+01 7.961399811552822712e+02
1.239142399780489567e+00 1.178788810218952143e+01 7.108505339913690477e+02
1.265129975343480151e+00 1.179521684016933314e+01 6.344275374082245662e+02
1.291291579702483316e+00 1.180203780756947118e+01 5.674943351977254906e+02
1.317571842444202668e+00 1.180952112204690430e+01 5.076212944826281159e+02
1.344024996856423293e+00 1.181510412178550418e+01 4.544876241681160991e+02
1.370590852422752581e+00 1.182131931599637120e+01 4.071477961100500806e+02
1.397272973188212308e+00 1.182782260086156789e+01 3.650034600723972744e+02
1.424031871586947773e+00 1.183476651501132615e+01 3.277192625717971168e+02
1.450907019886606086e+00 1.184401869635918558e+01 2.940825147194050260e+02
1.477861279945530182e+00 1.184906223001365611e+01 2.643360369295841679e+02
1.504887290995523541e+00 1.185429568781275478e+01 2.375647453262058946e+02
1.531941066219410175e+00 1.185767674718882247e+01 2.140452850748592084e+02
1.559068502939015666e+00 1.186292992613032382e+01 1.925917809310043651e+02
1.586176147991614105e+00 1.187053907132746211e+01 1.734140786870512727e+02
1.613303380707649115e+00 1.187271897174642810e+01 1.563473696605721557e+02
1.640428539570966571e+00 1.187626690149621389e+01 1.411556699221698636e+02
1.667500941081864196e+00 1.188027574091050909e+01 1.274278733964786170e+02
1.694530919973447292e+00 1.188402194671523837e+01 1.146979343266127671e+02
1.721490187573833763e+00 1.188649974410532728e+01 1.040056197277897638e+02
1.748357535864525580e+00 1.188966943602312121e+01 9.416478794244761730e+01
1.775125953477296958e+00 1.189140207862767618e+01 8.530923913682171644e+01
1.801770562126012498e+00 1.189443416544963661e+01 7.724827479616750736e+01
1.828268900711558231e+00 1.189414566507399229e+01 7.004777571079516463e+01
1.854593578421576794e+00 1.189407691735653394e+01 6.352130300171889843e+01
1.880759787329430832e+00 1.189465926146712427e+01 5.768944992892077295e+01
