2.191799393465098389e-01 1.550982308316407554e+01 3.683535669800713658e+06
2.247007210951953438e-01 1.532090054170685178e+01 3.307659855850908905e+06
2.303546315508532005e-01 1.510457807701527955e+01 2.904567527408607304e+06
2.361920807708087211e-01 1.491124765395553808e+01 2.574961330917938612e+06
2.421959197385732399e-01 1.476665704535209755e+01 2.270862287869247142e+06
2.483559876497443142e-01 1.455220118605115864e+01 2.015706622288089711e+06
2.546936573016463923e-01 1.439869458275932068e+01 1.784245559653930832e+06
2.612061702597934798e-01 1.424207045679046324e+01 1.584134125490940176e+06
2.678977493917182318e-01 1.409067714034218000e+01 1.404821943610562477e+06
2.747700305130276743e-01 1.397356331882421721e+01 1.244607702549720416e+06
2.818256035085004996e-01 1.384600119838454013e+01 1.105481552525382256e+06
2.890679951336192488e-01 1.371939396298110303e+01 9.796718702080472140e+05
2.964892055908039947e-01 1.360153861979216217e+01 8.713479258987444919e+05
3.041063280831918791e-01 1.349813921437363184e+01 7.729432759964833967e+05
3.119337420698146124e-01 1.340039968063854836e+01 6.855457966373155359e+05
3.199268504705914951e-01 1.334234996096549075e+01 6.068466975103288423e+05
3.281335599972622918e-01 1.321119371403797160e+01 5.391703810164663009e+05
3.365285548953398376e-01 1.312385957338601372e+01 4.792881917039655964e+05
3.451328711857253317e-01 1.304468948800957051e+01 4.249081548473620787e+05
3.539439212087059361e-01 1.296555965908063257e+01 3.772447382887818385e+05
3.629675238329312936e-01 1.289741982082919058e+01 3.354720602399886120e+05
3.721786669231046951e-01 1.282499648122876934e+01 2.979442707636324922e+05
3.816284524949487000e-01 1.275759907744318866e+01 2.649068667323494446e+05
3.912557388602218578e-01 1.269835422436691097e+01 2.335213312122971693e+05
4.011346492532105734e-01 1.263743439837253923e+01 2.090787787562125886e+05
4.111831209165253131e-01 1.258059725682782570e+01 1.864076321583756944e+05
4.214586259514319644e-01 1.253230346197789125e+01 1.655393652147289831e+05
4.319556974894454004e-01 1.248265611603724423e+01 1.470923204934289970e+05
4.426662194791682325e-01 1.243411629835158827e+01 1.312030490385607409e+05
4.535968769348566743e-01 1.239039838235201074e+01 1.166390452422415401e+05
4.647604182002277318e-01 1.234695908594256153e+01 1.038864382927651022e+05
4.761165559210088216e-01 1.230729799991814488e+01 9.249301432959844533e+04
4.876987366604580987e-01 1.227054127198343991e+01 8.245879465830870322e+04
4.994699811271504641e-01 1.223524706289790664e+01 7.348558225855365163e+04
5.114730706027851292e-01 1.220060096947339012e+01 6.549958403519321291e+04
5.236928742199861153e-01 1.216786929672986517e+01 5.836643975076642528e+04
5.361269640263910397e-01 1.213863182203187918e+01 5.210882445164503588e+04
5.487737133763060937e-01 1.210849639367771680e+01 4.655633276533673779e+04
5.616369088338779569e-01 1.208197989558477659e+01 4.146453316613190691e+04
5.746766489381187615e-01 1.205626306714888685e+01 3.704341276858158380e+04
5.879494690452348182e-01 1.203194401995321172e+01 3.278119639524022205e+04
6.013234964302865970e-01 1.200470044782467305e+01 2.959714255308722204e+04
6.148729696153406588e-01 1.198302125613165181e+01 2.649935351196082047e+04
6.287095407630279853e-01 1.196039735162893081e+01 2.371413408364036150e+04
6.428215249823311384e-01 1.194014954037949927e+01 2.119916431213475516e+04
6.572678373312478284e-01 1.192125995407428007e+01 1.893027008055677288e+04
6.720674475452249608e-01 1.190155548451575562e+01 1.692667257647026418e+04
6.873192451081591159e-01 1.188294933186311297e+01 1.511503892760689814e+04
7.029841827420009182e-01 1.186662699439579072e+01 1.346595181022765792e+04
7.190973170651208113e-01 1.185091797794345148e+01 1.199396055204842924e+04
7.356939394294557122e-01 1.183541457745220882e+01 1.069419054510757633e+04
7.527986091703302574e-01 1.182154956317786265e+01 9.511439412177662234e+03
7.704344970494165779e-01 1.181025372141735019e+01 8.449563303326887763e+03
7.886047718211239843e-01 1.179699292522149534e+01 7.499714337164657081e+03
8.073408996183528696e-01 1.178797326437121562e+01 6.647360753346832098e+03
8.266604805384221155e-01 1.177799165996514752e+01 5.889510387899588750e+03
8.465250838163932423e-01 1.176977700790449610e+01 5.215507816623227882e+03
8.670020596602141527e-01 1.176419959545578742e+01 4.613278943422978955e+03
8.880680515157803878e-01 1.176002065033826050e+01 4.079800690733589818e+03
9.097404492338641013e-01 1.175651143730027215e+01 3.606347568732138825e+03
9.320227356025639898e-01 1.175452324300408158e+01 3.186521757793156212e+03
9.548731369757182952e-01 1.175862851082774618e+01 2.811904830823066732e+03
9.779764761342558677e-01 1.175221614945603399e+01 2.487045220740046261e+03
1.001237659948162495e+00 1.175491712829795787e+01 2.205464846116901754e+03
1.024631812314402257e+00 1.176008451162601887e+01 1.951208424036754423e+03
1.048188451624456841e+00 1.175743744491770038e+01 1.734362147838533474e+03
1.071921416466413701e+00 1.175965674480865708e+01 1.542543836086534156e+03
1.095819533987400396e+00 1.176230376302813418e+01 1.372160145600512124e+03
1.119900354851619095e+00 1.176562760943720320e+01 1.222191487895481259e+03
1.144155168312193993e+00 1.176732436126557246e+01 1.088990974895564705e+03
1.168583355783570976e+00 1.177073234986320216e+01 9.718642439204002130e+02
1.193196677248823390e+00 1.177340168068091764e+01 8.666598161332874497e+02
1.217990259110739881e+00 1.177865295396316547e+01 7.744304941756947755e+02
1.242950482295815950e+00 1.177998423502506142e+01 6.892025896136345864e+02
1.268092024404207097e+00 1.178272638138254003e+01 6.186176985147968708e+02
1.293352315697193333e+00 1.178467242421083405e+01 5.535931778670017138e+02
1.318777447635701483e+00 1.178669431642187604e+01 4.962718808236987797e+02
1.344365195023137893e+00 1.178894912274946805e+01 4.440993729731586654e+02
1.370058042689651145e+00 1.179508255679546203e+01 3.977010134745057712e+02
1.395881678204922816e+00 1.179703919431563008e+01 3.570854924885862260e+02
1.421821063336302426e+00 1.179781448500182783e+01 3.206097692352750528e+02
1.447842092558034199e+00 1.180056847676955023e+01 2.876102815661560612e+02
1.473954732037202620e+00 1.179907137660925542e+01 2.585086192436314718e+02
1.500115418831536873e+00 1.180097606233243113e+01 2.323009443488377883e+02
1.526334391295467219e+00 1.180063566182104040e+01 2.089192274494293713e+02
1.552593464973370807e+00 1.180308654753834929e+01 1.878910776533698765e+02
1.578873986014882824e+00 1.180247234092182751e+01 1.692019876435728349e+02
1.605124720135284289e+00 1.180121361133405422e+01 1.524634706304746317e+02
1.631507081547371119e+00 1.180361790754647622e+01 1.373364387697854738e+02
1.657579963861600225e+00 1.180166666116227070e+01 1.239293149087301771e+02
1.683725657855495106e+00 1.179861187141369605e+01 1.120026605319820447e+02
1.709912311993159406e+00 1.179674696252473076e+01 1.011623553834007936e+02
1.735895539453509828e+00 1.179534252004224193e+01 9.131193038233710979e+01
1.761745072781735422e+00 1.179214806207943944e+01 8.261104241050878727e+01
1.787344072137439843e+00 1.178869967346764369e+01 7.489065951513096309e+01
1.812915837583065848e+00 1.178419953173826329e+01 6.785600253888927114e+01
1.838293659807750835e+00 1.178022255531761076e+01 6.155524289180160480e+01
1.863472581476499856e+00 1.177579541034285526e+01 5.584600934961870422e+01
1.888544237101122736e+00 1.177082930802961691e+01 5.062032530568851740e+01
1.913165617802606411e+00 1.176407162920316907e+01 4.606443034793012004e+01
