2.191799393465098389e-01 1.550982308316407554e+01 3.683535669800713658e+06
2.262579143996710229e-01 1.524009668540280416e+01 3.153281398816378787e+06
2.335839759088386702e-01 1.498609477565845260e+01 2.703990573737595696e+06
2.412023234227884394e-01 1.476218216139109352e+01 2.319629714162448887e+06
2.490687030013292447e-01 1.453658314038496968e+01 1.992140971931315260e+06
2.572286577058970347e-01 1.433487756399261315e+01 1.703463306295124814e+06
2.656753520567816107e-01 1.414757076054983287e+01 1.463255273498427356e+06
2.744170489068331054e-01 1.397641703524799794e+01 1.252938160753777483e+06
2.834597301291040816e-01 1.381111893121378920e+01 1.076363176309297560e+06
2.928140388760586688e-01 1.366379237149016745e+01 9.214553057482081931e+05
3.024497942127289396e-01 1.352540858899386933e+01 7.909879112322113942e+05
3.124165368824129430e-01 1.338955791846232657e+01 6.795716962010018760e+05
3.227026959640985071e-01 1.326967036521499566e+01 5.840451586262474302e+05
3.333175433075977190e-01 1.315518939509198937e+01 5.012774535719259875e+05
3.442524323437148870e-01 1.305113992268219825e+01 4.305134158859210438e+05
3.555401925856239709e-01 1.295487425316213859e+01 3.696462418774676626e+05
3.671321871776378476e-01 1.286245132139502445e+01 3.177173106358406949e+05
3.791063711239393563e-01 1.277545027619095563e+01 2.735132447614561534e+05
3.913766990279631819e-01 1.269812105372780842e+01 2.352912292339934502e+05
4.040139455733154361e-01 1.262527077108116025e+01 2.023708543501722743e+05
4.170211682945890730e-01 1.254822310340496827e+01 1.727252751561807818e+05
4.303470075932018246e-01 1.248850955506197380e+01 1.498418848602727521e+05
4.440577509338625717e-01 1.243255069448629690e+01 1.288972515061484155e+05
4.580891168839067440e-01 1.237467887480901929e+01 1.111788720355633122e+05
4.724966008640715254e-01 1.231998052031741864e+01 9.616416492552118143e+04
4.872558832122811379e-01 1.227177724725104468e+01 8.263298124463924614e+04
5.023348652550739812e-01 1.222570917997376760e+01 7.135786429234631942e+04
5.177865892706630113e-01 1.218341923592180365e+01 6.166607665174194699e+04
5.335900009487909434e-01 1.215001355409044592e+01 5.323732755503841327e+04
5.497418875233448521e-01 1.210735673200731100e+01 4.612889664937902853e+04
5.662457702624305034e-01 1.207062221827665205e+01 3.987003346646465798e+04
5.830602903757571287e-01 1.203990113784258931e+01 3.446023224685503374e+04
5.996945944087521685e-01 1.200811781853493621e+01 3.002253912193918950e+04
6.159972783794506190e-01 1.197970871986120578e+01 2.622620896518948575e+04
6.321961788217493883e-01 1.195103983496747624e+01 2.296230005710224214e+04
6.484180164568341675e-01 1.192422252114123182e+01 2.016738697088970002e+04
6.648030777910181044e-01 1.189642988353997310e+01 1.768175786192759188e+04
6.814217883701592093e-01 1.186902724916268070e+01 1.553425904450179951e+04
6.983540973277200248e-01 1.184079001549589805e+01 1.365960708340889323e+04
7.156760040075305085e-01 1.181592011420286248e+01 1.198025752369014481e+04
7.334184595297406073e-01 1.178757732709896011e+01 1.049832185745028073e+04
7.517046891270655617e-01 1.176418714252740294e+01 9.190275190242946337e+03
7.704413286135272099e-01 1.173775753567124625e+01 8.036484650566869277e+03
7.897723172161859040e-01 1.171117392184671147e+01 7.031508425604177319e+03
8.097173466655998020e-01 1.168981445280496523e+01 6.123127607272431305e+03
8.302955776841218771e-01 1.166824994040625896e+01 5.333458197103032035e+03
8.515176221023413872e-01 1.164297916023661550e+01 4.648511797808157098e+03
8.734007252203612737e-01 1.162561450925822726e+01 4.037878552285056230e+03
8.959865422465573825e-01 1.160518323450438771e+01 3.505041518478879880e+03
9.192699411523532760e-01 1.158475460290693526e+01 3.038270094345497910e+03
9.432596469315884802e-01 1.156840651581707213e+01 2.633575168931550706e+03
9.679500938430223300e-01 1.155187043362878541e+01 2.279439834841722131e+03
9.933656079330511757e-01 1.153575361936258759e+01 1.972978576318615751e+03
1.019480239474902517e+00 1.152268619175697140e+01 1.706993340612010570e+03
1.046305287041085386e+00 1.150921239186346590e+01 1.474679127761339714e+03
1.073814849490508871e+00 1.150101571354426966e+01 1.273018605627724810e+03
1.102013197822396817e+00 1.148823111186494650e+01 1.099040967305419827e+03
1.130868245375438175e+00 1.148052904495619053e+01 9.497363365115494389e+02
1.160365443163438259e+00 1.147168474346141842e+01 8.203923290026549466e+02
1.190477778837990108e+00 1.146417142102623643e+01 7.033987215992771098e+02
1.221189234257326506e+00 1.145899735856780843e+01 6.106007737351853848e+02
1.252063046284755732e+00 1.145336803095214684e+01 5.287208626746059963e+02
1.282358569933767845e+00 1.144555511501603284e+01 4.598699265658673312e+02
1.312061046659802166e+00 1.143923183569581958e+01 4.010559465257471174e+02
1.341204369444807254e+00 1.143036693191063868e+01 3.510141322145721006e+02
1.369779010773223282e+00 1.142403297051617095e+01 3.086282650186238357e+02
1.397824373739383841e+00 1.141706355367218251e+01 2.717620574078429172e+02
1.425366053743600814e+00 1.140631928340605583e+01 2.397661391056136893e+02
1.452375011455220521e+00 1.139233354692620814e+01 2.122616210766936433e+02
1.478894853239712592e+00 1.137974597927800424e+01 1.880797890218536281e+02
1.504931014940099621e+00 1.136572828565629401e+01 1.665668447145459936e+02
1.530459202902507920e+00 1.134937666872209938e+01 1.487144453996556024e+02
1.555513384995322435e+00 1.133219457709645006e+01 1.325356251418279783e+02
1.580068777844898298e+00 1.131318326473142655e+01 1.183781682333235921e+02
1.604134323808570350e+00 1.129400536667681543e+01 1.057170492017729941e+02
1.627698543211196114e+00 1.127394304590949581e+01 9.465285026439742921e+01
1.650768517633392385e+00 1.125115874024674056e+01 8.479068849992506784e+01
1.673330552550530648e+00 1.122748798822463812e+01 7.608394786180734570e+01
1.695375845151651184e+00 1.120278613448395610e+01 6.837520844636613049e+01
1.716974738791990029e+00 1.117698512143936540e+01 6.153044948321250018e+01
1.737902464660129764e+00 1.114982421663841983e+01 5.522568112288126230e+01
1.758360692459614016e+00 1.112165362764310927e+01 4.998908186710377066e+01
1.778304205009761940e+00 1.109285339562996597e+01 4.488900382976588332e+01
1.797630346742745244e+00 1.106224769486015802e+01 4.078554585629269980e+01
1.816578051241381830e+00 1.103130187458355671e+01 3.690210199826882587e+01
1.834643031366939070e+00 1.099807337015807107e+01 3.345896733492178043e+01
1.852282490019415251e+00 1.096513753334724761e+01 3.033735346495831564e+01
1.869339695394121925e+00 1.093108218799504527e+01 2.754309782069895718e+01
1.885779819575043037e+00 1.089567737131062231e+01 2.505870757555229744e+01
1.901775501003606594e+00 1.085954969447893781e+01 2.280889927266106199e+01
1.917011199688530176e+00 1.082246201835934230e+01 2.078581581376889176e+01
1.931626178905035518e+00 1.078507025562830890e+01 1.899228657719896773e+01
1.945482028242970340e+00 1.074537995457427542e+01 1.730626898412418413e+01
1.958858019217455837e+00 1.070583275207989438e+01 1.588435910752381375e+01
1.971599809321013419e+00 1.066571407297266383e+01 1.453885496546244305e+01
1.983704407325669328e+00 1.062518142932883158e+01 1.335515295469516595e+01
1.995184466903700216e+00 1.058316979369198307e+01 1.222571397845088548e+01
2.006031804248956441e+00 1.054136380624762381e+01 1.124664338450767787e+01
2.016258469131514630e+00 1.049866066749965476e+01 1.038347445142100334e+01
2.025995225910373954e+00 1.045628372197331402e+01 9.534744521996652011e+00
