2.191799393465098389e-01 1.550982308316407554e+01 3.683535669800713658e+06
2.255888628416765906e-01 1.527864925327812173e+01 3.210376358626280911e+06
2.322129717112276781e-01 1.507262451613070020e+01 2.831317444846181665e+06
2.390586200875973177e-01 1.481602507978823979e+01 2.415918786619395018e+06
2.461343154733140193e-01 1.462558387022151862e+01 2.104358575742805377e+06
2.534338906147591830e-01 1.442513286272334661e+01 1.828479002781296847e+06
2.609694267022413805e-01 1.425427198977729759e+01 1.597367810696441215e+06
2.687456906694641323e-01 1.408590925967248886e+01 1.386014442392555764e+06
2.767649850465697114e-01 1.393544332138369590e+01 1.203475123187715886e+06
2.850341173715497112e-01 1.378991507749431733e+01 1.047174721922546159e+06
2.935684724009042235e-01 1.365520193456141307e+01 9.107122957992405863e+05
3.023176130142372631e-01 1.352608814302617013e+01 7.924907652393605094e+05
3.113580104041901442e-01 1.340456928646526791e+01 6.905058066902881255e+05
3.206649034269767329e-01 1.329202232162880648e+01 6.009009740697172238e+05
3.302082570637306924e-01 1.318620002602511398e+01 5.244002498453659937e+05
3.400347642859902764e-01 1.309385952590504587e+01 4.572002648566734861e+05
3.501371941056685699e-01 1.300049895808457023e+01 3.980444801682622638e+05
3.605230475762645770e-01 1.291450321306758298e+01 3.425820752314713900e+05
3.711743208048061682e-01 1.283131988829519798e+01 3.021619245860821684e+05
3.821338145167619826e-01 1.275657146183750790e+01 2.612863938469813729e+05
3.933432184854416258e-01 1.268521527370561586e+01 2.294058373391435889e+05
4.048519953803074722e-01 1.261778623806232602e+01 1.987323940126423549e+05
4.166571631595819003e-01 1.255467294476128970e+01 1.753085656607320125e+05
4.287408578172613449e-01 1.249519854323925294e+01 1.521753534558294050e+05
4.411101089070926795e-01 1.244230091392532067e+01 1.334868059907009010e+05
4.537847321220312424e-01 1.238782643254487681e+01 1.164947381337224215e+05
4.667619310969703950e-01 1.234162858664498685e+01 1.016827437238991115e+05
4.799991997649788456e-01 1.229692870337681754e+01 8.889222950801363913e+04
4.935413491207066849e-01 1.225264235454978667e+01 7.784739056629274273e+04
5.073644273422961426e-01 1.221325540115629060e+01 6.799495257721617236e+04
5.214828092326024844e-01 1.217494868399012375e+01 5.947612338295923109e+04
5.358904219090123711e-01 1.213817251317008861e+01 5.219447872602809366e+04
5.505850554555200560e-01 1.210573096236158364e+01 4.580248960857740167e+04
5.655705054801319909e-01 1.207228198148387577e+01 4.006430237416826276e+04
5.807911929113321881e-01 1.204225358326632112e+01 3.517972772928613267e+04
5.962900893045858242e-01 1.201624867710994593e+01 3.084039094100962393e+04
6.120810754537603371e-01 1.198781572555416197e+01 2.709121087378947777e+04
6.282721486320052007e-01 1.196299197897679534e+01 2.378237782608244015e+04
6.449069442749513215e-01 1.193922047908790596e+01 2.085372720389855385e+04
6.620393473476419155e-01 1.191599506702170963e+01 1.818386078127004657e+04
6.797640751289929506e-01 1.189560972394064642e+01 1.599131331744908493e+04
6.981149015177521289e-01 1.187493048131845441e+01 1.398179378026518316e+04
7.171438853915699241e-01 1.185589060468075928e+01 1.222741474055432445e+04
7.368460489724210083e-01 1.183927610310586331e+01 1.056190010836062538e+04
7.572722057230116821e-01 1.182540791537918246e+01 9.272767810103119700e+03
7.784654802642223537e-01 1.181133266543420746e+01 8.056627108879011757e+03
8.004601229831179721e-01 1.180123944720690865e+01 6.997350285918093505e+03
8.232268301028898838e-01 1.179404489664007016e+01 6.067917654851491534e+03
8.468337320510554989e-01 1.178488895728845876e+01 5.256902370527803214e+03
8.712773765498583733e-01 1.177921515282137044e+01 4.552243053084342137e+03
8.965613775398297847e-01 1.177714036349240523e+01 3.940250210268875435e+03
9.227071607244614615e-01 1.177441733639135535e+01 3.403036092782238939e+03
9.497072332656599780e-01 1.177592859759549704e+01 2.938683493470389294e+03
9.775888698887568173e-01 1.177569726187616617e+01 2.515916805722145000e+03
1.005855664014712714e+00 1.178138423273435365e+01 2.192820070798135930e+03
1.033770073448160076e+00 1.178465294612712277e+01 1.904513768906886071e+03
1.061348989657297404e+00 1.179460792148633885e+01 1.660577419924350806e+03
1.088641011176002316e+00 1.179504312763694784e+01 1.455068556812460884e+03
1.115693149369817450e+00 1.179936012864719785e+01 1.277114936954376162e+03
1.142528988037561533e+00 1.180114696516968742e+01 1.124012427462403821e+03
1.169194938776003223e+00 1.180357618095795047e+01 9.916602957875318225e+02
1.195709264518560966e+00 1.180692240464399845e+01 8.756504189727278344e+02
1.222035423995560421e+00 1.180835721659117432e+01 7.753075210991950144e+02
1.248234211458602028e+00 1.180614843830024618e+01 6.871552337484216650e+02
1.274335813108905313e+00 1.180442600120550622e+01 6.097594631963273741e+02
1.300319067119259708e+00 1.180291055951234291e+01 5.419304007734596098e+02
1.326187496858042270e+00 1.180233557678773870e+01 4.822837427035973406e+02
1.352017588584012664e+00 1.179435174206691883e+01 4.295026846634737581e+02
1.377630177412538570e+00 1.179346700498186529e+01 3.805867023789546124e+02
1.403205714312236507e+00 1.178616213376155741e+01 3.416133499396109983e+02
1.428652636295568712e+00 1.177840424108696737e+01 3.050603071554281769e+02
1.453982269250468917e+00 1.176964007351844543e+01 2.727680631794501664e+02
1.479197645024981966e+00 1.176412093130526060e+01 2.426588089713713430e+02
1.504284860055938200e+00 1.175466719073088306e+01 2.185414759081586737e+02
1.529408326087306147e+00 1.174198866688410625e+01 1.953855504243031476e+02
1.554062924091293985e+00 1.173026494218111893e+01 1.754142993561784749e+02
1.578632660217157646e+00 1.171897650907498445e+01 1.574088361337713593e+02
1.603068059341614227e+00 1.170643838368619605e+01 1.413847037387946557e+02
1.627312391208140419e+00 1.169078072619207198e+01 1.263999201588054717e+02
1.651344519991046811e+00 1.167598683762747314e+01 1.142354633494700380e+02
1.675157198754766652e+00 1.166019326506997800e+01 1.028674980744041676e+02
1.698709552002035217e+00 1.164400590988065431e+01 9.262932051703816683e+01
1.722014154612258929e+00 1.162717323821751059e+01 8.344093648910403260e+01
1.745027624788204834e+00 1.160851377463777112e+01 7.492610809843532138e+01
1.767747963731430172e+00 1.158929819630100511e+01 6.798029962218031130e+01
1.790331474854809812e+00 1.157006908916625143e+01 6.124044954226111059e+01
1.812226879414047698e+00 1.154831040091226768e+01 5.555922904975331278e+01
1.834069446675264281e+00 1.152773191801890995e+01 5.023433598766248309e+01
1.855294359775954582e+00 1.150449564792167578e+01 4.552964043864291455e+01
1.876255674272168106e+00 1.148147619710632661e+01 4.133293915699038479e+01
1.896814930293033941e+00 1.145789543382246833e+01 3.749832378270942002e+01
1.916953456245212628e+00 1.143294918312385988e+01 3.405595876135541999e+01
1.936656595842929374e+00 1.140810594998126959e+01 3.097675267792987341e+01
1.955908839560338564e+00 1.138198728291810369e+01 2.821336940852517117e+01
1.974693974620643777e+00 1.135480462427221937e+01 2.569752536562427281e+01
1.992998256915156308e+00 1.132791842362464507e+01 2.342833420223277585e+01
2.010803183232090507e+00 1.129933820610193784e+01 2.131981216848539873e+01
2.028110845388914285e+00 1.127054515540457835e+01 1.954469061705362520e+01
2.044893790229890040e+00 1.124050578596522953e+01 1.788534054117701544e+01
2.061150184256774764e+00 1.121080215148339221e+01 1.639835476869581044e+01
