2.191799393465098389e-01 1.550982308316407554e+01 3.683535669800713658e+06
2.256258755347441414e-01 1.525708139671157859e+01 3.200448676377419848e+06
2.322892115248774147e-01 1.502323757734674281e+01 2.775698764084199909e+06
2.391857709840752855e-01 1.481455576985165123e+01 2.391980958616020624e+06
2.462954946496121733e-01 1.460733306774336882e+01 2.103238993039410561e+06
2.536419359585249111e-01 1.442862923683054355e+01 1.823326335012233583e+06
2.612268802131389456e-01 1.424214503747310090e+01 1.587016904031912796e+06
2.690549212995015371e-01 1.408999616587474435e+01 1.380646801068979315e+06
2.771297757686293495e-01 1.392733779296135666e+01 1.197292976574092405e+06
2.854578459511846744e-01 1.378012846415272996e+01 1.039464340981600340e+06
2.940378681781953829e-01 1.364580915637808189e+01 9.043882826166779269e+05
3.028748303861991120e-01 1.351843586602528013e+01 7.857537309253081912e+05
3.119770610753250795e-01 1.339575833899226254e+01 6.847128535242249491e+05
3.213371363519099688e-01 1.329023217323668504e+01 5.946692048426048132e+05
3.309667823982386792e-01 1.318649046354232546e+01 5.184696451861740788e+05
3.408954735027894256e-01 1.308286796546564190e+01 4.515616601515705115e+05
3.510600277037502770e-01 1.299077926860612742e+01 3.920357129317361978e+05
3.615200203607341067e-01 1.290612062572930263e+01 3.417869589096370037e+05
3.722656388103781633e-01 1.282289447154460227e+01 2.981231259583779029e+05
3.833088966957050037e-01 1.274728878915133912e+01 2.596223315585929668e+05
3.946213903162712477e-01 1.267692227299387575e+01 2.257514085213939543e+05
4.062287197777926240e-01 1.261223238399813518e+01 1.971882550093044410e+05
4.181234148180984489e-01 1.254873370439725910e+01 1.719993025478189229e+05
4.303172739403708924e-01 1.248925489066233752e+01 1.500128202142258233e+05
4.428008830284680397e-01 1.243331683017701295e+01 1.309417378887716623e+05
4.555877369405162414e-01 1.238290998987674563e+01 1.128698342055065295e+05
4.686726590161437445e-01 1.233547448976342054e+01 9.961537107037725218e+04
4.820200176772056477e-01 1.228792812279967883e+01 8.743917649435940257e+04
4.956892340972763322e-01 1.224451115284528946e+01 7.621132618105330039e+04
5.096389583925874378e-01 1.220725184080039760e+01 6.653754745911133068e+04
5.238839760783982058e-01 1.216988687054881524e+01 5.824871191536872357e+04
5.384217001937721125e-01 1.213227044342465710e+01 5.103208306548574183e+04
5.532507360892793269e-01 1.210048283076952202e+01 4.463126891066883400e+04
5.683725933074600389e-01 1.206850807205366394e+01 3.912145801243125607e+04
5.837095489931957148e-01 1.203850225149367503e+01 3.430271477211197634e+04
5.987901720176236342e-01 1.200979184708620195e+01 3.017846059015912397e+04
6.134779584754812554e-01 1.198368374930902291e+01 2.672663446442747590e+04
6.279342231857194534e-01 1.195903368468435879e+01 2.377034713854431902e+04
6.422871809975403412e-01 1.193218358729459894e+01 2.114136796932515790e+04
6.566536119498289636e-01 1.190679856811701320e+01 1.884736966074958036e+04
6.711088898179096152e-01 1.187950902469746062e+01 1.664189916232858013e+04
6.857176821401126388e-01 1.185501804512629676e+01 1.496488602618082405e+04
7.005842219752818067e-01 1.182924883598003518e+01 1.333795912160556691e+04
7.156123671743263026e-01 1.180287087800992296e+01 1.187373694015764886e+04
7.310024150893262851e-01 1.177588353234429341e+01 1.057405996684538513e+04
7.467388087704770472e-01 1.175070707514811019e+01 9.413207230239644559e+03
7.628566546490060940e-01 1.172781752981801873e+01 8.362404124407565178e+03
7.793792469662443878e-01 1.170173789928574415e+01 7.418921084067807897e+03
7.963332033030895429e-01 1.167774923824202560e+01 6.580816614032606594e+03
8.137514953428848230e-01 1.165310670389717274e+01 5.829287664783699256e+03
8.316470960365232035e-01 1.162941830463530835e+01 5.156626105394871047e+03
8.500388197645257771e-01 1.160636265941863243e+01 4.564120553909310729e+03
8.689395677965150444e-01 1.158196405809075102e+01 4.028129464767288937e+03
8.883626868120039211e-01 1.156299026748463810e+01 3.553014070232131871e+03
9.083295133510872477e-01 1.154206686497467160e+01 3.133222921180462890e+03
9.288177656772920177e-01 1.152193808413305653e+01 2.743350824497596022e+03
9.498515538679287440e-01 1.150286089690773750e+01 2.429628174749915161e+03
9.714333695373225108e-01 1.148473485347078693e+01 2.134722971023172704e+03
9.935563304996186673e-01 1.146610862875741432e+01 1.876854187282194516e+03
1.016224276627023970e+00 1.145090183330451694e+01 1.650241354197417195e+03
1.039428815797506012e+00 1.143505910962196914e+01 1.448388199545643829e+03
1.063154390245362180e+00 1.142247597528886338e+01 1.270666143598281451e+03
1.087415551384913082e+00 1.140542615498733348e+01 1.115460690782990241e+03
1.112176923182311539e+00 1.139396812605356679e+01 9.784277643130311617e+02
1.137428269685603954e+00 1.138008361865794171e+01 8.522108000482445505e+02
1.163159733365273452e+00 1.137186560305824479e+01 7.523113168317273676e+02
1.189354490929305230e+00 1.135766070804503158e+01 6.597192487060501662e+02
1.215983900231168313e+00 1.134831189195809031e+01 5.793247346509426734e+02
1.243033507722241637e+00 1.133814634076146000e+01 5.080784668873096166e+02
1.270471887915409326e+00 1.132885993940003999e+01 4.459094668098131820e+02
1.298281787368367635e+00 1.131795029068898728e+01 3.918227193559355328e+02
1.326434105318679002e+00 1.131152776960938056e+01 3.425597991224585712e+02
1.354892830047534025e+00 1.130400939220965029e+01 3.020534467547188910e+02
1.383632561189243493e+00 1.129875359627681597e+01 2.655885612180118187e+02
1.412623703663451247e+00 1.129098091476365084e+01 2.336058591202285868e+02
1.441829788272996460e+00 1.128264934636160355e+01 2.055862670757317119e+02
1.471216979406290815e+00 1.127589342351913793e+01 1.811078543873119315e+02
1.500752364908263026e+00 1.127048852681560476e+01 1.596579747252854418e+02
1.530354673987386116e+00 1.126271206595883179e+01 1.408054899384052021e+02
1.559422962307837945e+00 1.125619282195763127e+01 1.247216966969767356e+02
1.587763722178963333e+00 1.124919714611775845e+01 1.106628687712836125e+02
1.615356039778176545e+00 1.124140892801910141e+01 9.851560438442567147e+01
1.642214178822665849e+00 1.123234713351793523e+01 8.803994201493166827e+01
1.668337587149324897e+00 1.122232517129362606e+01 7.885114695288793030e+01
1.693874309969198855e+00 1.121097511496612498e+01 7.046472610581234619e+01
1.718919158765420230e+00 1.119864144280210994e+01 6.349135196459220509e+01
1.743481433838557804e+00 1.118458644388512191e+01 5.708587302170047195e+01
1.767565385700843317e+00 1.117138569349896571e+01 5.143946128667973028e+01
1.791130492176671307e+00 1.115529836268572872e+01 4.630155435339584358e+01
1.814191622223291445e+00 1.113883426771895380e+01 4.172504968529428027e+01
1.836686537834689936e+00 1.112146963018526158e+01 3.788623257046705106e+01
1.858693203760577006e+00 1.110335146397969908e+01 3.417066459175583759e+01
1.880152419661279328e+00 1.108454137209050749e+01 3.097381293118663947e+01
1.901086733262937312e+00 1.106415839020615621e+01 2.820198051982078979e+01
1.921436339211344935e+00 1.104340932606412018e+01 2.561890577872657460e+01
1.941207527462185389e+00 1.102174803666761171e+01 2.330887619510416897e+01
1.960434325671671418e+00 1.099869723370912666e+01 2.122537530361453051e+01
1.979008867912386505e+00 1.097430552767604617e+01 1.936785787772999612e+01
1.996991927511921894e+00 1.094979940048833456e+01 1.763516164571976574e+01
2.014467684189778396e+00 1.092458671009412541e+01 1.617549868605439656e+01
