2.191799393465098389e-01 1.550982308316407554e+01 3.683535669800713658e+06
2.247812753299168187e-01 1.529303501567869183e+01 3.264618284252479672e+06
2.305228648548325598e-01 1.514274670319922045e+01 2.936762611626473255e+06
2.364514936821359714e-01 1.489194615303812519e+01 2.556152193884625565e+06
2.425544948770056441e-01 1.471349877614351698e+01 2.256476094576907344e+06
2.488176545972348996e-01 1.455210540705588507e+01 1.999923632160991663e+06
2.552636762703623940e-01 1.439090284129182429e+01 1.765543265197494300e+06
2.618899572739607495e-01 1.423595406818551190e+01 1.567552209718131227e+06
2.686998459413697526e-01 1.408278553501763675e+01 1.386581047145885881e+06
2.756967378452484518e-01 1.395116020082924102e+01 1.227977032077474520e+06
2.828833494398367843e-01 1.382613333995900540e+01 1.085171230904994300e+06
2.902626920842857339e-01 1.370727748910428723e+01 9.594198859026039718e+05
2.978287241618374770e-01 1.359111488238380261e+01 8.518812800468392670e+05
3.055933578079644830e-01 1.348099979356340583e+01 7.538694968963082647e+05
3.135739350126094394e-01 1.337545616119224690e+01 6.674984942186430562e+05
3.217226271558736306e-01 1.328729116676866262e+01 5.915943730882178061e+05
3.300972163574228957e-01 1.319375932411199948e+01 5.259865241034834180e+05
3.386692482075302491e-01 1.310384315479170958e+01 4.644443346502393251e+05
3.474543351687761072e-01 1.302590110806967871e+01 4.123662943869504379e+05
3.564585908473095199e-01 1.294729355875677790e+01 3.651112757011101930e+05
3.656687664126437309e-01 1.287249040856860205e+01 3.207633532419654657e+05
3.750800712360617406e-01 1.280347269122486686e+01 2.873485301126437262e+05
3.847268261551796686e-01 1.273760592392626201e+01 2.545816200606395141e+05
3.945813378089310652e-01 1.267782572199186575e+01 2.261695293047601008e+05
4.046490520533699842e-01 1.262150194185721830e+01 2.006352500138621544e+05
4.149469499707201803e-01 1.256154145411953493e+01 1.781379047316795040e+05
4.254786202749162860e-01 1.251087389394768401e+01 1.582888848349531763e+05
4.362102425426295782e-01 1.246207135241046160e+01 1.406226054781712301e+05
4.471704946634367794e-01 1.241568876412669198e+01 1.248414002194742498e+05
4.583482278221442940e-01 1.237512571968503217e+01 1.109901758800815442e+05
4.697619103678102315e-01 1.232915412699420266e+01 9.871640806002523459e+04
4.813841094202863657e-01 1.228947082317928263e+01 8.764369130350013438e+04
4.932291040505412671e-01 1.225297991092706518e+01 7.792416482309863204e+04
5.052905769591585772e-01 1.221625632349210200e+01 6.951797942302195588e+04
5.175806194736427557e-01 1.218516650980314964e+01 6.180339148498988652e+04
5.300919469926650418e-01 1.215288657052462717e+01 5.502873554188571870e+04
5.428234180013967736e-01 1.212269845538131108e+01 4.896399962358046469e+04
5.557752849863951683e-01 1.209374108765383404e+01 4.366351482607570506e+04
5.689479585454116917e-01 1.206720363082886571e+01 3.894196210938844160e+04
5.822824181990308157e-01 1.204119651158911708e+01 3.467284876496760990e+04
5.956372557004168122e-01 1.201614207714237281e+01 3.102019272272925809e+04
6.089093469354549537e-01 1.199456706261661942e+01 2.775692777990764807e+04
6.221720464303621689e-01 1.196856044931392304e+01 2.493110799611835319e+04
6.354565735584200015e-01 1.194816976103583883e+01 2.241259278360156532e+04
6.488980559291395167e-01 1.192771455184621665e+01 2.012810072191218569e+04
6.625328854860121908e-01 1.190511585234288283e+01 1.811498112645097353e+04
6.763881498272574788e-01 1.188268262522614549e+01 1.624996458050015644e+04
6.905801792651644622e-01 1.186432908492914251e+01 1.445658926260960470e+04
7.049477251013748225e-01 1.184226601646729549e+01 1.310360359669310674e+04
7.196594225242812781e-01 1.182446200290023341e+01 1.175987063287121418e+04
7.347499245075502783e-01 1.180658682401669957e+01 1.053449436430745300e+04
7.502587709053594178e-01 1.178613140085515099e+01 9.438677987550667240e+03
7.660710133056379822e-01 1.176948156899542575e+01 8.446403308671897321e+03
7.823434734499635779e-01 1.175308807326256932e+01 7.548608303104794686e+03
7.990500916088277839e-01 1.173687004963760216e+01 6.758862283825461418e+03
8.162052538157941184e-01 1.172077802015376768e+01 6.029063794212665016e+03
8.338190745322934250e-01 1.170784108739132634e+01 5.374895506370859039e+03
8.518915443033300283e-01 1.169456573636171193e+01 4.794151756574578940e+03
8.704563060682384279e-01 1.168101805325399134e+01 4.269311079395581146e+03
8.895104791419115031e-01 1.166665267771698566e+01 3.798234430391494243e+03
9.090539073844297047e-01 1.165794192771669024e+01 3.379497093182624212e+03
9.290986873085234077e-01 1.164758405975890021e+01 3.004628929364394935e+03
9.496433842692624250e-01 1.164455766758075761e+01 2.670787046247482522e+03
9.707008080951041729e-01 1.162950984484648664e+01 2.373963089554276394e+03
9.922444682561865070e-01 1.162187346930189769e+01 2.106196715346899509e+03
1.014304566560236598e+00 1.161543394105712679e+01 1.870792635947708277e+03
1.036861712248554168e+00 1.161311609870757522e+01 1.659131590744767891e+03
1.059848275954086150e+00 1.160455313163618918e+01 1.470826064380120670e+03
1.083064276319502861e+00 1.160003647863627130e+01 1.306549256242143883e+03
1.106481339668006880e+00 1.159753158342900115e+01 1.153433357045682897e+03
1.130155167557823859e+00 1.159601890708442617e+01 1.032985938213561894e+03
1.154020750920496940e+00 1.159149611919985823e+01 9.206096474474254592e+02
1.178079119549322540e+00 1.158879356759568857e+01 8.200472292056542756e+02
1.202339423075954317e+00 1.158826301404354808e+01 7.311530491783746584e+02
1.226785831844283914e+00 1.158661647500920289e+01 6.515543409944831410e+02
1.251450900886327267e+00 1.158399262017358922e+01 5.818641839831989273e+02
1.276259337846349595e+00 1.158113204451471923e+01 5.201717440121574327e+02
1.301267653448890282e+00 1.158322467227649888e+01 4.643780983616231310e+02
1.326399997196360259e+00 1.158124854661736869e+01 4.152793562516174006e+02
1.351667035105315939e+00 1.157631377799237526e+01 3.713975174520084579e+02
1.377115217482556053e+00 1.157661129573972048e+01 3.322421501705474043e+02
1.402620884041897220e+00 1.157575079700521670e+01 2.978084336610067453e+02
1.428222690510904114e+00 1.157339521553863904e+01 2.670501053372691445e+02
1.453961640635606178e+00 1.156890327091299397e+01 2.391101759664074393e+02
1.479704638981321763e+00 1.156708421915156926e+01 2.147082552380188361e+02
1.505524377043739426e+00 1.156501114085399706e+01 1.927934848808095012e+02
1.531354557307732733e+00 1.156099396894114584e+01 1.733389572011390101e+02
1.557206592514100318e+00 1.155908594857937999e+01 1.559006636584105934e+02
1.583044327998044842e+00 1.155674461218324645e+01 1.401462429863965724e+02
1.608861606771895936e+00 1.155180730264393318e+01 1.262703408372397149e+02
1.634619428205204672e+00 1.154812948930877781e+01 1.137428298166265677e+02
1.660318746948473256e+00 1.154470888432041953e+01 1.025110204805203153e+02
1.685926042903931554e+00 1.153911534714956666e+01 9.253078142097110970e+01
1.711511460337916679e+00 1.153462830975612086e+01 8.320378722119738768e+01
1.736756741404180460e+00 1.152945623315134682e+01 7.552851703597289656e+01
1.761958703209419053e+00 1.152347810519179561e+01 6.829436465211124130e+01
1.786989981472535183e+00 1.151713667346094994e+01 6.178985421018861501e+01
1.811827106902792472e+00 1.151083729933469257e+01 5.599079034866078075e+01
1.836438614843124872e+00 1.150372749273963890e+01 5.075509528639484103e+01
1.860824164412778092e+00 1.149575814703220011e+01 4.607246746656187497e+01
