2.191799393465098389e-01 1.550982308316407554e+01 3.683535669800713658e+06
2.254658524073820669e-01 1.527317494466936765e+01 3.221923174650839064e+06
2.319619572163752197e-01 1.503094579910819739e+01 2.795452713018316776e+06
2.386717992381456044e-01 1.483796408035171943e+01 2.439136076266002841e+06
2.456045258976876089e-01 1.462540771690729535e+01 2.124382926175389439e+06
2.527494155785406926e-01 1.443815969436472457e+01 1.854915283825130900e+06
2.601226313935675050e-01 1.426924801739321680e+01 1.615628664773451630e+06
2.677267336154953159e-01 1.410908580583865124e+01 1.409580303863353329e+06
2.755647097994253225e-01 1.396594028364487805e+01 1.232893207451724680e+06
2.836419053875064988e-01 1.381523100605219412e+01 1.071204052629267098e+06
2.919653555538706535e-01 1.367239372636019468e+01 9.364912119274759898e+05
3.005242006527731324e-01 1.355218401143424067e+01 8.153435982086892473e+05
3.093251586441574386e-01 1.343175382745730317e+01 7.123527582025685115e+05
3.183955429759975919e-01 1.331680304094408562e+01 6.216830642333085416e+05
3.277146326028880785e-01 1.321632925547232951e+01 5.428971314783084672e+05
3.372844075061398050e-01 1.311680705432818250e+01 4.737260609503146843e+05
3.471234823718855056e-01 1.302776546258676760e+01 4.136153655289866729e+05
3.572379264960831580e-01 1.294480247221679647e+01 3.613160701424926519e+05
3.676010757246921945e-01 1.285812034109811819e+01 3.158517118219939293e+05
3.782441747363155526e-01 1.278210125396176977e+01 2.762589987785640405e+05
3.891630049498263633e-01 1.270878456481988650e+01 2.414979862914436671e+05
4.003564337302493725e-01 1.264421089474347326e+01 2.109029749463340559e+05
4.118216264873986177e-01 1.258015084246273929e+01 1.847367580994419404e+05
4.235707119208003135e-01 1.252141486279415439e+01 1.613875209535325121e+05
4.356166777490715347e-01 1.246672761342027869e+01 1.411837755075839814e+05
4.479133250860311555e-01 1.241177497331408652e+01 1.239063623982194986e+05
4.605100813292107853e-01 1.236449860610956542e+01 1.084435705623633548e+05
4.733668879945837626e-01 1.231786361727957946e+01 9.490769514765379427e+04
4.865352915020113578e-01 1.227493637688325911e+01 8.254121475962481054e+04
4.999244020574833969e-01 1.223331950172706328e+01 7.301829684429016197e+04
5.136251133461144924e-01 1.219493645261353798e+01 6.407466455787345330e+04
5.276075867627715299e-01 1.215791470760647286e+01 5.634745893235088442e+04
5.418671839667636991e-01 1.212414626814218721e+01 4.942427226611685910e+04
5.564044066948762302e-01 1.209287916128267248e+01 4.339239425376069994e+04
5.711911932353619381e-01 1.206267599882707486e+01 3.814266678069425689e+04
5.861650739595071213e-01 1.203281788377542938e+01 3.360865726190094574e+04
6.005149867979735490e-01 1.200725587800871175e+01 2.946463657988686100e+04
6.141952691933596498e-01 1.198101135460001743e+01 2.656908691622886909e+04
6.274327058595167150e-01 1.195581187833618841e+01 2.380803948831148955e+04
6.403612027919418637e-01 1.193004530574193112e+01 2.140424140618394813e+04
6.530947509895298486e-01 1.190258444034209795e+01 1.927527410566561957e+04
6.657381867223626237e-01 1.187656488576432423e+01 1.736368117672807057e+04
6.783534708496202770e-01 1.184847443660746436e+01 1.565417112229144914e+04
6.910049852893167532e-01 1.182024703980006919e+01 1.412901077734176579e+04
7.037992760632908462e-01 1.179370148038761812e+01 1.272932912098237284e+04
7.166317298718558604e-01 1.176406093073346248e+01 1.149222051758860107e+04
7.297010142376847419e-01 1.173501511145476783e+01 1.027008291058902978e+04
7.429748945222732770e-01 1.170259338939547966e+01 9.324930876975971842e+03
7.565034544797163418e-01 1.167250762036420220e+01 8.390401299679264412e+03
7.703062013893589022e-01 1.164483552877728734e+01 7.546170075298524353e+03
7.844092278933294526e-01 1.161489970460552712e+01 6.778845610083402789e+03
7.988386562005267422e-01 1.158626910236321805e+01 6.073441336244349259e+03
8.136097236357460183e-01 1.155510275236797035e+01 5.446291524455725266e+03
8.287327586537351909e-01 1.152449268706772401e+01 4.876972392037197096e+03
8.442342468374870457e-01 1.149426621755075040e+01 4.360194386295635923e+03
8.601155109611907656e-01 1.146639745585386549e+01 3.896750022938735128e+03
8.764079115809133569e-01 1.143397144792919917e+01 3.478729603222492642e+03
8.930995392701049918e-01 1.140658560823569800e+01 3.105169008513056724e+03
9.102020160997719156e-01 1.137987328937215459e+01 2.764805797528686981e+03
9.277224871673748208e-01 1.135090262616861878e+01 2.461125174511320438e+03
9.456605361143121113e-01 1.132288063953238044e+01 2.189066594845378404e+03
9.640282236444414066e-01 1.129879021560469532e+01 1.945666890097027363e+03
9.827949794253826310e-01 1.126955837405293082e+01 1.728460364572911885e+03
1.001992304161461789e+00 1.124544249986507438e+01 1.536332399590084606e+03
1.021603308194668935e+00 1.121889949640813811e+01 1.362701206392373251e+03
1.041614279912441932e+00 1.119405851545255004e+01 1.209010672137362008e+03
1.062008177830018330e+00 1.116954861859531967e+01 1.071551005458109557e+03
1.082807810585665331e+00 1.114845905427033657e+01 9.495784768535648936e+02
1.103977305954072730e+00 1.112613026749500200e+01 8.409612100861288582e+02
1.125507156482274063e+00 1.110372959956817240e+01 7.458487451994869843e+02
1.147380749092822949e+00 1.108018552952328228e+01 6.565088611872788533e+02
1.169603381629561900e+00 1.105973781682958546e+01 5.858815335883552962e+02
1.192126270931609389e+00 1.103870336144347419e+01 5.183739510074135524e+02
1.214943407824966570e+00 1.101869255756460753e+01 4.591697756016088192e+02
1.238033734610773928e+00 1.099919051496268629e+01 4.049511337405472773e+02
1.261315653848835039e+00 1.097945246596845514e+01 3.613392656616720728e+02
1.284699866235898380e+00 1.095967683092270306e+01 3.206474384738723984e+02
1.308176657968855183e+00 1.094374755236889030e+01 2.849458744129764796e+02
1.331718110122370735e+00 1.092215297706656862e+01 2.530814929538054514e+02
1.355314950769595184e+00 1.090388186154671324e+01 2.252494669709669779e+02
1.378902016363388272e+00 1.088573759452217971e+01 2.004905566066939286e+02
1.402543000874149959e+00 1.086746383997959597e+01 1.788384937348996004e+02
1.426108462967225821e+00 1.084847174723182306e+01 1.586480418050174706e+02
1.449660824896058520e+00 1.083003827982886769e+01 1.421841360086530415e+02
1.473160171133732321e+00 1.081149227786403344e+01 1.270607263176761847e+02
1.496588263906840854e+00 1.079340794029997674e+01 1.135954723083293914e+02
1.519806141727885196e+00 1.077436322828571313e+01 1.012550911270782166e+02
1.542953089783325460e+00 1.075591321067858885e+01 9.109214599513890676e+01
1.565918976147805397e+00 1.073624885755908487e+01 8.128738696369936179e+01
1.588690119412425217e+00 1.071613711413027481e+01 7.325761467837078555e+01
1.611264078999139260e+00 1.069663596563979091e+01 6.552841689322966090e+01
1.633638662308089184e+00 1.067631339524604606e+01 5.902539439431331658e+01
1.655690150358060775e+00 1.065642505992202693e+01 5.320215886538280614e+01
1.677493090719619717e+00 1.063553521375752453e+01 4.799809125566873291e+01
1.699015900251298783e+00 1.061500729782616226e+01 4.323176863192376373e+01
1.720164151063707125e+00 1.059340039837171155e+01 3.891829084076366740e+01
1.740978103425665058e+00 1.057151378570356748e+01 3.528194923324198840e+01
1.761453695485313053e+00 1.054929352351569349e+01 3.182672726029685961e+01
1.781540588769623623e+00 1.052717205619758012e+01 2.891594530622334958e+01
1.801210596904166072e+00 1.050358791438102024e+01 2.613735827595252559e+01
