2.191799393465098389e-01 1.550982308316407554e+01 3.683535669800713658e+06
2.254784190469797112e-01 1.527103917692177859e+01 3.219897993911855388e+06
2.319870553347714581e-01 1.504876763071676926e+01 2.805427125567718409e+06
2.387110878948190962e-01 1.482470719495352718e+01 2.440851009369425476e+06
2.456574824623126152e-01 1.462815881930580098e+01 2.126812037011467386e+06
2.528182056376905296e-01 1.444749997113618889e+01 1.855283502285436029e+06
2.602072688212332396e-01 1.429477735670985439e+01 1.611340419032319216e+06
2.678280236443146833e-01 1.410238008339881155e+01 1.407650826654909644e+06
2.756845570605938600e-01 1.395148060588537042e+01 1.226158158388236072e+06
2.837806721647096464e-01 1.380731877354698156e+01 1.071151885182132479e+06
2.921254869877736859e-01 1.367001237922350398e+01 9.321292380972116953e+05
3.007041319467418372e-01 1.354518229712151367e+01 8.130975843755680835e+05
3.095360720904117846e-01 1.342409529076995334e+01 7.108085656321517890e+05
3.186183633869036358e-01 1.332156481233537981e+01 6.198570013964244863e+05
3.279651151905244588e-01 1.321822633992696083e+01 5.362582356701298850e+05
3.375577347672966133e-01 1.311609293568368706e+01 4.717906769000286586e+05
3.474236132658334864e-01 1.302470071706714094e+01 4.119568370261854725e+05
3.575620325471466909e-01 1.292824873645291461e+01 3.598672097522345139e+05
3.679570948938680752e-01 1.285715580440091799e+01 3.141927810134007013e+05
3.786346393971916080e-01 1.278070844075272916e+01 2.748130139239248238e+05
3.895788352751312633e-01 1.270736982917376245e+01 2.403995847276857239e+05
4.008046510065701451e-01 1.264059052772693015e+01 2.098205848453273647e+05
4.122995118450030194e-01 1.258088921371979119e+01 1.835723882149718993e+05
4.240887326841307203e-01 1.251872005901842577e+01 1.608660980477945413e+05
4.361545998808869506e-01 1.246215032157468094e+01 1.407394948248482833e+05
4.485012885145957529e-01 1.241039163476986396e+01 1.230368475771969534e+05
4.611312750620609746e-01 1.236113486478533119e+01 1.076767950715488696e+05
4.740276677980015396e-01 1.231528205003494669e+01 9.446533207393421617e+04
4.872214142622058319e-01 1.227051055680849956e+01 8.271796702880466182e+04
5.006642940455094948e-01 1.222957358133625050e+01 7.260513041954800428e+04
5.144071331189403740e-01 1.219193855645129787e+01 6.366068052294244990e+04
5.284309578683945574e-01 1.215756674364881995e+01 5.585941156630251498e+04
5.427341755102842447e-01 1.212207488704869363e+01 4.904064430356700905e+04
5.573158669944158206e-01 1.209115833892941794e+01 4.308275992635975126e+04
5.721457237264806484e-01 1.206043911853799244e+01 3.782635148118479992e+04
5.871935557518944693e-01 1.203133053522013363e+01 3.329468649051100510e+04
6.020576913100583738e-01 1.200120619183631909e+01 2.944836976718191363e+04
6.167864331963716085e-01 1.197905833041449775e+01 2.607678327916826311e+04
6.314646526001385096e-01 1.195516785765186540e+01 2.299427156000504692e+04
6.462437057718656286e-01 1.192429322656436597e+01 2.055778046644692222e+04
6.611931497229764920e-01 1.190473556048509529e+01 1.825059628901606266e+04
6.763496982625880616e-01 1.188161725878643438e+01 1.620283305366760032e+04
6.917806411829198199e-01 1.185663103266696439e+01 1.441775740019718432e+04
7.076028286454774108e-01 1.183359997547405484e+01 1.279291754985214175e+04
7.236931522723906163e-01 1.181128713049082180e+01 1.134605412134218750e+04
7.402356442643991397e-01 1.179037735504531526e+01 1.006303710398645853e+04
7.572368468869200564e-01 1.176835218555214801e+01 8.911520255420007743e+03
7.746887452007729102e-01 1.174682603803698555e+01 7.875618008728538371e+03
7.926352877326331425e-01 1.172571394322945970e+01 6.970902844690538586e+03
8.110984151703343192e-01 1.170849909856831061e+01 6.150390605096699801e+03
8.301032215132557734e-01 1.168658541751353575e+01 5.426118736411216560e+03
8.496674799141865631e-01 1.167087098406038059e+01 4.782427952803945118e+03
8.697925662592081997e-01 1.166079149757311662e+01 4.204927736876924428e+03
8.905075419082505439e-01 1.163685338500531685e+01 3.701468572724837031e+03
9.118008020783816558e-01 1.162290731375169983e+01 3.250458156315567066e+03
9.336832768531037052e-01 1.161245666141093480e+01 2.855630370650030272e+03
9.561804695423211653e-01 1.159758452519811378e+01 2.505380674423230175e+03
9.792584868513467544e-01 1.158995100594012229e+01 2.199190001338733055e+03
1.002946585073094754e+00 1.157811565264113618e+01 1.927514956535151214e+03
1.027228289843612474e+00 1.156535588261433922e+01 1.689552087448472321e+03
1.052107678543989788e+00 1.156160975074079467e+01 1.478086865721401409e+03
1.077565138477583506e+00 1.155170186370715335e+01 1.296473265604919789e+03
1.103599671661341652e+00 1.154415081747871774e+01 1.133950060832172312e+03
1.130194808685068608e+00 1.153670676403795170e+01 9.933472321204029640e+02
1.157014688149013093e+00 1.153287915782530071e+01 8.703427571593266521e+02
1.183173116377132184e+00 1.152843455724370259e+01 7.666518831671289718e+02
1.208672750821697894e+00 1.152229469792058936e+01 6.778875686509475145e+02
1.233511942647707471e+00 1.151674806201277868e+01 6.023098461025181223e+02
1.257765431395752254e+00 1.151244782473217576e+01 5.367359370957930196e+02
1.281467819952625264e+00 1.150101362128820526e+01 4.795549199756973167e+02
1.304658680329845000e+00 1.149148073469814690e+01 4.297197170299197069e+02
1.327300474856313084e+00 1.148084731917873924e+01 3.854036025221420232e+02
1.349510873535494593e+00 1.147236728130094896e+01 3.464184699380065808e+02
1.371240830726757842e+00 1.145710031479521973e+01 3.122999541312178735e+02
1.392533905993367904e+00 1.144269576861466575e+01 2.817783330228620002e+02
1.413396441417415383e+00 1.142862747052107686e+01 2.547693470306378174e+02
1.433865105963004982e+00 1.141268452273562417e+01 2.305347307575655122e+02
1.453930885121406558e+00 1.139223943097102598e+01 2.088923618311976043e+02
1.473601555462098700e+00 1.137225215024385427e+01 1.896197833597577187e+02
1.492901673097978277e+00 1.135303897465083267e+01 1.721540465950664611e+02
1.511816402182654118e+00 1.133068890099336556e+01 1.565224470847644227e+02
1.530361093928678695e+00 1.130777472641687176e+01 1.424646340278728758e+02
1.548537075653084738e+00 1.128422902745374401e+01 1.296818948809088567e+02
1.566344491526195259e+00 1.125940158314727135e+01 1.182355185031108391e+02
1.583899610661299029e+00 1.123379873728871914e+01 1.077757908885412235e+02
1.600868972558243897e+00 1.120679716750027133e+01 9.801904041178516991e+01
1.617583309059744012e+00 1.117846530797213944e+01 9.003901298422456989e+01
1.633928832748837046e+00 1.114979620591273424e+01 8.237291971606589414e+01
1.649899439600332141e+00 1.111942012509991251e+01 7.538179026012848283e+01
1.665527505661355212e+00 1.108857081784351806e+01 6.900424947371446649e+01
1.680728147054538768e+00 1.105751443340226103e+01 6.300285762494679886e+01
1.695579552398601919e+00 1.102447369625190809e+01 5.800393958122144511e+01
1.710033397710193137e+00 1.099080446935279731e+01 5.328045265915248763e+01
1.724108062516040984e+00 1.095727157874622826e+01 4.896192582411808303e+01
1.737800796067232367e+00 1.092254764643051779e+01 4.497133832437425838e+01
1.751257937817715327e+00 1.088776971483550149e+01 4.137404876282942467e+01
1.763970433871924870e+00 1.085102051513422339e+01 3.798760917459232189e+01
1.776451304940598996e+00 1.081377306334897526e+01 3.515149110975371372e+01
1.788528718285492314e+00 1.077618772210427345e+01 3.242274453823853975e+01
1.800356672284525672e+00 1.073802574748943250e+01 2.993211342475575165e+01
