2.191799393465098389e-01 1.550982308316407554e+01 3.683535669800713658e+06
2.253617260269599742e-01 1.527313608090272545e+01 3.215195434505346231e+06
2.317498833374149192e-01 1.506634858537974253e+01 2.837073897247461602e+06
2.383432581932366512e-01 1.484123556697975133e+01 2.462015535531108268e+06
2.451542227863279522e-01 1.464185167046132285e+01 2.142816846497258171e+06
2.521692730690223150e-01 1.445425239159995101e+01 1.876138774083123310e+06
2.594039395654142988e-01 1.428672394714783245e+01 1.639244937745178351e+06
2.668624489746730388e-01 1.412237025323722861e+01 1.433197987833214691e+06
2.745470126167594560e-01 1.398172776710723575e+01 1.253506615434142761e+06
2.824622309200740533e-01 1.383095808210171818e+01 1.093067032246962888e+06
2.906137029561771112e-01 1.369251319654934385e+01 9.570150595582401147e+05
2.990059646787715519e-01 1.357214719150681326e+01 8.363378812139001675e+05
3.076155469766748696e-01 1.345510879792843539e+01 7.315915767932430608e+05
3.164867740846816768e-01 1.334419528289696899e+01 6.388440221654241905e+05
3.256026409258993004e-01 1.323709088636491416e+01 5.589811261813031742e+05
3.349595467952872774e-01 1.313946202061383772e+01 4.898116115812330972e+05
3.445756785875122019e-01 1.306692144478461692e+01 4.281833574190522777e+05
3.544538068520214913e-01 1.296046348802266834e+01 3.762437456935098162e+05
3.645989635012721886e-01 1.288585862335324173e+01 3.280671968605346046e+05
3.749755216538237512e-01 1.280313842204825292e+01 2.876709033591715270e+05
3.856386196571513492e-01 1.273130780528270733e+01 2.520690936634514946e+05
3.965679040147096490e-01 1.266766383306292099e+01 2.209210913566144300e+05
4.077524782030607642e-01 1.260338969936917231e+01 1.933534751396214124e+05
4.192038919671834951e-01 1.254154840831321494e+01 1.696821842490592098e+05
4.309375623171399772e-01 1.248598309210872159e+01 1.488991436227784434e+05
4.429372182178906714e-01 1.243330390493184012e+01 1.303607484318878560e+05
4.552113720534883834e-01 1.238407912093564356e+01 1.147695095221083029e+05
4.677691497546540567e-01 1.233786825778184770e+01 1.005882525004680501e+05
4.805604833874013160e-01 1.229393164507501979e+01 8.837679663244604308e+04
4.936572290056863710e-01 1.225136225736994966e+01 7.767174939276333316e+04
5.070050516291165765e-01 1.221398270390265850e+01 6.831231111085410521e+04
5.206280283624711291e-01 1.217694386631017345e+01 6.009647248130715161e+04
5.345219899376680850e-01 1.214262042334882530e+01 5.286866729743536416e+04
5.486840134802825064e-01 1.211054989486480160e+01 4.653289710976921924e+04
5.631157043753078906e-01 1.208095956347204591e+01 4.089641422314032388e+04
5.777716258826445239e-01 1.205296152775478724e+01 3.604102676463808166e+04
5.925265587742912787e-01 1.202221552699426965e+01 3.190159245912389815e+04
6.070974876496106898e-01 1.199403287774055116e+01 2.821585867084312122e+04
6.215975920413175926e-01 1.197028177528953563e+01 2.505297729948952110e+04
6.361130921854745157e-01 1.194535032579314660e+01 2.206265754847342032e+04
6.507527577260500129e-01 1.192106867128689629e+01 1.982195082004059805e+04
6.655631346343021670e-01 1.189762641119289555e+01 1.765135578717103272e+04
6.806333228913067357e-01 1.187442494594572295e+01 1.568275219757594641e+04
6.960077545685200429e-01 1.185172318610822551e+01 1.395378826465218663e+04
7.117710609250479381e-01 1.182989346570204248e+01 1.241152892030636758e+04
7.277905349711307759e-01 1.180807424851020393e+01 1.102832865853400472e+04
7.443154178797255494e-01 1.178703104973468818e+01 9.785917682528461228e+03
7.612273145130564744e-01 1.176605354554008187e+01 8.675754773748498337e+03
7.786446193931735316e-01 1.174621284827645873e+01 7.687321708180429596e+03
7.965422594112804289e-01 1.172661341986963812e+01 6.801615342949070509e+03
8.149556586570643191e-01 1.170869537508577274e+01 6.012690721153129743e+03
8.338978097012317292e-01 1.169224770283319081e+01 5.309889366515209986e+03
8.533935222330523152e-01 1.167173495309516440e+01 4.688837053494076827e+03
8.734415233715220328e-01 1.165851670828350350e+01 4.134469640373544280e+03
8.940669776107044164e-01 1.164409148494950053e+01 3.612956394315516718e+03
9.152684440998161142e-01 1.162845645704856956e+01 3.206681605109575230e+03
9.370505465913813170e-01 1.161744697714086172e+01 2.818212043471700781e+03
9.594161882904173044e-01 1.160593385103259756e+01 2.477228713627971047e+03
9.823716860385027783e-01 1.159508548097833192e+01 2.175845804811870948e+03
1.005924619233815376e+00 1.158868970688207156e+01 1.896197596856291739e+03
1.030048445143463054e+00 1.157756550917499183e+01 1.679127506988932964e+03
1.054753496000105928e+00 1.156985340935409390e+01 1.471608757794438816e+03
1.080035629811874731e+00 1.156361279280105592e+01 1.291489381741274883e+03
1.105884006388023311e+00 1.156147677064605972e+01 1.132881332610988920e+03
1.132271676449357223e+00 1.155277180023177941e+01 9.936836988623566640e+02
1.159202262989734500e+00 1.154882585446010701e+01 8.716351005452814888e+02
1.186431566535968818e+00 1.154536848975432939e+01 7.647950922276796746e+02
1.213605301265107794e+00 1.154385452581232663e+01 6.727811720126285309e+02
1.240699722317560649e+00 1.153994112877968270e+01 5.932121543550580327e+02
1.267743041512759516e+00 1.154062448912204530e+01 5.236622878204458402e+02
1.294724172981861043e+00 1.153542648319953123e+01 4.607310083071911890e+02
1.321564794861540770e+00 1.153274152559748345e+01 4.108713800248880830e+02
1.348363246789712422e+00 1.152897090244027645e+01 3.644923230471235343e+02
1.375088633030606688e+00 1.152292435556269545e+01 3.239807709912023483e+02
1.401688854978668575e+00 1.152301955519124199e+01 2.882279747715469966e+02
1.428193592337819950e+00 1.151523249390808168e+01 2.566522140375998333e+02
1.454572920154187265e+00 1.151195804106977150e+01 2.288129940923161030e+02
1.480856251203574114e+00 1.150402034801042994e+01 2.043079992272594154e+02
1.507000030642069222e+00 1.149624081780377516e+01 1.825947318086452924e+02
1.532988069392101860e+00 1.148853622211175285e+01 1.632740970940543832e+02
1.558737685192273847e+00 1.148118674915077797e+01 1.462731592898103941e+02
1.584355305067012054e+00 1.147192978844535105e+01 1.310328979105086660e+02
1.609777776480498801e+00 1.146209947951333952e+01 1.175608478036986497e+02
1.634973484208826822e+00 1.145247156647485909e+01 1.055197617779835042e+02
1.659941172397928932e+00 1.144159776795675931e+01 9.445414871067143281e+01
1.684671839838295382e+00 1.142980140625765628e+01 8.538953940864304570e+01
1.709126489903524559e+00 1.141761245454010520e+01 7.693921136956633688e+01
1.733290439723094822e+00 1.140452330706230555e+01 6.930479981022307356e+01
1.757160946630367704e+00 1.139072914348158250e+01 6.257712562360275399e+01
1.780704128110909501e+00 1.137626071094001468e+01 5.649826922555007513e+01
1.803920698197809758e+00 1.136059050476014320e+01 5.085221449603184141e+01
1.826769794311779327e+00 1.134538916158068034e+01 4.618501231116362504e+01
1.849248162488176916e+00 1.132804690497390432e+01 4.184861114094898227e+01
1.871335390860967562e+00 1.131088172889990062e+01 3.778537772150340857e+01
1.893019654089197923e+00 1.129247896982887234e+01 3.443212752310988378e+01
1.914283998365603034e+00 1.127419511915180195e+01 3.115783106368066768e+01
1.935104797738104843e+00 1.125440374688640865e+01 2.849128923873804098e+01
1.955592763253448885e+00 1.123486661587643809e+01 2.588582677371686458e+01
1.975377221844855091e+00 1.121332020855633083e+01 2.360381112443905494e+01
1.994798129071330584e+00 1.119154055904925116e+01 2.155765200510636959e+01
