2.191799393465098389e-01 1.550982308316407554e+01 3.683535669800713658e+06
2.275803633711806218e-01 1.519101622275100638e+01 3.078348392528249417e+06
2.363559658308668210e-01 1.490173408589015480e+01 2.558860459243262652e+06
2.455117393544186954e-01 1.463227429994677209e+01 2.134064109856654890e+06
2.550537881024030895e-01 1.439012534683229383e+01 1.772883581219168147e+06
2.649981981455583613e-01 1.416079269558656151e+01 1.479017078159114346e+06
2.753550470665631078e-01 1.398487419862312287e+01 1.232896304520166945e+06
2.861346874989998956e-01 1.377281700741854031e+01 1.029022081859525177e+06
2.973308487987322835e-01 1.359960511233888880e+01 8.600003072435656795e+05
3.089768302351916796e-01 1.343325785127700911e+01 7.171806311861678259e+05
3.210682712277022066e-01 1.328915650917760516e+01 5.977337905539058847e+05
3.336026768300419110e-01 1.315595461877749806e+01 4.998702216427231324e+05
3.465983151325360834e-01 1.303525970897548802e+01 4.163974547454864369e+05
3.600726922431596311e-01 1.291745828081934278e+01 3.480167612012934405e+05
3.740100909641692062e-01 1.280969709796818634e+01 2.914425321740192012e+05
3.884361597295864499e-01 1.271345415837444293e+01 2.438891426870955329e+05
4.033490875801132303e-01 1.262540007479467974e+01 2.037872351693625678e+05
4.187402697821759889e-01 1.254508532410760324e+01 1.708484582583222946e+05
4.346438698362678488e-01 1.247171067711325954e+01 1.428226533678762498e+05
4.510303686658166944e-01 1.240109352786993924e+01 1.199320477050255140e+05
4.679170161220999602e-01 1.233589746340827098e+01 1.004358651633777044e+05
4.852766838440622510e-01 1.227753431002791729e+01 8.441067339440071373e+04
5.031447281564535023e-01 1.222407022957193945e+01 7.009279268837950076e+04
5.215009059064870112e-01 1.217475718805735951e+01 5.945902950189272087e+04
5.403513706076272793e-01 1.212755311468037078e+01 5.020892381265019503e+04
5.596934705652659714e-01 1.208575269945530195e+01 4.222779533080451074e+04
5.794775369027436174e-01 1.204588186704421382e+01 3.556525113029977365e+04
5.990446807188534173e-01 1.201110293816425489e+01 2.984120399410781829e+04
6.177419817174290007e-01 1.197485740159125989e+01 2.585425848404003773e+04
6.359845270622203062e-01 1.194131595737767348e+01 2.220137722507116632e+04
6.540453339877033700e-01 1.190825204596315423e+01 1.919724685711240090e+04
6.721266963882545076e-01 1.186996506563754750e+01 1.662638058958610782e+04
6.903866730168486399e-01 1.183910935406139409e+01 1.436742862148905078e+04
7.089239625765025865e-01 1.180179124864209150e+01 1.241257561234930472e+04
7.278821978901139911e-01 1.176757928842194367e+01 1.072093489230049636e+04
7.473333642552959510e-01 1.173391055968669328e+01 9.255126519416067822e+03
7.673525702344566879e-01 1.169916761975252584e+01 7.901239109196869322e+03
7.880112166171828747e-01 1.166260415134544992e+01 6.853264879939761158e+03
8.093481857955526770e-01 1.163038769958044050e+01 5.885678548541345663e+03
8.314208399170430752e-01 1.159418607945354296e+01 5.043997110666998196e+03
8.542632081207401917e-01 1.156276750331170433e+01 4.317220690434245626e+03
8.778993619564156026e-01 1.152829681828283803e+01 3.685693506031574543e+03
9.023688271607611666e-01 1.149735853301158883e+01 3.143945458252211665e+03
9.276724474256144992e-01 1.146979088803452207e+01 2.656057487363427299e+03
9.538219685237975254e-01 1.143973561729399435e+01 2.274847674599629954e+03
9.808260005864678499e-01 1.141458942264895704e+01 1.931263445223818735e+03
1.008680891103131083e+00 1.138743011011530903e+01 1.631118553235670788e+03
1.037373655539332473e+00 1.136297177529663571e+01 1.390045463545257917e+03
1.066885280777049916e+00 1.133864696084249779e+01 1.177618528462630138e+03
1.097200987449454601e+00 1.131536673217463829e+01 9.976418470765261191e+02
1.128292941937849125e+00 1.129453839287123529e+01 8.439722927130217158e+02
1.160124581081792394e+00 1.127764266598895659e+01 7.146234408666707623e+02
1.192658940339333062e+00 1.125913435576676491e+01 6.050573377507604391e+02
1.225859824659291997e+00 1.124022668719287665e+01 5.118306208592618418e+02
1.259660609220579541e+00 1.122204629527131559e+01 4.338652372827275485e+02
1.294020152713215133e+00 1.120515302653029011e+01 3.653459100416333172e+02
1.328881113309227979e+00 1.118852110334831096e+01 3.115289656477640392e+02
1.364176502908488020e+00 1.117518048638906336e+01 2.628425621014869762e+02
1.399838344474581220e+00 1.115919615789514197e+01 2.244634931517189216e+02
1.435811251989460136e+00 1.114454407133396785e+01 1.906455763339971838e+02
1.472008972196099830e+00 1.113256638441233370e+01 1.624062038216075052e+02
1.508361800177967726e+00 1.111907491528959113e+01 1.382903405839521156e+02
1.544793542401067032e+00 1.110682402133683588e+01 1.181088402858204489e+02
1.581229562578331915e+00 1.109110539141696883e+01 1.009883485634341156e+02
1.617595735782821675e+00 1.107732955687392895e+01 8.638424020961215888e+01
1.653805989011956079e+00 1.106347027710562436e+01 7.406342323828373253e+01
1.689772489577051395e+00 1.104976172958092917e+01 6.362824052195401947e+01
1.723757143993921437e+00 1.103439749393432123e+01 5.481537134817087775e+01
1.754675015556624640e+00 1.101686412363319256e+01 4.795116874283925767e+01
1.782708470413635782e+00 1.099668831047999795e+01 4.230722870526037838e+01
1.808075364596512191e+00 1.097362322224611830e+01 3.773329322032299871e+01
1.830968453328804868e+00 1.094685075212940184e+01 3.372820757457614604e+01
1.851569866222143812e+00 1.091644848112906807e+01 3.033460512196428382e+01
1.870047812060090964e+00 1.088403142321204164e+01 2.738958465486693328e+01
1.886548790163926625e+00 1.084690206476615693e+01 2.487023648936521525e+01
1.901213261480545924e+00 1.080850783074532728e+01 2.265539153969349684e+01
1.914166333532361985e+00 1.076593197447953365e+01 2.074140519374138947e+01
1.925487366329392103e+00 1.072129209211033718e+01 1.899907563567589364e+01
1.935310131608911188e+00 1.067520418536791560e+01 1.742759325187858011e+01
1.943725727101197620e+00 1.062530829089129014e+01 1.611715989229846002e+01
1.950809685739313570e+00 1.057494985458460768e+01 1.486220132339626154e+01
1.956654304828997937e+00 1.052185162301599952e+01 1.377498325238492605e+01
1.961282317195412350e+00 1.046687338216931451e+01 1.283718429991066579e+01
1.964820669363936068e+00 1.041024637001875419e+01 1.191368212172704588e+01
1.967298720998525319e+00 1.035272331010304114e+01 1.114468605554959346e+01
1.968774547611898074e+00 1.029360642035055662e+01 1.042510687051106544e+01
1.969224524490450934e+00 1.023344838026048542e+01 9.735533743497118309e+00
1.968364280582769688e+00 1.017374733531246278e+01 9.179768955377928918e+00
1.966162016524247269e+00 1.011415573381954935e+01 8.711500721685407456e+00
1.962797085951491383e+00 1.005530587111153018e+01 8.277590654658835589e+00
1.958148584000291459e+00 9.994953212961830147e+00 7.897784258838258964e+00
1.952166877581871463e+00 9.932345776588652697e+00 7.552650223099589333e+00
1.945368283718556635e+00 9.871323969528070563e+00 7.271865681917713431e+00
1.937637481439619114e+00 9.809156098113483324e+00 7.007736078028688809e+00
1.929135332493661981e+00 9.747329518700283302e+00 6.771390708659278168e+00
1.919766027297217237e+00 9.685267559721721042e+00 6.540025784043450585e+00
1.909932276350877256e+00 9.623342158906293520e+00 6.361732051689079626e+00
1.899154619457096516e+00 9.560247015223936273e+00 6.191094559090453586e+00
1.887979861357821143e+00 9.498189960809217069e+00 6.041786192110946807e+00
1.876327351880873850e+00 9.435483415323624001e+00 5.922361057568242160e+00
