2.191799393465098389e-01 1.550982308316407554e+01 3.683535669800713658e+06
2.256274759018658538e-01 1.527231218334324403e+01 3.211656583304642700e+06
2.322923047670975016e-01 1.502444892635047680e+01 2.782079294753803406e+06
2.391813741013500694e-01 1.481439712935466169e+01 2.413144209673253354e+06
2.463022089072260945e-01 1.460984593215022365e+01 2.100824111678259913e+06
2.536512259702366490e-01 1.442447586063984843e+01 1.822681580319033936e+06
2.612388362735013070e-01 1.424848342283264202e+01 1.589975573683009483e+06
2.690690247196469431e-01 1.408988757529281344e+01 1.379398418736038962e+06
2.771464027708093192e-01 1.392666946466885136e+01 1.195368782496039988e+06
2.854770507809428759e-01 1.378349771250196198e+01 1.038725124076994834e+06
2.940599220341827968e-01 1.364855885681126857e+01 9.030456339248961303e+05
3.028977973019472136e-01 1.351808391736493498e+01 7.860309894383803476e+05
3.120027514100658372e-01 1.339378430470290660e+01 6.835628756523075281e+05
3.213678405071468958e-01 1.328302401168704527e+01 5.956926087025598390e+05
3.310016252755397237e-01 1.318338724092146741e+01 5.175202312747165561e+05
3.409198336093058335e-01 1.308111744049793579e+01 4.510274275579782552e+05
3.511026121740683514e-01 1.299290835311343884e+01 3.924139630793809192e+05
3.615668387461801192e-01 1.290660627660184190e+01 3.418251602535145357e+05
3.723150557623101098e-01 1.282215522547531172e+01 2.976363016379221808e+05
3.833631016136924141e-01 1.274652244862955541e+01 2.591141244749309553e+05
3.946796478821853471e-01 1.267312964774729700e+01 2.260447197934487776e+05
4.062913882732190896e-01 1.260883804271201036e+01 1.974238390056378557e+05
4.181901806110918107e-01 1.254831775398618987e+01 1.716290385725345695e+05
4.303897320134718596e-01 1.248948877346373010e+01 1.498189268285926664e+05
4.428788242155909383e-01 1.243380369903893445e+01 1.309583295983487478e+05
4.556668656483446878e-01 1.238202224968709331e+01 1.142819697101750498e+05
4.687605352067727438e-01 1.233216051408101421e+01 9.990027400725152984e+04
4.821135761689228638e-01 1.228887565065124399e+01 8.611970152838535432e+04
4.957882960395358918e-01 1.224509996413612534e+01 7.602826509312690177e+04
5.097428940555767118e-01 1.220680697172626061e+01 6.645432274233324279e+04
5.239939755961833256e-01 1.217044440387270576e+01 5.818800626785084023e+04
5.385368277708203477e-01 1.213268608887724831e+01 5.100190079152605176e+04
5.533729720998826762e-01 1.210071474530087698e+01 4.459812580253663327e+04
5.685009256210501460e-01 1.206575356898065010e+01 3.907658879691782931e+04
5.838520615867553998e-01 1.203714847134827615e+01 3.427875586775001284e+04
5.991120090838544243e-01 1.201052914506360736e+01 3.013067443187490790e+04
6.142446929594065352e-01 1.198208981575296939e+01 2.661307330087533774e+04
6.293165208546193101e-01 1.195627859668850412e+01 2.356403877801188719e+04
6.444660952323802983e-01 1.193267544800771063e+01 2.080686367836878344e+04
6.597954544456050563e-01 1.190837221405502611e+01 1.844223922427203797e+04
6.753704646000460166e-01 1.188249857549225830e+01 1.633672590108946679e+04
6.912257407350834715e-01 1.185957059320541696e+01 1.448229689614446943e+04
7.075037451564234470e-01 1.183599595817655192e+01 1.279746417423495404e+04
7.240667271886802592e-01 1.181251476774092346e+01 1.132420128805776039e+04
7.411233912965532467e-01 1.179055727365643236e+01 1.000849772567998843e+04
7.586620868086099145e-01 1.176701029704585899e+01 8.829841698864183854e+03
7.766764966178986151e-01 1.174667099576619300e+01 7.791966824827588425e+03
7.952502923446981287e-01 1.172795484456228188e+01 6.851831021067153415e+03
8.143485504166436684e-01 1.170948931622494271e+01 6.027951391956444240e+03
8.339246459194871175e-01 1.169010891553511478e+01 5.310144108171045445e+03
8.535501665217056777e-01 1.167125440500902123e+01 4.675605357114143771e+03
8.731234164577201806e-01 1.165477442301741640e+01 4.128409117380288990e+03
8.927341441743729122e-01 1.163799956612684738e+01 3.653050303508672187e+03
9.123988970527020514e-01 1.162112866238844511e+01 3.235731547788105217e+03
9.321316049091776801e-01 1.160481035787054971e+01 2.868345365111179945e+03
9.519665114264017625e-01 1.159443746339245962e+01 2.524834828209925490e+03
9.719508026507776011e-01 1.157523899965281977e+01 2.258672538218087084e+03
9.920248650322414097e-01 1.155435642603722179e+01 2.005745627587397166e+03
1.012249641257180865e+00 1.153582285110191386e+01 1.783855597818410615e+03
1.032631683578508319e+00 1.151915344149729847e+01 1.584959571608816759e+03
1.053166566082019306e+00 1.150087756040949039e+01 1.411981924107591340e+03
1.073919475006049229e+00 1.148398826720880983e+01 1.254831859713771109e+03
1.094789663407680802e+00 1.146628779506520956e+01 1.108379198350293109e+03
1.115872803125278256e+00 1.145144536949025849e+01 9.926516543106814652e+02
1.137108825535465773e+00 1.143071506144285365e+01 8.837401695857693085e+02
1.158531477588898850e+00 1.141183119889922004e+01 7.875091257469346147e+02
1.180133781814476146e+00 1.139715757649825711e+01 7.016482339318188224e+02
1.201858562641839434e+00 1.137630081803121129e+01 6.247612698973961187e+02
1.223760218041255676e+00 1.135613277899184048e+01 5.560705295392483549e+02
1.245801884017122774e+00 1.133621767161229954e+01 4.929466847748801115e+02
1.268069242308162314e+00 1.131790061157196980e+01 4.415268811546971506e+02
1.290290278663094092e+00 1.129801459682750497e+01 3.940551506679482827e+02
1.312783439298137456e+00 1.128040558627818690e+01 3.491406205714512225e+02
1.335171950552076936e+00 1.125759379678555483e+01 3.136746188199360290e+02
1.357732768338313800e+00 1.123764130995158617e+01 2.798670765913577156e+02
1.380440231729647138e+00 1.121817772159941029e+01 2.499480321867601447e+02
1.403013592629536399e+00 1.119709313333981626e+01 2.229774134690983658e+02
1.425680822723278229e+00 1.117685931786876274e+01 1.987563754681637533e+02
1.448354925479366395e+00 1.115476793207755257e+01 1.783807953624088896e+02
1.470994438628560275e+00 1.113398923402056262e+01 1.596500190439131472e+02
1.493660430135389960e+00 1.111262477426993200e+01 1.428040662026695600e+02
1.516114361648978059e+00 1.108978890355619562e+01 1.280186053044344305e+02
1.538614663499323187e+00 1.106898214287085125e+01 1.147772476966904946e+02
1.560854799346373056e+00 1.104484916194281219e+01 1.024934762754871542e+02
1.583028830989610558e+00 1.102208109712544193e+01 9.194352908917724676e+01
1.605099883718451803e+00 1.099937894849952968e+01 8.286470934690422041e+01
1.626921241473756830e+00 1.097522270513653808e+01 7.441809178052054108e+01
1.648471495416095500e+00 1.095164528665485193e+01 6.707078056626144758e+01
1.669842760899103329e+00 1.092633226460433882e+01 6.046256606763873975e+01
1.690960468997409816e+00 1.090097776720986467e+01 5.423517932910543493e+01
1.711793207160423158e+00 1.087613577730463454e+01 4.911191234836041986e+01
1.732328314050798346e+00 1.085053552953307943e+01 4.434290488223861360e+01
1.752532143511591034e+00 1.082469989001027599e+01 4.007611024190902071e+01
1.772432100920480647e+00 1.079834918206672789e+01 3.624797085538600072e+01
1.791883307843181061e+00 1.077089476644423627e+01 3.284597393480920857e+01
1.810986771580730625e+00 1.074388707789462316e+01 2.966947637130204996e+01
1.829687038323189574e+00 1.071635492241663101e+01 2.701693312094927535e+01
1.847966078566289472e+00 1.068768442726974399e+01 2.443002793309283760e+01
1.865802579891599366e+00 1.065888631010517251e+01 2.231915772922551966e+01
1.883190374337463169e+00 1.063048873398413896e+01 2.029423534742723589e+01
