2.191799393465098389e-01 1.550982308316407554e+01 3.683535669800713658e+06
2.270652781426131805e-01 1.521729397329888300e+01 3.123545709977973718e+06
2.352770655667548727e-01 1.493537359084866267e+01 2.618024952188240830e+06
2.438352213716307171e-01 1.467695098389338071e+01 2.202696903126308229e+06
2.527228687018330255e-01 1.444707995635724274e+01 1.854681355301382253e+06
2.619670771041923141e-01 1.422775244231764624e+01 1.563582993353514001e+06
2.715731273283790159e-01 1.403063467781621121e+01 1.320122626782960724e+06
2.815472097158769893e-01 1.384499401827974019e+01 1.113129010697940364e+06
2.919030301083460066e-01 1.367621907039583462e+01 9.371906807060034480e+05
3.026235236790221772e-01 1.352164913416034686e+01 7.893397496065160958e+05
3.137535194410869255e-01 1.337731340339655794e+01 6.675772604689132422e+05
3.252608263274493483e-01 1.324184184370124306e+01 5.631521118625919335e+05
3.371776394347740791e-01 1.311840364312987184e+01 4.741041488878083182e+05
3.495043737334944667e-01 1.300399408792868350e+01 4.012190727082641679e+05
3.622487094862844037e-01 1.289924056293257770e+01 3.378699632053219248e+05
3.754105970855847740e-01 1.279449197441084074e+01 2.860119879645045148e+05
3.890006756103027707e-01 1.271214006595777057e+01 2.418512171240914322e+05
4.030444640967473791e-01 1.262720756679556722e+01 2.046042268341315794e+05
4.174708896607821629e-01 1.255148682041270014e+01 1.729576086798418837e+05
4.323508985405527527e-01 1.248054408141873495e+01 1.464274137346030329e+05
4.476833639040735391e-01 1.241375335846027994e+01 1.242914347739644727e+05
4.634497606182841900e-01 1.235351979782972087e+01 1.051683957276451547e+05
4.796400510055828792e-01 1.229539946262940120e+01 8.936506055921727966e+04
4.962589006312347895e-01 1.224376199123869746e+01 7.571142812573818082e+04
5.133206047432453678e-01 1.220173158417895110e+01 6.427642631312264712e+04
5.308207678155121290e-01 1.214814350553158029e+01 5.465824649601402780e+04
5.487525023560737569e-01 1.210851454192989429e+01 4.649430203627404990e+04
5.671297337651547421e-01 1.206586903053687188e+01 3.924289924208990124e+04
5.858440045890523917e-01 1.203575591748084150e+01 3.371158342591284600e+04
6.048027939852834711e-01 1.200104642010782285e+01 2.873590173280144154e+04
6.240611816927107425e-01 1.196870710407434046e+01 2.434834133175809256e+04
6.437718459393041437e-01 1.193994730425658624e+01 2.099593927044258817e+04
6.640828882227594043e-01 1.191026078400937926e+01 1.796742149436644831e+04
6.850559253117094460e-01 1.188103422636448592e+01 1.533942831445281263e+04
7.068444209441311354e-01 1.185592795035908509e+01 1.306023335036088793e+04
7.295215459177848416e-01 1.183358207065988310e+01 1.111010616338799991e+04
7.531137651289843138e-01 1.181312783059162541e+01 9.434927375002074768e+03
7.776560026992421770e-01 1.179301639351091424e+01 7.995447261912354406e+03
8.032645799560212962e-01 1.177684118152956749e+01 6.703214929943252173e+03
8.299472289885551080e-01 1.176187248305402555e+01 5.714720239269040576e+03
8.577447797732774548e-01 1.174943420281122997e+01 4.820262075915393325e+03
8.866559314949735704e-01 1.173867615212023630e+01 4.061075480629609501e+03
9.167341078835347101e-01 1.173320923879875011e+01 3.413802337217308832e+03
9.479654285281603476e-01 1.172735030763735686e+01 2.872592534785697808e+03
9.803778655012477250e-01 1.172524970688246881e+01 2.407920080594659794e+03
1.013961770457823208e+00 1.172530446064848597e+01 2.019564587386046469e+03
1.048700556878216616e+00 1.172620522658237263e+01 1.691947941635562302e+03
1.084594441278520227e+00 1.173286764955083683e+01 1.419363747059254820e+03
1.121621142435050622e+00 1.173693284522710023e+01 1.190110752016195875e+03
1.159744816507606524e+00 1.174542546270285293e+01 9.969567349488291939e+02
1.198932919751533932e+00 1.175505385066791320e+01 8.361377674294226381e+02
1.239159551261389325e+00 1.176677559162773790e+01 7.007018648878155318e+02
1.280369950706808480e+00 1.177998581069341100e+01 5.881118535587443148e+02
1.322507686985764375e+00 1.179667589191935484e+01 4.936047834163811672e+02
1.365525636670186449e+00 1.181192547133445814e+01 4.144850801864414507e+02
1.409354390103912946e+00 1.183208729437584061e+01 3.482410405712180363e+02
1.450979864129333441e+00 1.184701390973493673e+01 2.954663228187807817e+02
1.488695676742862739e+00 1.185616429254188020e+01 2.556733053955965147e+02
1.522957096905189545e+00 1.186342710769837439e+01 2.233452031526856558e+02
1.554172221768272522e+00 1.186197719513187288e+01 1.967904281876722052e+02
1.582676322787932799e+00 1.185713316755174418e+01 1.748448589332223548e+02
1.608744539578546018e+00 1.184890643449617187e+01 1.563463289581116840e+02
1.632614854279412775e+00 1.183217010763520172e+01 1.405148694017277649e+02
1.654503549830325326e+00 1.181458994531836737e+01 1.269033895815837809e+02
1.674574122591634628e+00 1.179132244378348560e+01 1.150740397063094491e+02
1.692983365709422428e+00 1.176422980111861527e+01 1.047244086896895965e+02
1.709859900013110723e+00 1.173281885641578093e+01 9.559155449621449918e+01
1.725321770694688395e+00 1.169916061916669214e+01 8.748513176525028712e+01
1.739503592991490599e+00 1.166250558641643131e+01 8.024033215706288047e+01
1.752385841718328674e+00 1.162163068986809478e+01 7.379728738097250584e+01
1.764156122372034341e+00 1.157939438802495502e+01 6.796703385673303899e+01
1.774848750537523445e+00 1.153397173661658925e+01 6.273899844914940616e+01
1.784527618892931988e+00 1.148536509667378169e+01 5.798709771835285665e+01
1.793250475840016067e+00 1.143536889044100668e+01 5.367426921900028702e+01
1.801067548270750107e+00 1.138297680897361808e+01 4.950864334398939803e+01
1.808013203564333482e+00 1.132848334301295523e+01 4.615441024292342576e+01
1.814142955711884664e+00 1.127268385647987436e+01 4.273327497328097024e+01
1.819496579611230347e+00 1.121452796048588496e+01 3.973304067906815362e+01
1.824104772565679822e+00 1.115478047889978441e+01 3.715699285851871281e+01
1.827999188716466827e+00 1.109320424056243937e+01 3.458069375479372809e+01
1.831209310874513996e+00 1.103156858983639488e+01 3.233196950245999091e+01
1.833763207109533555e+00 1.096747301258199059e+01 3.021775151706787454e+01
1.835712311919538653e+00 1.090276287714728909e+01 2.826659456597553799e+01
1.836999404560421434e+00 1.083634842766796424e+01 2.633921142230850165e+01
1.837734175970319184e+00 1.076896787412635170e+01 2.477869868912309315e+01
1.837905171553551487e+00 1.070181027287833153e+01 2.322855625504884713e+01
1.837520883763291035e+00 1.063263857360577802e+01 2.180460283230267748e+01
1.836631488871513618e+00 1.056340662737548364e+01 2.040008648055459162e+01
1.835221587348117689e+00 1.049326804662067580e+01 1.920099309960481193e+01
1.833324214840855282e+00 1.042340862979108174e+01 1.805847383857432931e+01
1.830981184354652180e+00 1.035162050993141314e+01 1.705390219922063366e+01
1.828124051001352779e+00 1.028050007097675689e+01 1.610818143698611848e+01
1.824853965115906362e+00 1.020863364518449146e+01 1.513401008426961702e+01
1.821160774901227297e+00 1.013699399673908452e+01 1.434992660711611023e+01
1.817048423598196294e+00 1.006421125863302812e+01 1.353417342604114282e+01
1.812532898129524339e+00 9.991908836781298930e+00 1.280436805900363595e+01
1.807639875200213853e+00 9.920465340261664267e+00 1.216737820125651304e+01
1.802386529733183806e+00 9.847794099206518936e+00 1.155117755225511189e+01
1.796837295036910476e+00 9.784763286181656028e+00 1.106968252983554457e+01
1.790333635063549700e+00 9.733404538766336600e+00 1.077893285140130786e+01
