2.191799393465098389e-01 1.550982308316407554e+01 3.683535669800713658e+06
2.262135739161463543e-01 1.523726254968930505e+01 3.153189017740585841e+06
2.334899163463982075e-01 1.498875815579795479e+01 2.715874288813213818e+06
2.410565282778415197e-01 1.475815485056576293e+01 2.331575953718007542e+06
2.488660825080449279e-01 1.454720892400544052e+01 2.002126011946692597e+06
2.569672309296685553e-01 1.434663488957886024e+01 1.715426496168608777e+06
2.653506103143114525e-01 1.415511376810061428e+01 1.469256554198974976e+06
2.740251859867477435e-01 1.398408752834968105e+01 1.262366731059858575e+06
2.829958531959266277e-01 1.382367163682793709e+01 1.085231232726406073e+06
2.922730272524280970e-01 1.367675136235233779e+01 9.299385049568053801e+05
3.018554300297328630e-01 1.353288026193719773e+01 7.918806016337542096e+05
3.117144853044218622e-01 1.340018642088361922e+01 6.864754288225854980e+05
3.219126300513395766e-01 1.327828960604026420e+01 5.899692894837830681e+05
3.324334698799216170e-01 1.316903901831684998e+01 5.076869626367915189e+05
3.432771342388686309e-01 1.305920696235765988e+01 4.362765017726704245e+05
3.544499613677267180e-01 1.296287397198464397e+01 3.710343629548397730e+05
3.659502294852179927e-01 1.287516601436974994e+01 3.223799051660124678e+05
3.778005851250939573e-01 1.278699250507404628e+01 2.775411643206521403e+05
3.899630865358958975e-01 1.270443237771515932e+01 2.397984621974482143e+05
4.024989450167352212e-01 1.263033643286126306e+01 2.058362395641032199e+05
4.153564547773386240e-01 1.256252126378037026e+01 1.773057812114065746e+05
4.285611953648302275e-01 1.249335274678005447e+01 1.527533595040435321e+05
4.421141934210469082e-01 1.243607616672761651e+01 1.317425599091408076e+05
4.560274418095985327e-01 1.237932381496394108e+01 1.137536582405228110e+05
4.702951469362268710e-01 1.232815749191666477e+01 9.803223102756016306e+04
4.848836702377979924e-01 1.227940812114878355e+01 8.470914577592095884e+04
4.998374099376771684e-01 1.222879322881638942e+01 7.244940003462199820e+04
5.151299557670574458e-01 1.219081090264730705e+01 6.325149515284308291e+04
5.307737304623406649e-01 1.215141023213096005e+01 5.462873303840986773e+04
5.467620113478947053e-01 1.211480512176156132e+01 4.731012449486135301e+04
5.630965437783954641e-01 1.207850701976577490e+01 4.085615827426810574e+04
5.797268189754124501e-01 1.204569599708320027e+01 3.544138301825426606e+04
5.961823959786486382e-01 1.201489224281292501e+01 3.085659543707441117e+04
6.119912519795890349e-01 1.198670295747237269e+01 2.678027876781169471e+04
6.273237008396833625e-01 1.195863870166268228e+01 2.382704570056191733e+04
6.424355523808112922e-01 1.193133899272022980e+01 2.110173325079739152e+04
6.574828389696791842e-01 1.189724107931406216e+01 1.868093298843755110e+04
6.725255496845375935e-01 1.186998680592853717e+01 1.653864884409774459e+04
6.876876453548704804e-01 1.184089391966119820e+01 1.465626898103106032e+04
7.030464650297529872e-01 1.181283382932508275e+01 1.298250661046191090e+04
7.187066416659911861e-01 1.178161811009479365e+01 1.148810329156882108e+04
7.345517543254062032e-01 1.175334571205476841e+01 1.017413913228595811e+04
7.508169434960708655e-01 1.172238363773764824e+01 8.994821705649726937e+03
7.674798770117760016e-01 1.169342715426249413e+01 7.929671290048272567e+03
7.845969786532946966e-01 1.166471671089867179e+01 6.997492047644248487e+03
8.021573052246128155e-01 1.163226934632580800e+01 6.170060874666908603e+03
8.202250638676067407e-01 1.160515452095324207e+01 5.420461406631386126e+03
8.388120263721366987e-01 1.157675143123345407e+01 4.762308186438317534e+03
8.579379075175572744e-01 1.154900593475068682e+01 4.180210868252660475e+03
8.776293330717419572e-01 1.152176332402033943e+01 3.666934905990347488e+03
8.978794487496852827e-01 1.149149270027537462e+01 3.209987098713681917e+03
9.187146878474186096e-01 1.146886464628055791e+01 2.807067849205636776e+03
9.401358369686201311e-01 1.144141426666441319e+01 2.453830927157588121e+03
9.621456153810238332e-01 1.141850841717055332e+01 2.126745279767254942e+03
9.847463674755515539e-01 1.139396480787526045e+01 1.866848993684555580e+03
1.007927829294138267e+00 1.137159785727486216e+01 1.627409134542250513e+03
1.031701433357939290e+00 1.134994016295921604e+01 1.419781567386260122e+03
1.056044489805606945e+00 1.132911880336601484e+01 1.234873903070653796e+03
1.080946533930468911e+00 1.130785772658360777e+01 1.075091806810265325e+03
1.106394020769922992e+00 1.128979122208094132e+01 9.350473186669845518e+02
1.132369403417425646e+00 1.127133032500355192e+01 8.137976300125130820e+02
1.158860190710112370e+00 1.125588448894922955e+01 7.084691523208364288e+02
1.185827640437201458e+00 1.123707998942925101e+01 6.160473411444086196e+02
1.213017804093449836e+00 1.122086186692197707e+01 5.363778318369738827e+02
1.239955618807156545e+00 1.120472627824477208e+01 4.686619702704013548e+02
1.266589775555011732e+00 1.119189324589492784e+01 4.104647159243668852e+02
1.292919774534535771e+00 1.117190175044962785e+01 3.606491677001841367e+02
1.318955956216910419e+00 1.115879457538892083e+01 3.172315495285304792e+02
1.344676121094913412e+00 1.113886087688456428e+01 2.799518560602403454e+02
1.370099129926822368e+00 1.112152656394856365e+01 2.472858947758201111e+02
1.395212844909384353e+00 1.110263354018037774e+01 2.187627665664425649e+02
1.420032816773189932e+00 1.108330532599056539e+01 1.929637408591585199e+02
1.444495687807731521e+00 1.106325143689119272e+01 1.722471265736211308e+02
1.468638235200301123e+00 1.104214091402295850e+01 1.531630873476829606e+02
1.492465569631593603e+00 1.102109789201061041e+01 1.361195519465934751e+02
1.515895502950723506e+00 1.099746575750183553e+01 1.212564096911151665e+02
1.538981890947188846e+00 1.097434333823943042e+01 1.084871247620610433e+02
1.561704261273606953e+00 1.095016236114907571e+01 9.644253322464163602e+01
1.584014945521850626e+00 1.092502266785296960e+01 8.674598590508745133e+01
1.605934415798401682e+00 1.089858936539962109e+01 7.776518061646474678e+01
1.627445768447826957e+00 1.087177298512745871e+01 6.969686464377747370e+01
1.648505998232330017e+00 1.084361480140253953e+01 6.259049232822120956e+01
1.669143603161061362e+00 1.081533567393347894e+01 5.626453900313651957e+01
1.689468391047819873e+00 1.078641978459464390e+01 5.050906405314388792e+01
1.709001786602060813e+00 1.075560427826109944e+01 4.561153461084547445e+01
1.728209702000615078e+00 1.072422227789189009e+01 4.118354603346856635e+01
1.746919612023976720e+00 1.069250997524745905e+01 3.706175135146956023e+01
1.765109658590152675e+00 1.066070791757798375e+01 3.361805308443477003e+01
1.782947938596958659e+00 1.062801926531102659e+01 3.041108144452087103e+01
1.799917539560985880e+00 1.059237044922621074e+01 2.751510080259941304e+01
1.816508905298519494e+00 1.055729607319408636e+01 2.504016797917166315e+01
1.832507470473993427e+00 1.052257815880522251e+01 2.277448717633334496e+01
1.848084338402131266e+00 1.048639696332286242e+01 2.071170910366796747e+01
1.862824622222990945e+00 1.044870009951935508e+01 1.887335477888472113e+01
1.877216354422672540e+00 1.041162505944836880e+01 1.721463467444397466e+01
1.890801113863858296e+00 1.037288533081378716e+01 1.572238093134133941e+01
1.904010302361412554e+00 1.033508245401071157e+01 1.432766788422038573e+01
1.916385990522038396e+00 1.029484167500200442e+01 1.313793462171386928e+01
1.928267041515535407e+00 1.025550439811853742e+01 1.204515159122783885e+01
1.939547809458088024e+00 1.021473914292491081e+01 1.108782543495803807e+01
