2.191799393465098389e-01 1.550982308316407554e+01 3.683535669800713658e+06
2.269363993925909428e-01 1.524252153180180613e+01 3.106936400015016086e+06
2.350089875273204676e-01 1.494507686556557147e+01 2.633780446129670367e+06
2.434168216232185933e-01 1.472980013769908858e+01 2.244988909580532461e+06
2.521426991668623829e-01 1.445732081354674214e+01 1.879562883472689427e+06
2.612131646246201866e-01 1.425041491877807864e+01 1.589406704760194523e+06
2.706326702325956846e-01 1.404737898613888625e+01 1.342424046361051966e+06
2.804095660850047800e-01 1.386663776394058445e+01 1.136179694196576020e+06
2.905523866227288088e-01 1.369354401790755915e+01 9.567207575881691882e+05
3.010619290808496662e-01 1.354315260065386539e+01 8.088787412618317176e+05
3.119480702582096976e-01 1.339815399256187867e+01 6.824939095453651389e+05
3.231992120645366118e-01 1.326299377449164041e+01 5.801961095592284109e+05
3.348643344401909805e-01 1.314044704646568107e+01 4.904440023390872520e+05
3.469048056761117604e-01 1.302666776990056974e+01 4.118257785904075135e+05
3.593609857824201503e-01 1.292252241387346245e+01 3.515311084672841826e+05
3.722076144181092339e-01 1.282554480407042519e+01 2.981439522787646274e+05
3.854796156751327807e-01 1.273378958878476119e+01 2.525255147840242134e+05
3.991570027264176868e-01 1.265014072992617322e+01 2.140206144978454977e+05
4.132505679817479738e-01 1.257256395192153420e+01 1.815804472257459420e+05
4.277766396481288425e-01 1.250013728768954735e+01 1.541119944970230863e+05
4.427110807105993362e-01 1.243478428247951406e+01 1.309142290793670545e+05
4.580820537845369800e-01 1.237367104039426202e+01 1.113799931896869384e+05
4.738784546747543125e-01 1.231579007854678132e+01 9.464461652327908087e+04
4.900875345111210257e-01 1.226265027689303189e+01 8.042477710213122191e+04
5.067051839290126480e-01 1.221642952568036655e+01 6.856155839642487990e+04
5.237563577024129113e-01 1.217141901485334543e+01 5.829544679797872959e+04
5.412281422624428684e-01 1.212713359013247505e+01 4.966344303178174596e+04
5.591197546430232146e-01 1.208549997614448301e+01 4.241462645921442891e+04
5.773879548148520557e-01 1.204986382496340624e+01 3.615613713334290514e+04
5.955403724313955705e-01 1.201727758147155534e+01 3.105388101117457336e+04
6.128412088116700351e-01 1.198370077402816847e+01 2.686090083815731123e+04
6.295033314638649458e-01 1.195269059232681919e+01 2.341767358683131170e+04
6.458626367481259400e-01 1.192196413227454421e+01 2.050832117858994388e+04
6.620999086307128856e-01 1.188908555879382867e+01 1.794471771154162707e+04
6.783589681159025719e-01 1.185725778757797677e+01 1.575015137370558659e+04
6.947627434764661603e-01 1.182395551644181353e+01 1.380381204200551110e+04
7.113728824352604230e-01 1.178846811345080248e+01 1.210820936305056057e+04
7.283609901305529988e-01 1.175844529744854405e+01 1.060181523712244234e+04
7.456096718358541375e-01 1.172367674220630640e+01 9.277377510819667805e+03
7.634080074066735833e-01 1.168739691179628259e+01 8.103374052251019748e+03
7.815991665137071998e-01 1.165427132983618463e+01 7.020893572841023342e+03
8.003648337347240016e-01 1.161988907082781530e+01 6.170016145908649378e+03
8.197058937535244283e-01 1.158723119428279169e+01 5.368585081521157917e+03
8.396524231405015914e-01 1.155366934930750844e+01 4.668936833375507376e+03
8.602257418773466835e-01 1.152219063505997454e+01 4.047261691355275161e+03
8.814547900119557022e-01 1.148900819669841589e+01 3.507147832046584881e+03
9.033490901507991166e-01 1.145644998319156294e+01 3.034938100828620009e+03
9.259225489918962992e-01 1.142600866200055876e+01 2.621934285346823344e+03
9.491815672307925000e-01 1.140046541714016293e+01 2.261493729026479741e+03
9.731276587446086035e-01 1.136749557853203996e+01 1.951226377016895867e+03
9.977604347998660916e-01 1.134032453500333837e+01 1.681248246873544531e+03
1.023075098106949632e+00 1.131345762454391490e+01 1.444680886612137556e+03
1.049060577071908362e+00 1.129071504892360167e+01 1.242980807294880606e+03
1.075698289915271166e+00 1.126331999780572701e+01 1.069098992375849093e+03
1.102972858808928924e+00 1.124048082137950288e+01 9.183790637629296043e+02
1.130854978207235240e+00 1.121659247822492134e+01 7.898097686324188089e+02
1.159331878019310036e+00 1.119635145704681811e+01 6.781478134020294419e+02
1.188351108558639346e+00 1.117363726784685696e+01 5.820657127092739529e+02
1.217897233810894209e+00 1.115462564017851221e+01 5.002720663999188560e+02
1.247926521571559366e+00 1.113492749989937280e+01 4.294656824340182766e+02
1.278392217577930978e+00 1.111891692127012021e+01 3.696507177859076023e+02
1.309253080915404377e+00 1.109981825238958919e+01 3.176369491312525497e+02
1.340464517158128865e+00 1.108239478837343484e+01 2.737186878095337761e+02
1.371964602977195247e+00 1.106237017177653570e+01 2.356850538551363456e+02
1.402861564562190688e+00 1.104587975221151730e+01 2.038140038786058028e+02
1.432738321682118343e+00 1.102876602142603879e+01 1.759727125009887345e+02
1.461579541028457774e+00 1.101076312547077762e+01 1.549548762788040790e+02
1.489427774226053103e+00 1.099087408733461224e+01 1.357968876028110969e+02
1.516335619553550451e+00 1.096991653055176030e+01 1.190074224474652169e+02
1.542243558687044880e+00 1.094721124283789493e+01 1.056184056216364979e+02
1.567257146868686890e+00 1.092255597431033110e+01 9.341741480494155780e+01
1.591380914835625271e+00 1.089761641803723613e+01 8.261060903193705940e+01
1.614595052208418480e+00 1.086923938464342321e+01 7.387589745956316278e+01
1.636956934171034828e+00 1.084082456199204536e+01 6.592167735436598264e+01
1.658465008058982226e+00 1.081015629529515110e+01 5.893393048294060321e+01
1.679158230898651460e+00 1.077833830657781355e+01 5.281863190210481918e+01
1.698964887552429692e+00 1.074443640200364847e+01 4.736280082882382203e+01
1.717979363347901467e+00 1.070979402628514521e+01 4.262976884653442511e+01
1.736177509733731084e+00 1.067354154094915941e+01 3.839616514411520853e+01
1.753569627965332556e+00 1.063614751096377375e+01 3.464509651084848230e+01
1.770169117492208954e+00 1.059599762042794957e+01 3.127630421605738675e+01
1.785971912450235122e+00 1.055516696597474002e+01 2.835857458907764794e+01
1.800996812417031911e+00 1.051452153700365599e+01 2.570738993994722321e+01
1.815233269589265230e+00 1.047123555076377777e+01 2.334108250740787227e+01
1.828696344641254079e+00 1.042771364453154170e+01 2.124150385367785532e+01
1.841396536131374662e+00 1.038191207043120201e+01 1.934741740743327298e+01
1.853335420928300392e+00 1.033652608479452262e+01 1.765183718519558909e+01
1.864512171193474455e+00 1.028963283841504328e+01 1.613651542578792686e+01
1.874953711638334575e+00 1.024190878146271722e+01 1.474784042339061152e+01
1.884644018485995165e+00 1.019334839938328763e+01 1.353189637748448071e+01
1.893600718537855609e+00 1.014378479847024472e+01 1.242749918687882982e+01
1.901841417872930151e+00 1.009375490672018749e+01 1.141853992340109514e+01
1.909355785233167513e+00 1.004301044236291673e+01 1.048763954899470185e+01
1.916190743170247623e+00 9.991713058822041305e+00 9.686822913712223482e+00
1.922294903064046823e+00 9.939723079038195408e+00 8.954781801302342359e+00
1.927846427557731168e+00 9.887382308449204515e+00 8.263738520661403797e+00
1.932490023212235952e+00 9.834209918153739238e+00 7.679358794942379163e+00
1.936732763631724419e+00 9.782373247657249138e+00 7.112352947644356327e+00
1.940174192855330881e+00 9.728143342336647237e+00 6.601472273857037720e+00
1.942859175291842488e+00 9.673280919416713530e+00 6.169699094654677474e+00
