2.191799393465098389e-01 1.550982308316407554e+01 3.683535669800713658e+06
2.269363345238099849e-01 1.522407463682642970e+01 3.112907066814807244e+06
2.350070402606889153e-01 1.494652439409597733e+01 2.633830396469764411e+06
2.434152466693572381e-01 1.469510709784636759e+01 2.220949843366846442e+06
2.521397079324988466e-01 1.445376650412847575e+01 1.874024037506415043e+06
2.612090113298237148e-01 1.424607208775585931e+01 1.587145352690991946e+06
2.706284255482745982e-01 1.405050514452654831e+01 1.338634725588197354e+06
2.804035988293578363e-01 1.386888666173800466e+01 1.132428449551318074e+06
2.905452620797474017e-01 1.370368356223877981e+01 9.591649954895143164e+05
3.010537272426312971e-01 1.354056987838950121e+01 8.096651936996272998e+05
3.119390279586052861e-01 1.339641903295236247e+01 6.846947617013641866e+05
3.231884155184701624e-01 1.327142702865717894e+01 5.798582796518378891e+05
3.348520382534339035e-01 1.313965292553658770e+01 4.910100338728753850e+05
3.468887668179540529e-01 1.302750948490295890e+01 4.156904096415048116e+05
3.593450696428430735e-01 1.292021239133709187e+01 3.513312781693081488e+05
3.721909186912422673e-01 1.282308159974028783e+01 2.979943909552763216e+05
3.854615333747411499e-01 1.273474877087488544e+01 2.527730608497324865e+05
3.991336367606096447e-01 1.265088615330898847e+01 2.139014215906246682e+05
4.132293489383665475e-01 1.257151274769811167e+01 1.817338811646573304e+05
4.277529704871802507e-01 1.250150110259952463e+01 1.542441404073633603e+05
4.426851987246480102e-01 1.243345600102673565e+01 1.310945363938052324e+05
4.580545881848497869e-01 1.237331931522992967e+01 1.112746396369661816e+05
4.738494756229801874e-01 1.231735193613790180e+01 9.445665788258834800e+04
4.900559237314274785e-01 1.226338446703009843e+01 8.061419377134178649e+04
5.066711508256291907e-01 1.221482360176360338e+01 6.855436777657619677e+04
5.237200620548810859e-01 1.216975848603354216e+01 5.839896944511024776e+04
5.411897825545534113e-01 1.212614226343135648e+01 4.975335588337327499e+04
5.590782583233127045e-01 1.208656062489708738e+01 4.236267581491520104e+04
5.773444816757066222e-01 1.204968404403007831e+01 3.620533656505004183e+04
5.953379284151389950e-01 1.201466101636784778e+01 3.108888757771864766e+04
6.120796233493587257e-01 1.198436100565737128e+01 2.704178147116821492e+04
6.278472740849282419e-01 1.195316856476039646e+01 2.370177948825195926e+04
6.430779792928508209e-01 1.192077604462261853e+01 2.087517978620415306e+04
6.579408014925575143e-01 1.188702079583948823e+01 1.845228294352290686e+04
6.726093018067740292e-01 1.185209670332512744e+01 1.631644409221840942e+04
6.872114586570631234e-01 1.181876402197015352e+01 1.443148965035597575e+04
7.018596258051179593e-01 1.178133512803241167e+01 1.280072446985736315e+04
7.166440092823570529e-01 1.174507473945807945e+01 1.131803149470190147e+04
7.316390985371141742e-01 1.170438291275444875e+01 1.001105158992030556e+04
7.469063043908154009e-01 1.166567459013299590e+01 8.795428089999179065e+03
7.625104852400094169e-01 1.162654381542219362e+01 7.806622095622508823e+03
7.784935704586891658e-01 1.158562703784967596e+01 6.878625511341885613e+03
7.948953805823102403e-01 1.154408339256127647e+01 6.049480965697167449e+03
8.117627222487626693e-01 1.150389626800837561e+01 5.316199465364904427e+03
8.291135936794188366e-01 1.146153377210335655e+01 4.664333444373796738e+03
8.469789328985612986e-01 1.142353638589579212e+01 4.082335090888716877e+03
8.653827548080242904e-01 1.138330003675372382e+01 3.568983595189237349e+03
8.843399093939603439e-01 1.134183480795205057e+01 3.112853067132374690e+03
9.038599300583437524e-01 1.130179579138139623e+01 2.713501123578593251e+03
9.239596458204628604e-01 1.126387945388166401e+01 2.363626738254581142e+03
9.446320929809398637e-01 1.122435578320784977e+01 2.054392248204193947e+03
9.658801637276478447e-01 1.118735877981676374e+01 1.781543449647886519e+03
9.877081535223879438e-01 1.114971538037922194e+01 1.549226497680335797e+03
1.010099367873231513e+00 1.111329363496989764e+01 1.342094857375083393e+03
1.033053828982007705e+00 1.108221102161385474e+01 1.161780870652781232e+03
1.056537487026594002e+00 1.104386186253079316e+01 1.005702922900488375e+03
1.080548561193309443e+00 1.101044551302432772e+01 8.704935226133651440e+02
1.105060379415993221e+00 1.097780256516183073e+01 7.528976809173899483e+02
1.130050520411073567e+00 1.094419614123897766e+01 6.511441499405332252e+02
1.155487627361694969e+00 1.091563205373401502e+01 5.629608340449893831e+02
1.181342711632217490e+00 1.088274775824392648e+01 4.869696828976134952e+02
1.207552626241929161e+00 1.085115094215582232e+01 4.215594346108715058e+02
1.233525358747917799e+00 1.082192107957658322e+01 3.653542859905735440e+02
1.259023098766208326e+00 1.079416427065783068e+01 3.183903574234111034e+02
1.284030191225894457e+00 1.076302322686434820e+01 2.782259591584473242e+02
1.308570839077194181e+00 1.073325799630123889e+01 2.438156121659519613e+02
1.332583850035041539e+00 1.070352099932845036e+01 2.131349601447491580e+02
1.356119266537517687e+00 1.067280691198270226e+01 1.884548707655593489e+02
1.379170504489292126e+00 1.064124071003402250e+01 1.654321446486888192e+02
1.401748482460794420e+00 1.060788300986665078e+01 1.468160323307889996e+02
1.423781816676579659e+00 1.057474738970379313e+01 1.299821590904570314e+02
1.445330809423708951e+00 1.054094780298940037e+01 1.148332223306339159e+02
1.466393295774885974e+00 1.050497949864566571e+01 1.024306302157106501e+02
1.486896995817072131e+00 1.046868282269525352e+01 9.118105343090202553e+01
1.506903757729994853e+00 1.043188921252274071e+01 8.086407052589791533e+01
1.526383478719643083e+00 1.039454486028310320e+01 7.232272186269035785e+01
1.545299238405642761e+00 1.035517352894010656e+01 6.483855736342324860e+01
1.563680239739242195e+00 1.031633435868531734e+01 5.780663566337847215e+01
1.581495007500325567e+00 1.027550034878642471e+01 5.201082941636050805e+01
1.598759622044958473e+00 1.023360838789920813e+01 4.669852670416290152e+01
1.615418984054276974e+00 1.019160492795560025e+01 4.197100382736564228e+01
1.631501085203583612e+00 1.014908622246463743e+01 3.765893106908117005e+01
1.646991342352184695e+00 1.010541330718148600e+01 3.406306260217009196e+01
1.661872955493433945e+00 1.006104347034250424e+01 3.066365372348316143e+01
1.676298566774593546e+00 1.001577144432502919e+01 2.776710850688349552e+01
1.689806995013910296e+00 9.969203947381025444e+00 2.509309905851525357e+01
1.702833602254072209e+00 9.923257666824373047e+00 2.281011274141308220e+01
1.715232281060701691e+00 9.875569288422566316e+00 2.065341400707628594e+01
1.727000592451637617e+00 9.828407194415337500e+00 1.882918467304062915e+01
1.738118739914477739e+00 9.779524464435931819e+00 1.709845616588572170e+01
1.748616968016502904e+00 9.731139923170722739e+00 1.558503134401214574e+01
1.758450274933085034e+00 9.682099430683498653e+00 1.427684607051926591e+01
1.767644257074844738e+00 9.632219352245622090e+00 1.305960131268698099e+01
1.776214860217152802e+00 9.581900963542189231e+00 1.196311454459931056e+01
1.784127785018180701e+00 9.531635857234839193e+00 1.095278773761180702e+01
1.791406851253148247e+00 9.480264586384731018e+00 1.004218681189235340e+01
1.798055770690520250e+00 9.430141575402899434e+00 9.258566451784544071e+00
1.804095158021278511e+00 9.378805586443208497e+00 8.522234806351992376e+00
1.809477091709995156e+00 9.326590305569455452e+00 7.896615906983706523e+00
1.814266267262839127e+00 9.275316114500622433e+00 7.287958583838825000e+00
