2.191799393465098389e-01 1.550982308316407554e+01 3.683535669800713658e+06
2.252439615210911072e-01 1.530998886285910920e+01 3.219208894984429237e+06
2.315089808040169395e-01 1.508503981682905959e+01 2.819459293939420953e+06
2.379713610489161690e-01 1.486374177331645186e+01 2.479094001134219114e+06
2.446436946403582058e-01 1.466153243739092638e+01 2.167464649702054914e+06
2.515102080928136030e-01 1.447898597033526791e+01 1.902596294445257634e+06
2.585885840548154402e-01 1.430075239656480690e+01 1.661659811378517654e+06
2.658821674670758806e-01 1.415684856833884275e+01 1.455208693336551078e+06
2.733932272778176187e-01 1.399959993753791565e+01 1.276304588760744780e+06
2.811257980133080037e-01 1.385504815399255030e+01 1.121022056589756627e+06
2.890848010774902943e-01 1.372359522038897062e+01 9.813702005280097947e+05
2.972595049755744623e-01 1.359850962698631172e+01 8.580646205811020918e+05
3.056769705772159895e-01 1.348385804998488346e+01 7.530649057011150289e+05
3.143385061878885001e-01 1.336891891040464486e+01 6.603661966561970767e+05
3.232105395356126842e-01 1.326158413810192727e+01 5.737038818810175871e+05
3.323339159605959714e-01 1.316590003360023786e+01 5.079067191682104021e+05
3.417060728828051341e-01 1.307516771228824659e+01 4.460858375010763993e+05
3.513223811722968049e-01 1.299204073372093227e+01 3.918494262098147301e+05
3.611894392248774510e-01 1.290990901695130511e+01 3.399280994677088456e+05
3.712874129641094978e-01 1.283214618770613136e+01 3.010141824991187896e+05
3.816702145195878804e-01 1.275935390771828359e+01 2.621348331963375967e+05
3.922789069705894249e-01 1.269121875584140646e+01 2.310467584465660912e+05
4.031630050586871294e-01 1.262715219235107433e+01 2.040978822714757407e+05
4.142893458918154859e-01 1.256608009164856199e+01 1.794753633068226336e+05
4.257027797559814197e-01 1.250677578264457068e+01 1.576691419073471043e+05
4.373458950330983419e-01 1.245731438255001322e+01 1.386808925639693334e+05
4.492817820213240720e-01 1.240720029006985570e+01 1.223443653664734593e+05
4.614673316989690299e-01 1.236020286878334673e+01 1.074426504773805063e+05
4.739003713909104576e-01 1.231543289759643933e+01 9.449647625239629997e+04
4.866140264308405627e-01 1.227357614311799416e+01 8.339108354540859000e+04
4.995516457781675745e-01 1.223406151309549372e+01 7.334247077605746745e+04
5.127718400122859288e-01 1.219770784583210954e+01 6.457569791818073281e+04
5.262532131478160347e-01 1.216136354549408516e+01 5.703824656052861974e+04
5.399934367086999254e-01 1.212898860364528986e+01 5.036382980682151538e+04
5.539941395272570679e-01 1.209836431599464746e+01 4.436432002842541260e+04
5.682620376818063868e-01 1.206850961117967636e+01 3.879671634932648158e+04
5.827345376848195313e-01 1.204145019126507066e+01 3.458919153481375542e+04
5.969683026721583907e-01 1.201381615219007770e+01 3.065623533948688419e+04
6.107898624312809721e-01 1.199015517676708242e+01 2.705446123893959157e+04
6.243587386710748310e-01 1.196351929017681215e+01 2.447224619794818136e+04
6.378026357492310172e-01 1.193848745504233122e+01 2.193856020248551067e+04
6.512061548925238696e-01 1.191561684412674360e+01 1.968088870023843629e+04
6.646470396080720322e-01 1.189079052448824569e+01 1.766468481893380158e+04
6.781765837576481104e-01 1.186569125867184837e+01 1.586184520018528747e+04
6.918603403497156634e-01 1.184129120066494600e+01 1.424223375081468112e+04
7.057321047992517471e-01 1.181654444080603028e+01 1.277580288194310560e+04
7.198488077771086902e-01 1.179208065152454843e+01 1.148197551651354661e+04
7.342244132158594061e-01 1.176733033475511547e+01 1.028519511428039550e+04
7.489060214472166299e-01 1.174314349255018897e+01 9.222698660121513967e+03
7.639683687803994205e-01 1.172047768531895429e+01 8.248284052306369631e+03
7.792783895436699027e-01 1.169506961472907136e+01 7.385447062499932144e+03
7.950240940486041907e-01 1.167208447762648937e+01 6.603098782494524130e+03
8.111527800923994391e-01 1.164864311422273424e+01 5.894382619718623573e+03
8.276974330155119075e-01 1.162454067896412724e+01 5.263064926872699289e+03
8.446711723364022095e-01 1.160267681624630143e+01 4.687603120700181535e+03
8.620815745353688220e-01 1.157978800750582415e+01 4.176708811993992640e+03
8.799443960456579950e-01 1.155604912545208052e+01 3.716184455833633365e+03
8.982633161085591400e-01 1.153819358060108158e+01 3.309318144733853387e+03
9.170517223212171221e-01 1.151629283310208152e+01 2.933166180788744896e+03
9.363038305022708396e-01 1.149784328809651868e+01 2.605056793771981120e+03
9.560279651600258610e-01 1.147955753288277236e+01 2.309519771318081439e+03
9.762279850155367589e-01 1.146252377036437231e+01 2.048737425123458252e+03
9.969003280274693068e-01 1.144370716070763372e+01 1.816221006917819068e+03
1.018041420626524696e+00 1.143013316509136423e+01 1.600628743598304254e+03
1.039649763165940044e+00 1.141379276863583492e+01 1.423545155661809986e+03
1.061716249222236730e+00 1.139635909019578541e+01 1.260916890268926181e+03
1.084233363697970187e+00 1.138297533413632934e+01 1.115324332948936217e+03
1.107191777087682905e+00 1.136813396730302905e+01 9.871255007851057144e+02
1.130580728921249500e+00 1.135668556571915389e+01 8.725812236856833124e+02
1.154382336149540000e+00 1.134564709022731854e+01 7.712482340856245173e+02
1.178589070172052944e+00 1.133565369868172645e+01 6.818426209312433457e+02
1.203179697792637670e+00 1.132464871506586590e+01 6.028456146356046474e+02
1.228135191418585626e+00 1.130937213985950329e+01 5.306617872797727387e+02
1.253445839217017133e+00 1.130063236812280714e+01 4.691463565958682125e+02
1.279075738692651232e+00 1.129163423008098910e+01 4.178859070358848840e+02
1.305015873752558786e+00 1.128207535121098637e+01 3.700239025438138469e+02
1.331238593666980385e+00 1.127334843347638760e+01 3.276182475672444525e+02
1.357719209087071999e+00 1.126491923408135243e+01 2.902045403477886794e+02
1.384264381586234549e+00 1.125786774304375193e+01 2.560105137483870408e+02
1.410757284842255599e+00 1.124718075552796037e+01 2.285626488705278803e+02
1.437196262265331370e+00 1.124074581606425660e+01 2.033536804800421578e+02
1.463528432594759954e+00 1.123148613699785869e+01 1.812636924238376821e+02
1.489748096091411567e+00 1.122449290491442042e+01 1.615414377946526088e+02
1.515848826997752807e+00 1.121573612968350453e+01 1.440585727875054545e+02
1.541765087583590210e+00 1.120607887213421883e+01 1.288278289802443055e+02
1.567543731170659704e+00 1.119966280665190794e+01 1.153152361926510139e+02
1.593130089955718809e+00 1.118729747459552648e+01 1.032968749764743137e+02
1.618527951244358665e+00 1.117749195442324606e+01 9.219859512804532642e+01
1.643670872752660550e+00 1.116657206659559698e+01 8.311884494599182460e+01
1.668567213200070398e+00 1.115544121525475951e+01 7.434809474372944749e+01
1.693215102112666459e+00 1.114377953986799596e+01 6.718905965491792642e+01
1.717592210289408339e+00 1.113157332050300852e+01 6.055266426150472370e+01
1.741632910420683800e+00 1.111862125364971909e+01 5.461804506932853087e+01
1.765379405795807655e+00 1.110533464029972706e+01 4.908059960766468066e+01
1.788751905188003422e+00 1.109141592835858603e+01 4.449625063963029703e+01
1.811773551124031600e+00 1.107694137133450063e+01 4.027353422908074521e+01
1.834433571748566472e+00 1.106172740543572353e+01 3.647146282442998455e+01
1.856689256521606435e+00 1.104630830269348074e+01 3.294790845068719420e+01
1.878607796631283744e+00 1.103003697667313077e+01 2.997285889444009754e+01
1.900001588195347813e+00 1.101349545094116777e+01 2.722342232117137684e+01
