2.191799393465098389e-01 1.550982308316407554e+01 3.683535669800713658e+06
2.252256439276191513e-01 1.528341679364446648e+01 3.232220078893715050e+06
2.314712584073747859e-01 1.505565396379197729e+01 2.827758106853572652e+06
2.379128493721017201e-01 1.486048777146756272e+01 2.482783864684044383e+06
2.445628962689208874e-01 1.465367073391197827e+01 2.172700668630131520e+06
2.514064570749992011e-01 1.447612318652113039e+01 1.900227818349433830e+06
2.584607019817153906e-01 1.430865234117370832e+01 1.667025029793060152e+06
2.657282860211563902e-01 1.414927036097645363e+01 1.461832750834561884e+06
2.732121389987201554e-01 1.399748638945030343e+01 1.283893516518149991e+06
2.809251436693772641e-01 1.385767008305546888e+01 1.111414722349331481e+06
2.888446365420813122e-01 1.372605268807839884e+01 9.837690021707582055e+05
2.969901370674989383e-01 1.360092849642995638e+01 8.635331540726909880e+05
3.053727221970375938e-01 1.348426646595384959e+01 7.587081694143718341e+05
3.139898273044281485e-01 1.337351406785837860e+01 6.635261596292023314e+05
3.228310892199956483e-01 1.327471829385865831e+01 5.829401000858651241e+05
3.319214043385713131e-01 1.317691812611372981e+01 5.108816771374248201e+05
3.412766165455461964e-01 1.308135386948997159e+01 4.490490426827686024e+05
3.508224078133007628e-01 1.299479171993920446e+01 3.935688070326534798e+05
3.606453770099171674e-01 1.291108874590396915e+01 3.460542392885351437e+05
3.707142907896719408e-01 1.283459108437184604e+01 3.003423822212904925e+05
3.810566371647515771e-01 1.276357632515319018e+01 2.640370065938074840e+05
3.916067087210524655e-01 1.269439764386729586e+01 2.346374561922537105e+05
4.024512320767728579e-01 1.263070494174877467e+01 2.057217102434495173e+05
4.135202612993803539e-01 1.257308417515511678e+01 1.811329972014741215e+05
4.248895946150523795e-01 1.251270324050256200e+01 1.601284584883865027e+05
4.364774240818265483e-01 1.246074370924066521e+01 1.400589473913776455e+05
4.483494951327545719e-01 1.241104299676222666e+01 1.232586813571795792e+05
4.604818844573745351e-01 1.237613286192772399e+01 1.084577941616018070e+05
4.728554605079655637e-01 1.231887947735596001e+01 9.578045535534044029e+04
4.854857735557148724e-01 1.227803999246649802e+01 8.430942645750020165e+04
4.983865806809017474e-01 1.223659119033959364e+01 7.422349406750865455e+04
5.115452753649616380e-01 1.220143397866855217e+01 6.472977423092511890e+04
5.249600500591248275e-01 1.216617451151920370e+01 5.766165839033266820e+04
5.386346936165187227e-01 1.213294035074017074e+01 5.094418955540451861e+04
5.525682165203368301e-01 1.210190114138469575e+01 4.495568959678941610e+04
5.667589491862022877e-01 1.207300368463209850e+01 3.965761640202288982e+04
5.811542356768303330e-01 1.204292629465288478e+01 3.505101981177309062e+04
5.958264140513872542e-01 1.201637276280611033e+01 3.067894391698658001e+04
6.107765412716313902e-01 1.199115515239115481e+01 2.738652472520156880e+04
6.261020556582592711e-01 1.196609598540567276e+01 2.417157650165289306e+04
6.418485653831517146e-01 1.194305617793444618e+01 2.138118529090104494e+04
6.577752449203354557e-01 1.192190921936799342e+01 1.890293961181833947e+04
6.734188368886497855e-01 1.190164726469217094e+01 1.675357554846526182e+04
6.887677050213618646e-01 1.187875840607051359e+01 1.496605725104620797e+04
7.039069333448422228e-01 1.186262410983395910e+01 1.335279489467476014e+04
7.189414771253545000e-01 1.184370974721929137e+01 1.195640007532897289e+04
7.339874498743259590e-01 1.182181512737847306e+01 1.071138667593116043e+04
7.490449477310702209e-01 1.180256676129389426e+01 9.527261557122779777e+03
7.641360373461794087e-01 1.178430689757063021e+01 8.629818536078346369e+03
7.793480152909844083e-01 1.176248740615140065e+01 7.744663408924121541e+03
7.946837179832233478e-01 1.174322905874862855e+01 6.944049225517452214e+03
8.101798978198905266e-01 1.172239609927769877e+01 6.243916585065063373e+03
8.258711091142781902e-01 1.170258919127473973e+01 5.608956192354698032e+03
8.417839284385092435e-01 1.168179861010370324e+01 5.036914265594234166e+03
8.579228790245534420e-01 1.166077276690030828e+01 4.512143725087646089e+03
8.743154952663564350e-01 1.163948154710253391e+01 4.053120933692936433e+03
8.909667431989491959e-01 1.162042394514549137e+01 3.631382189831639153e+03
9.079860119184846035e-01 1.159817077991146839e+01 3.253855686189630887e+03
9.251490114218536842e-01 1.157569467497473070e+01 2.914372414899209616e+03
9.426764454344799260e-01 1.155730239727179232e+01 2.609710571355503816e+03
9.605187865228865807e-01 1.153631886512775218e+01 2.337413429974127212e+03
9.786735750303429127e-01 1.151640464414713527e+01 2.090333417649628700e+03
9.971478301932900079e-01 1.150104487662290254e+01 1.869477680014751741e+03
1.015933947724702024e+00 1.147592274354875208e+01 1.670845695379401377e+03
1.035046780342559147e+00 1.145667438322565523e+01 1.491754413378118670e+03
1.054480470215227061e+00 1.143948170565115063e+01 1.335483161283441177e+03
1.074220225565321041e+00 1.142232770788294260e+01 1.191609097654159314e+03
1.094278201388748872e+00 1.139908312738130114e+01 1.064825713606712725e+03
1.114636323764118142e+00 1.138022556916729577e+01 9.437862027874762134e+02
1.135297500657869829e+00 1.136105475074970172e+01 8.479909502615129213e+02
1.156233394429369898e+00 1.134608576887970521e+01 7.567347512901233131e+02
1.177462112298277352e+00 1.132437159462868514e+01 6.754168018071270581e+02
1.198954061824855089e+00 1.130746997861523973e+01 6.026665780976777569e+02
1.220695809387859043e+00 1.128940262200771016e+01 5.351316939973794433e+02
1.242679382549850331e+00 1.127210552019236189e+01 4.771617126570232017e+02
1.264882915423674259e+00 1.125622410457861378e+01 4.286953606990307435e+02
1.287289861407686198e+00 1.123714677465123657e+01 3.828285358941617460e+02
1.309890319930349767e+00 1.122101740759265276e+01 3.400075785366788637e+02
1.332662195198588417e+00 1.120698339374531471e+01 3.055615420987205653e+02
1.355584543949514442e+00 1.118948795971460619e+01 2.728875323852793144e+02
1.378633717956331495e+00 1.117045505717917209e+01 2.426748124478922648e+02
1.401800000985856220e+00 1.115451794546109632e+01 2.170588579668437603e+02
1.425041121552242052e+00 1.113757127344110209e+01 1.952367764810065864e+02
1.448359313328029252e+00 1.112067648693915167e+01 1.749383084933182602e+02
1.471719248977470862e+00 1.110372529754259929e+01 1.557638750806484325e+02
1.495089835031550463e+00 1.108677446080037754e+01 1.403683074377547655e+02
1.518452028512830010e+00 1.107042632715443276e+01 1.258534877265649499e+02
1.541786739405650142e+00 1.105745718053399074e+01 1.129035916157809680e+02
1.565066418281559457e+00 1.103594979811105503e+01 1.013628971711339233e+02
1.588264246978137173e+00 1.101895009594310970e+01 9.106339128846491349e+01
1.611358859643759800e+00 1.100160280815185665e+01 8.187817468419500244e+01
1.634321594592611282e+00 1.098435981142231377e+01 7.342595156846377336e+01
1.657133911279002447e+00 1.096592671513512052e+01 6.640404876342039131e+01
1.679765117229630844e+00 1.094839455051222643e+01 5.974753258909518649e+01
1.702195844043205897e+00 1.093049035664632207e+01 5.396537144212428672e+01
1.724395563141260412e+00 1.091173593095127359e+01 4.871099070260430608e+01
1.746349682359559008e+00 1.089289538015882819e+01 4.402375696654856796e+01
1.768031774495833819e+00 1.087344576104230853e+01 3.982669279508615290e+01
1.789420879854927149e+00 1.085466853997251135e+01 3.605293591850708168e+01
1.810525799510472211e+00 1.083501922056970379e+01 3.250358618954680168e+01
