2.191799393465098389e-01 1.550982308316407554e+01 3.683535669800713658e+06
2.246718907785317798e-01 1.531914414535006053e+01 3.294327230686486699e+06
2.302949085549539643e-01 1.509593796776423602e+01 2.890789163688784000e+06
2.360979343861072943e-01 1.490490250329822075e+01 2.566115214116252959e+06
2.420691106009315863e-01 1.474194433627580381e+01 2.280038652838157956e+06
2.481910267923092550e-01 1.455876350182877843e+01 2.021129799261599779e+06
2.544904679867993069e-01 1.439594758306811073e+01 1.796020374970361823e+06
2.609630318970304619e-01 1.424696764633349666e+01 1.590348549434134969e+06
2.676099019048943095e-01 1.412330066125703354e+01 1.423484623863452813e+06
2.744400116950482804e-01 1.397742273184515760e+01 1.257408228748732246e+06
2.814487903190925899e-01 1.385217219918973619e+01 1.112920630486461567e+06
2.886426128629838717e-01 1.372796208862907008e+01 9.875655588912742678e+05
2.960134280536709239e-01 1.362026387047667875e+01 8.759963801149132196e+05
3.035780920006047601e-01 1.350648010162350054e+01 7.775051297459363705e+05
3.113500518896696323e-01 1.340386746630317560e+01 6.838532228857759619e+05
3.192815904673731997e-01 1.331957247578262127e+01 6.133518649938938906e+05
3.274351579546455060e-01 1.322618750968453760e+01 5.457527750903889537e+05
3.357683260454221164e-01 1.313403475565763578e+01 4.843572761853384436e+05
3.443079213674571926e-01 1.305004802084657989e+01 4.304310116777836811e+05
3.530526577582952519e-01 1.297889378233613655e+01 3.795466121976356953e+05
3.620007254535437258e-01 1.290616138105441379e+01 3.399598703981635626e+05
3.711478252632448571e-01 1.283382551565473939e+01 3.018374170445692143e+05
3.805052274544028501e-01 1.276510226786674984e+01 2.687777707835136680e+05
3.900743589351517993e-01 1.270416495363212839e+01 2.386791343910543656e+05
3.998519436709212505e-01 1.264378581222147524e+01 2.124357020467295079e+05
4.098401842050357069e-01 1.258829670438270476e+01 1.878827255609052663e+05
4.200460212100072255e-01 1.253907082451559596e+01 1.664804366108448303e+05
4.304493526514210910e-01 1.248850090623185949e+01 1.498876630732104531e+05
4.410694420386984116e-01 1.244425170301081174e+01 1.333455266886193422e+05
4.519173031113336569e-01 1.239589215496883590e+01 1.191946620306870027e+05
4.629861226634472415e-01 1.235364248961132283e+01 1.058131997013654036e+05
4.742461089054737511e-01 1.231580934508906999e+01 9.416702838315253030e+04
4.857140617943885852e-01 1.227963142002007757e+01 8.393349124132384895e+04
4.974055954724347917e-01 1.224439326516341175e+01 7.486542630822144565e+04
5.093064632812310810e-01 1.220223327412945835e+01 6.683678106956066040e+04
5.214229282133319154e-01 1.217521127997870778e+01 5.952982805101052509e+04
5.337519046990198968e-01 1.214390412689466281e+01 5.319592118509412103e+04
5.462923057535673532e-01 1.211573176591586964e+01 4.749172518711521843e+04
5.590444660205324823e-01 1.208655358203820995e+01 4.242377710791440040e+04
5.719783322404417003e-01 1.205898843359083372e+01 3.788873727103068813e+04
5.851175801732139137e-01 1.203592430663926116e+01 3.389172187547171779e+04
5.983703921098137979e-01 1.201157623866510171e+01 3.033809124970251651e+04
6.117216640811242723e-01 1.198813013304932795e+01 2.717617215923839103e+04
6.253032038867764042e-01 1.196603400789291882e+01 2.435564164018897645e+04
6.390914783942237554e-01 1.194607201065830360e+01 2.179221655314850432e+04
6.532256688526594246e-01 1.192537937189409902e+01 1.952543037615315552e+04
6.676202709009795289e-01 1.190434732510673577e+01 1.749324981878589460e+04
6.823897437831265567e-01 1.188683506811514157e+01 1.564033106468613369e+04
6.975482722537278413e-01 1.186828615144851007e+01 1.397215274649350795e+04
7.131347692454976794e-01 1.185264066974118435e+01 1.237929079760374407e+04
7.292001690792354607e-01 1.183662409930916226e+01 1.114417432486403231e+04
7.456635990284377069e-01 1.181936754593033179e+01 9.942216407022611747e+03
7.626513218793742332e-01 1.180861512902053612e+01 8.852447961162435604e+03
7.801340130907365999e-01 1.179378173509687322e+01 7.895817945230322948e+03
7.981378217219793347e-01 1.178269720513355701e+01 7.032092896458397263e+03
8.166712131156342869e-01 1.177338716037627186e+01 6.226316139948337877e+03
8.357455896976609955e-01 1.176117088079652895e+01 5.529015927602909869e+03
8.553787740440202958e-01 1.175725898583917939e+01 4.879567566261414868e+03
8.755729112839500949e-01 1.174590202683779694e+01 4.344919304966430900e+03
8.963267350226874486e-01 1.174260186667241967e+01 3.856579514539128922e+03
9.176665547848384952e-01 1.173939020898051666e+01 3.409352808662590178e+03
9.395773637888484853e-01 1.173332865502782241e+01 3.021065615631207947e+03
9.620723199840055528e-01 1.173337375469890098e+01 2.670326689075040576e+03
9.851490519362965381e-01 1.173211958669287647e+01 2.362915679407205971e+03
1.008799006885420013e+00 1.173346972195378335e+01 2.087249428939190693e+03
1.033037891156904475e+00 1.173503388610703091e+01 1.844983220335740043e+03
1.057841283042171510e+00 1.173733932427604465e+01 1.630680139237893400e+03
1.083219230773276864e+00 1.174092220828149813e+01 1.440850674228865500e+03
1.108945057167024295e+00 1.174668244036968368e+01 1.272614895653941858e+03
1.134788670883144501e+00 1.175129913792087422e+01 1.127890353588016978e+03
1.160757891415918674e+00 1.175663474858869328e+01 1.000334041030561934e+03
1.186843157100219148e+00 1.176269664841503904e+01 8.888011702001622325e+02
1.213053810634473928e+00 1.176924018351050982e+01 7.901602228586431238e+02
1.239368075230404154e+00 1.177653789369276538e+01 6.993878320509213609e+02
1.265805141754350549e+00 1.178156698900688504e+01 6.273738337550302049e+02
1.292379383077809196e+00 1.178856561013839688e+01 5.593244829334374799e+02
1.319006018311462913e+00 1.179347907390410910e+01 4.993276549780122195e+02
1.345726079760545257e+00 1.179814905811138459e+01 4.461643077614193089e+02
1.372559602975340631e+00 1.180481662568433165e+01 3.993522224127340223e+02
1.399456873837314097e+00 1.181071504238278713e+01 3.572916445440896496e+02
1.426459273818879936e+00 1.181812916973211003e+01 3.197567413329564943e+02
1.453475348182825311e+00 1.182357682633340623e+01 2.868707153913504726e+02
1.480518193605284250e+00 1.182471092468198925e+01 2.575631745363020286e+02
1.507645855002830215e+00 1.183224182057805507e+01 2.311417841998429878e+02
1.534730885251472943e+00 1.183338201646202670e+01 2.075871219761999100e+02
1.561861985148640830e+00 1.183741004983367695e+01 1.866688304629444985e+02
1.588916586504528050e+00 1.183894759759182769e+01 1.680517307058543679e+02
1.615980287016550943e+00 1.184289285789734869e+01 1.513410152170178549e+02
1.642963350224504238e+00 1.184456377559375895e+01 1.356981800450969047e+02
1.669901194258837540e+00 1.184643446020088220e+01 1.229612809789192482e+02
1.696740146428411755e+00 1.184818583965584615e+01 1.110089478748601124e+02
1.723544896940663040e+00 1.185005341259052258e+01 9.977337811062447770e+01
1.750095313159630184e+00 1.184860558350498927e+01 9.062711827327200353e+01
1.776571542831955064e+00 1.184799514206169135e+01 8.203485939521026182e+01
1.802881803276094486e+00 1.184749987711483321e+01 7.425814632889400002e+01
1.829153292842073508e+00 1.184666374492865515e+01 6.715107042327379361e+01
1.854933164226775011e+00 1.184396386809265600e+01 6.100099190929672233e+01
1.880642688313459043e+00 1.184104448326286629e+01 5.538358740043754125e+01
1.906121571620740474e+00 1.183759073801342332e+01 5.028681591472508927e+01
1.931329903467103870e+00 1.183398499447351071e+01 4.570592321440899042e+01
