2.191799393465098389e-01 1.550982308316407554e+01 3.683535669800713658e+06
2.249209053201073616e-01 1.528401985771132310e+01 3.244138365707467310e+06
2.308167373732324112e-01 1.508697501497279347e+01 2.866517185379328672e+06
2.369064320367912369e-01 1.488034499950934020e+01 2.538014689178655390e+06
2.431777856061161092e-01 1.469337480530487916e+01 2.232243166656366084e+06
2.496204971429192843e-01 1.452355207979692864e+01 1.966787967765680281e+06
2.562545237694077160e-01 1.435754753588954991e+01 1.736816619874435710e+06
2.630787407801311595e-01 1.420569337788993636e+01 1.532156282820992870e+06
2.700964779150787920e-01 1.405973635092107443e+01 1.352983475140600232e+06
2.773102245683184974e-01 1.392285889325303039e+01 1.196560179209956666e+06
2.847261611879363663e-01 1.379284181905564566e+01 1.053028875309220515e+06
2.923483151989936801e-01 1.367268961575838304e+01 9.304648932824515505e+05
3.001605423331014655e-01 1.355519904566835443e+01 8.227703566901186714e+05
3.081809029231893926e-01 1.344468893714814151e+01 7.246153851167235989e+05
3.164216893138105391e-01 1.334779930960531402e+01 6.412143854491029633e+05
3.248691636242523884e-01 1.325125121246298932e+01 5.654948904292811640e+05
3.335324429538669144e-01 1.316941155893380255e+01 5.005259459451500443e+05
3.424157527841989457e-01 1.306806699545717088e+01 4.416344314251253381e+05
3.515324655703107593e-01 1.298955193719177892e+01 3.904262618936666986e+05
3.608529683209242833e-01 1.290978903590275628e+01 3.447506901800050400e+05
3.703823596708084032e-01 1.283593974296689844e+01 3.053477140258054133e+05
3.801574955232294717e-01 1.276615584894760858e+01 2.703294625784651726e+05
3.901608873388395238e-01 1.270287236133655462e+01 2.392201604268477822e+05
4.003936737059969886e-01 1.264344908249030297e+01 2.108576504058732535e+05
4.108797019569749853e-01 1.258287064839155533e+01 1.864606631761889439e+05
4.215454948173028016e-01 1.252973035208077590e+01 1.653982542970734066e+05
4.324769201101796301e-01 1.247992011469750828e+01 1.463528918592409464e+05
4.436440454435883751e-01 1.243014080067115756e+01 1.297532313911055826e+05
4.550331319965721377e-01 1.238571420435629733e+01 1.147223319138967636e+05
4.666771851439971974e-01 1.234066566086812600e+01 1.017610266308770224e+05
4.785361523427292263e-01 1.230063716349295433e+01 9.026073714961076621e+04
4.906271854824478806e-01 1.226106377354242127e+01 8.008469943075666379e+04
5.029426882069812921e-01 1.222487048439087864e+01 7.099888558369960811e+04
5.155007889405253119e-01 1.218951101265987269e+01 6.307148483388739987e+04
5.282924380035869394e-01 1.215949886980376959e+01 5.589370491187462176e+04
5.413154615188485730e-01 1.212669447409818169e+01 4.973760123875281715e+04
5.545700767922434604e-01 1.209619058080112275e+01 4.412145419812826731e+04
5.680574785301369944e-01 1.206764831211808264e+01 3.921856128208476002e+04
5.817190038466649726e-01 1.204297397921559210e+01 3.489500857002666453e+04
5.953129087359589899e-01 1.201739615730663324e+01 3.113297230659329944e+04
6.086891256061152111e-01 1.199309486309060979e+01 2.782721386869003982e+04
6.219070634495447170e-01 1.196928750573323441e+01 2.500969421757791133e+04
6.351055238031425576e-01 1.194717711402011240e+01 2.244249950135742620e+04
6.483308983135110948e-01 1.192281197897805889e+01 2.019436715827230000e+04
6.616700216121892408e-01 1.190219736714964682e+01 1.813294264247662795e+04
6.751464769540989064e-01 1.187958226772361847e+01 1.633032929872572277e+04
6.888314491371961834e-01 1.185785059694116050e+01 1.470037096733649923e+04
7.027391655124558545e-01 1.183597228368869203e+01 1.319544469747255425e+04
7.169172666003351679e-01 1.181219279834183666e+01 1.187234933035009090e+04
7.313824204396118800e-01 1.179247854393850226e+01 1.066741934447426866e+04
7.461868684875031521e-01 1.177095460932672388e+01 9.577285035205441091e+03
7.613133337700541681e-01 1.175102106672581570e+01 8.585266635775902614e+03
7.768167534996401891e-01 1.172982358932780755e+01 7.695567945985994811e+03
7.927218969858984554e-01 1.171058153210612751e+01 6.884986810551456074e+03
8.090083393991526206e-01 1.168979976921810682e+01 6.167583277065054062e+03
8.257185932191867250e-01 1.167400153162313714e+01 5.511857899688563521e+03
8.428588219873891507e-01 1.165346320711110550e+01 4.919529781465558699e+03
8.604431384612077904e-01 1.163823848964802643e+01 4.392749971208187162e+03
8.784783975043348736e-01 1.162130505410931214e+01 3.915614874356053861e+03
8.969769652308619001e-01 1.160551888545081844e+01 3.490259534707777675e+03
9.159326911097283030e-01 1.159094847014731045e+01 3.109932370869097667e+03
9.353694533918586185e-01 1.157492495778395991e+01 2.764423641603770193e+03
9.552703312054925400e-01 1.156247275838679656e+01 2.459516979859960429e+03
9.756478015251079938e-01 1.155068780189171740e+01 2.184778757766006947e+03
9.964954510474207661e-01 1.153770117658430117e+01 1.941585924585256407e+03
1.017807602272983392e+00 1.152957279661909240e+01 1.726091280009261709e+03
1.039597654525824977e+00 1.151659774663904834e+01 1.531665644159254043e+03
1.061724269992747827e+00 1.150756480653633496e+01 1.361329153149953754e+03
1.084110650603207882e+00 1.149780927652650853e+01 1.208924610628953587e+03
1.106733172637523133e+00 1.148948178613929905e+01 1.076145664554710265e+03
1.129599302099460134e+00 1.148172351321773199e+01 9.578575723085164100e+02
1.152680459879528829e+00 1.147455515210112686e+01 8.469799332896609485e+02
1.175987971755440897e+00 1.146555990527520486e+01 7.593085389052514529e+02
1.199542804281665376e+00 1.146053089006535686e+01 6.767801701880049450e+02
1.223247038351154004e+00 1.145337514260135592e+01 6.033769028813503610e+02
1.247174192683273342e+00 1.144873425226930941e+01 5.349428844654883051e+02
1.271287603999442295e+00 1.143988100259061191e+01 4.806300833909045878e+02
1.295557439960856483e+00 1.143384941549162903e+01 4.265053079448040307e+02
1.320003588661083915e+00 1.142661837384609846e+01 3.835018651881113669e+02
1.344565947491441094e+00 1.142200630509866421e+01 3.429039096134845863e+02
1.369284238003288579e+00 1.141458815154356188e+01 3.067094094307688579e+02
1.394100013677631145e+00 1.141041269520537504e+01 2.745843415850644078e+02
1.419008268473626266e+00 1.140386808308289268e+01 2.454192185531250061e+02
1.443986722900504116e+00 1.139446472773809838e+01 2.201737118046694093e+02
1.469031549783004431e+00 1.138758028379262299e+01 1.974502654426723893e+02
1.494105327657689442e+00 1.138211155790323126e+01 1.769925860312994530e+02
1.519354284004870825e+00 1.137453913803152616e+01 1.589736061241964649e+02
1.544350693416148390e+00 1.136674881840041174e+01 1.428365247180264817e+02
1.569442508496388333e+00 1.136016652474175714e+01 1.284627526056101487e+02
1.594398846604762943e+00 1.135192310880508337e+01 1.149483717096476596e+02
1.619372179362540631e+00 1.134363725628182529e+01 1.038629343238831666e+02
1.644295834247737842e+00 1.133566076089651631e+01 9.365208938998210897e+01
1.668986778385505687e+00 1.132718507256213059e+01 8.449764939674469133e+01
1.693620540256082663e+00 1.131826767784025556e+01 7.620716494171544753e+01
1.718093088515904920e+00 1.130868942265997745e+01 6.882332754749899095e+01
1.742393133816457773e+00 1.129921558817796701e+01 6.192317507862320980e+01
1.766497912924045677e+00 1.128937389852048945e+01 5.625350525910675259e+01
1.790412854033683665e+00 1.127951423510744888e+01 5.091166422955473791e+01
1.814033518081378027e+00 1.126764624834682671e+01 4.602653017123015644e+01
1.837426540915678030e+00 1.125644877421486001e+01 4.184195515229653495e+01
