2.191799393465098389e-01 1.550982308316407554e+01 3.683535669800713658e+06
2.275713275558634285e-01 1.521892899112609143e+01 3.102836157317888457e+06
2.363385849055759103e-01 1.489844600131164221e+01 2.561309091005438473e+06
2.454845397941496921e-01 1.464649730697517604e+01 2.144163188320708927e+06
2.550155440091263492e-01 1.439542293601158107e+01 1.777184954775368795e+06
2.649481316903148920e-01 1.416276279879972222e+01 1.480482833814181155e+06
2.752934971739128822e-01 1.396221713597689806e+01 1.232901281748569570e+06
2.860593291153912809e-01 1.377367489791894606e+01 1.030206964308529161e+06
2.972426918423311526e-01 1.359558148115099030e+01 8.592289519637862686e+05
3.088743931459306813e-01 1.343853618389892723e+01 7.166440603746253764e+05
3.209643786464482229e-01 1.330452481646998208e+01 5.969419307398522506e+05
3.334654570200732970e-01 1.315675433141720063e+01 5.000184929702137597e+05
3.464431360503361090e-01 1.303142868445947578e+01 4.175345681937164627e+05
3.599018608395059271e-01 1.291896647428272615e+01 3.491230850731139653e+05
3.738157039732539211e-01 1.281416001386813619e+01 2.921730824352816562e+05
3.882207219579333346e-01 1.271470522152828941e+01 2.445709878872637928e+05
4.031156593043949132e-01 1.262660633490008344e+01 2.040404687131856917e+05
4.184798557921758921e-01 1.254485598253177336e+01 1.713401757343684731e+05
4.343566748325131122e-01 1.247099644261041540e+01 1.433147482257407974e+05
4.507210009132723849e-01 1.240200812301038802e+01 1.192649735214161046e+05
4.675816677232452756e-01 1.234055347241811695e+01 1.008183601444913947e+05
4.849129434057798393e-01 1.227806012318336215e+01 8.467353161332447780e+04
5.027526140617544215e-01 1.222503422447053367e+01 7.111701429162010027e+04
5.210821381574538558e-01 1.217639948038814524e+01 5.976996943407996150e+04
5.399026939226754251e-01 1.212998799958754681e+01 5.038832829818847677e+04
5.592137752428124609e-01 1.208731700609342674e+01 4.234021448131676880e+04
5.789677373323077747e-01 1.204698625735887418e+01 3.570524691544799862e+04
5.986919774997955246e-01 1.200750179685050689e+01 3.028105331414254397e+04
6.178552667571242107e-01 1.197481012751948803e+01 2.581743699802728224e+04
6.368016657264908842e-01 1.194314886169626178e+01 2.214116974092134478e+04
6.557830993367882444e-01 1.191007478422029209e+01 1.901644277566652090e+04
6.749623934024637784e-01 1.187696265393635287e+01 1.632025058171551791e+04
6.944993274505725234e-01 1.184241583403617426e+01 1.412002133953915472e+04
7.144944200225485931e-01 1.181151849582256474e+01 1.204266039539744997e+04
7.350669919075905057e-01 1.177976509260962779e+01 1.033197796395669684e+04
7.562854315733679167e-01 1.174791334993794045e+01 8.840524568937040385e+03
7.782157536516066676e-01 1.172001166936952643e+01 7.553010929559542092e+03
8.009292665482922180e-01 1.168633563044861212e+01 6.451446527464314386e+03
8.244614846904071426e-01 1.165920055324093063e+01 5.492840419207253944e+03
8.488618641382458252e-01 1.163220076206034648e+01 4.667962952680853050e+03
8.741653420305725009e-01 1.160507625527989006e+01 3.962882420138651923e+03
9.003950552768609228e-01 1.158042702365501242e+01 3.357574356503330364e+03
9.275708368810848814e-01 1.155374167932099283e+01 2.845646644842850037e+03
9.557054105422458923e-01 1.153397886392932925e+01 2.403077478455048549e+03
9.847926654763372589e-01 1.151360635590523529e+01 2.030795461637026619e+03
1.014847120527575308e+00 1.149418610689884801e+01 1.712254936047766023e+03
1.045842284333532213e+00 1.147797324046803702e+01 1.443802624258303467e+03
1.077841895647985160e+00 1.146271691318416508e+01 1.216405158365331090e+03
1.110869187245302481e+00 1.145136027994007932e+01 1.023590855995539414e+03
1.144884122973532259e+00 1.143498750753941806e+01 8.604723197429101447e+02
1.179865091613505612e+00 1.142229289939010251e+01 7.235004232219935147e+02
1.215386424806114141e+00 1.141306072548693074e+01 6.093520903111859752e+02
1.249481498835099291e+00 1.140314980446471793e+01 5.169181608005823136e+02
1.282030147081636429e+00 1.139194621518032413e+01 4.429485238806180405e+02
1.313049516749614787e+00 1.137878042072781959e+01 3.824872617953824374e+02
1.342792589626044641e+00 1.136254997321528926e+01 3.313840809259384628e+02
1.371229966054577920e+00 1.134564755203554398e+01 2.894201713366850868e+02
1.398491117480256563e+00 1.132512146809262710e+01 2.532057787519494525e+02
1.424680474309246048e+00 1.130184038938015689e+01 2.224370351441149580e+02
1.449810054356805988e+00 1.127713715295499242e+01 1.961814129014163086e+02
1.474011526642839076e+00 1.124857674839353017e+01 1.733927696962219045e+02
1.497239424161031396e+00 1.121990626295516513e+01 1.528076585949121977e+02
1.519575960374215828e+00 1.118591302181394376e+01 1.364974292693161999e+02
1.541031102317276025e+00 1.115175550273793270e+01 1.213851665590832027e+02
1.561677757544656986e+00 1.111437922439930759e+01 1.082106988857714782e+02
1.581527337399919464e+00 1.107474262504974405e+01 9.652288952937108490e+01
1.600551331902351215e+00 1.103355430458558395e+01 8.643952938117975293e+01
1.618809637913379618e+00 1.099055265389237590e+01 7.710107427028225402e+01
1.636295723410145397e+00 1.094600827144429012e+01 6.953827558921265961e+01
1.653037522111584501e+00 1.089919388148902968e+01 6.241782263798595665e+01
1.669039222475678930e+00 1.085111743671942897e+01 5.604867936999011846e+01
1.684306551961870957e+00 1.080146663336265611e+01 5.056334709152336870e+01
1.698851360850785586e+00 1.075073521294551426e+01 4.568435688434878017e+01
1.712660864783647874e+00 1.069821732035148365e+01 4.111077576796370181e+01
1.725768835839213589e+00 1.064468707318277652e+01 3.728573594960404591e+01
1.738132195459875184e+00 1.058887604121666470e+01 3.367846241841768773e+01
1.749789032365986818e+00 1.053310607485181194e+01 3.064754678600578686e+01
1.760723239372777860e+00 1.047647566207481873e+01 2.782849902663135921e+01
1.771122131453717774e+00 1.041874613238691438e+01 2.519649527028791525e+01
1.780493157444908547e+00 1.035913111583611013e+01 2.305058821484294995e+01
1.789308763893489918e+00 1.029903242102825445e+01 2.101741711347723651e+01
1.797432571634036913e+00 1.023760405907603221e+01 1.917724109422517031e+01
1.804884362494026506e+00 1.017664109231463598e+01 1.747717137746713689e+01
1.811591379540828495e+00 1.011428843263439070e+01 1.602298892082438897e+01
1.817639807810828012e+00 1.005161471262244355e+01 1.469124845540623880e+01
1.823164962009678147e+00 9.989237704169497079e+00 1.351642115306690606e+01
1.827716285213682568e+00 9.924688858738484498e+00 1.244845068094448592e+01
1.831744525053948136e+00 9.860578123253400662e+00 1.147519925767250193e+01
1.835229175837927995e+00 9.796416886186351647e+00 1.056510737684000212e+01
1.838004709721538177e+00 9.732497063452637320e+00 9.760155403360418092e+00
1.839956444113182821e+00 9.666710287145725999e+00 9.023734373461712366e+00
1.841443155521306885e+00 9.602975515647415250e+00 8.368473520823842549e+00
1.842442464502336508e+00 9.537423367378307759e+00 7.755135989488322501e+00
1.842687411850569612e+00 9.472484474055850256e+00 7.233906656207998331e+00
1.842241209048453898e+00 9.406661800872655022e+00 6.734576161630196012e+00
1.841347317755948287e+00 9.341724707298277863e+00 6.286799988058771937e+00
1.839887538075748230e+00 9.277001643336458159e+00 5.880828012603804389e+00
1.838014371427644900e+00 9.212995411717560756e+00 5.505395529464212956e+00
1.835410521943741990e+00 9.148202719945274453e+00 5.182313766691819978e+00
1.832386901921952971e+00 9.083760304316172096e+00 4.857335385518132931e+00
