2.191799393465098389e-01 1.550982308316407554e+01 3.683535669800713658e+06
2.251518710927520039e-01 1.529005758645610413e+01 3.213676560626918450e+06
2.312822081612398994e-01 1.505981412486612925e+01 2.838603672906333115e+06
2.376227559289751379e-01 1.485862928458556453e+01 2.487747150157104246e+06
2.441618131567750705e-01 1.468088588968255870e+01 2.193625662624638528e+06
2.508895328711439610e-01 1.450193044731774528e+01 1.928691633681654930e+06
2.578217733418967095e-01 1.432079348140044139e+01 1.686010069315201836e+06
2.649606967932531809e-01 1.416856497146095606e+01 1.485005330597171094e+06
2.723094530185389828e-01 1.401779254070394209e+01 1.303838637368644355e+06
2.798708991994418027e-01 1.388081185350986324e+01 1.141373680106280372e+06
2.876502001162725142e-01 1.374291551654681065e+01 1.002596142722136108e+06
2.956429699244091380e-01 1.362383282785790684e+01 8.814550362144290702e+05
3.038550949242195820e-01 1.350405925770195381e+01 7.755608937270690221e+05
3.122970811809011038e-01 1.340244656808478396e+01 6.815163777809607564e+05
3.209933355268054789e-01 1.328864947629921645e+01 5.982503955109601375e+05
3.298721655501565264e-01 1.319880459628848612e+01 5.260366223273117794e+05
3.390022174291473789e-01 1.310377855925976043e+01 4.626079269058866194e+05
3.483738919382232679e-01 1.301616716477151670e+01 4.069514312153558712e+05
3.579850677975324746e-01 1.293239488563247264e+01 3.577769217178690596e+05
3.678353451994472723e-01 1.285676117943532404e+01 3.153369561132458039e+05
3.779557582906223900e-01 1.278459092722262724e+01 2.773274853634112515e+05
3.882731084796351984e-01 1.271456914953635220e+01 2.441295421149974572e+05
3.988628818499843631e-01 1.265196994255259533e+01 2.147527215841295256e+05
4.097082266716654542e-01 1.259494972163812321e+01 1.889788186806375452e+05
4.207805461254459645e-01 1.253472878775112243e+01 1.666137591463690624e+05
4.321219858450596751e-01 1.248135213717977798e+01 1.469064778226681519e+05
4.437196665139765406e-01 1.242974116331229517e+01 1.295229787601354183e+05
4.555576050068350091e-01 1.238375644340868931e+01 1.131454631831165461e+05
4.676630696205818505e-01 1.233653850753329628e+01 1.007112615077341761e+05
4.799960905622762675e-01 1.229646711389383995e+01 8.897911730255391740e+04
4.925966920905325841e-01 1.225512949821151665e+01 7.853187558613276633e+04
5.054364010352208059e-01 1.221704396017291039e+01 6.938503398161832592e+04
5.185438004718473382e-01 1.218628416085415367e+01 6.058007179311317304e+04
5.318831205973217902e-01 1.214733381289324043e+01 5.411948462896253477e+04
5.454818181158889168e-01 1.211535039785545464e+01 4.787804818171376974e+04
5.593306972114514553e-01 1.208730021015541212e+01 4.228023003740659624e+04
5.733955534353405437e-01 1.205838823320181241e+01 3.742242941960366443e+04
5.877093008328563295e-01 1.203087288165739643e+01 3.318977754981109319e+04
6.021660107941411155e-01 1.200623608316603530e+01 2.939048188984926310e+04
6.168574143977123558e-01 1.198050828877968499e+01 2.607903291184283444e+04
6.318584674085164776e-01 1.195540458838973308e+01 2.313168646682407052e+04
6.472121045979628562e-01 1.193433648786307266e+01 2.047417445302929627e+04
6.629367416886920994e-01 1.191500827876260260e+01 1.816675380859251527e+04
6.791713265523757759e-01 1.189310393568894497e+01 1.605134382098031892e+04
6.958698948698350817e-01 1.187255932154028137e+01 1.410820895286953237e+04
7.130650908688869194e-01 1.185745100766704851e+01 1.253291574934163145e+04
7.308472881920957676e-01 1.183768487182884321e+01 1.106001189631024499e+04
7.492051579123983895e-01 1.182256966019958000e+01 9.778174032610040740e+03
7.681859559270874938e-01 1.181002937534954533e+01 8.593915742344164755e+03
7.877844641792208780e-01 1.179624513551558351e+01 7.539353462380028759e+03
8.080373884469123080e-01 1.178791642672080542e+01 6.617883355025890523e+03
8.289519578676208811e-01 1.177756071190181153e+01 5.808137837733487686e+03
8.505529294618469072e-01 1.176971434762340074e+01 5.094310713707563082e+03
8.728443251324251584e-01 1.176181107295111161e+01 4.458902635675098281e+03
8.958267620867650383e-01 1.175774003441894422e+01 3.906096403087426552e+03
9.195248709211468752e-01 1.175461497192156557e+01 3.415295979829615135e+03
9.439357124987611813e-01 1.175791325863553638e+01 2.985397568645899355e+03
9.690340579303982071e-01 1.175290666668870898e+01 2.609551622764624881e+03
9.948673549334990929e-01 1.175262774896225970e+01 2.278489260278848633e+03
1.021421457009300537e+00 1.176044684029624676e+01 1.989303888489448809e+03
1.048668038790053991e+00 1.176297801218322903e+01 1.734439411863474561e+03
1.076613417093744696e+00 1.176682481196935370e+01 1.516567519604433983e+03
1.105275159626939674e+00 1.177350913968044743e+01 1.322425897588683029e+03
1.134601339034213119e+00 1.178240295623151823e+01 1.152320062934939187e+03
1.164597020535327543e+00 1.179161358199802123e+01 1.006845207330497601e+03
1.195254558277485391e+00 1.180276702623231699e+01 8.789394529488179160e+02
1.226539873490503085e+00 1.181404435677087505e+01 7.673706862644899047e+02
1.258441751242517448e+00 1.182701948904583666e+01 6.700551918004591698e+02
1.290941210374316528e+00 1.184051511423873215e+01 5.847886415764768344e+02
1.324013591472873008e+00 1.185558035470929639e+01 5.104546389402559612e+02
1.357622500903132634e+00 1.187084026553661253e+01 4.467114749507006763e+02
1.391650326987847297e+00 1.188723851082697003e+01 3.907346851955285842e+02
1.425043375231055398e+00 1.190244318872780482e+01 3.433334846888482161e+02
1.457635263933981351e+00 1.191865720583950150e+01 3.032165936849044670e+02
1.489485398312963893e+00 1.193071261169169617e+01 2.685386878735083656e+02
1.520526718270929667e+00 1.194483889940762111e+01 2.388579957399237230e+02
1.550903593627988242e+00 1.195439444701020015e+01 2.128543433035003432e+02
1.580579368240172311e+00 1.196363056082077847e+01 1.905831730464100531e+02
1.609615524402027820e+00 1.196981048894974542e+01 1.706494242384123652e+02
1.638006641480598269e+00 1.197297073865684780e+01 1.532093336422758227e+02
1.665773974925397916e+00 1.197712349637188822e+01 1.380433116164223577e+02
1.692960355890838153e+00 1.197949296178895473e+01 1.237322344947430679e+02
1.719542141252619949e+00 1.198046855811400135e+01 1.122811143118994437e+02
1.745542634155283546e+00 1.197918046693870231e+01 1.014885803659031183e+02
1.770991978097766983e+00 1.197596546589027078e+01 9.158187382372341290e+01
1.795828710140981332e+00 1.197178397146825013e+01 8.356148306976039919e+01
1.820153339342372334e+00 1.196575147619795132e+01 7.597933024304317939e+01
1.844151539368209969e+00 1.195855803894996860e+01 6.903001175380998689e+01
1.867873685494761959e+00 1.195071031832764596e+01 6.277325128929065556e+01
1.891297188801920992e+00 1.194126283514046172e+01 5.710821265423751214e+01
1.914434093952573468e+00 1.193116420238320607e+01 5.196909314126887125e+01
1.937310755492311465e+00 1.191989763430913918e+01 4.742907929926945343e+01
1.959769784498824885e+00 1.190720077124815823e+01 4.318463233137979529e+01
1.981976302561501813e+00 1.189312248688934837e+01 3.920387778342227136e+01
2.003825766960128707e+00 1.187915614724289526e+01 3.577616835720950661e+01
2.025304309732778307e+00 1.186339402725514880e+01 3.282025758531410276e+01
2.046384489179997601e+00 1.184712930883304161e+01 2.983489481167216795e+01
2.067099421619438271e+00 1.183025992011059202e+01 2.733692636785266927e+01
2.087402917675729164e+00 1.181267523583489520e+01 2.509792326185700517e+01
2.107295242987695882e+00 1.179393656379788702e+01 2.297634912968170795e+01
