2.191799393465098389e-01 1.550982308316407554e+01 3.683535669800713658e+06
2.281040171698326957e-01 1.517659323934868709e+01 3.045042667850715108e+06
2.374502720775691356e-01 1.487981755172108755e+01 2.507170421416979283e+06
2.472225934932069658e-01 1.458570714474997843e+01 2.061654313140211860e+06
2.574356893189653772e-01 1.433361243922198902e+01 1.699153278119474417e+06
2.681033539693047918e-01 1.409917645300442501e+01 1.400819636821535183e+06
2.792383102854220089e-01 1.388973845012462682e+01 1.156075255148209166e+06
2.908530444217668487e-01 1.369307509589041061e+01 9.519830068477196619e+05
3.029406380365126106e-01 1.351389154250229652e+01 7.878696419039884349e+05
3.155319470970762152e-01 1.335933561578902484e+01 6.488498976144550834e+05
3.286344770016313421e-01 1.321049007758632143e+01 5.358351554919384653e+05
3.422423773436868988e-01 1.306759410755432960e+01 4.420229163855787483e+05
3.563886507629255851e-01 1.294609941057145264e+01 3.655849683338688919e+05
3.710490727848896886e-01 1.283240934345458584e+01 3.053502889043026953e+05
3.862621679276962983e-01 1.272839885799302984e+01 2.499782096025863138e+05
4.020239466191564692e-01 1.263481850995462530e+01 2.067842918452300655e+05
4.183167199081480048e-01 1.254733207509286252e+01 1.714146310234504635e+05
4.351803919690555578e-01 1.246793580798274270e+01 1.420876405131064239e+05
4.525921744700248106e-01 1.239420515196337824e+01 1.177283241569539823e+05
4.705811894060781819e-01 1.232996304278854538e+01 9.766404961319967697e+04
4.891101766858517164e-01 1.226753877787477265e+01 8.116082181176164886e+04
5.081767149675919804e-01 1.220962644027197719e+01 6.758024501520843478e+04
5.278124526210734579e-01 1.215902728183283621e+01 5.619543072035397927e+04
5.480009983104728866e-01 1.211025268541272659e+01 4.683436082405583875e+04
5.687420534073457379e-01 1.206630077074807694e+01 3.898897045793523284e+04
5.899601720159883822e-01 1.202748131025313860e+01 3.256499765411498083e+04
6.117226658655939842e-01 1.198920928777953598e+01 2.716373169369986863e+04
6.340146162648033767e-01 1.195080669881703450e+01 2.271672969377479239e+04
6.559550455011536885e-01 1.192059714522829417e+01 1.914232684755086302e+04
6.777542774487819166e-01 1.188946693315300962e+01 1.618612757282268831e+04
6.996697253824903928e-01 1.185993586969886948e+01 1.371716217389269877e+04
7.218560364380024463e-01 1.182801427467819977e+01 1.162646635668561612e+04
7.444397571486642828e-01 1.179979608084268961e+01 9.871030003108491655e+03
7.675450206541295506e-01 1.178417829109798909e+01 8.363010956152609651e+03
7.912662689831919671e-01 1.174166312519947297e+01 7.092486625366350381e+03
8.156874035512760024e-01 1.171308824824757266e+01 6.002695343613228033e+03
8.408794886906368893e-01 1.168384817264484532e+01 5.072323818170134473e+03
8.668714990274415388e-01 1.165738460415662381e+01 4.284730278746656040e+03
8.937245198668983814e-01 1.163196052048283846e+01 3.616789039464057169e+03
9.214829996169934256e-01 1.160729761894007872e+01 3.041642418460141926e+03
9.501443554177940731e-01 1.158339734936768295e+01 2.544823382964194025e+03
9.797340867114614493e-01 1.156019399156729754e+01 2.149923989968513979e+03
1.010267652239696279e+00 1.153798304677270004e+01 1.804355596001405047e+03
1.041735652639696363e+00 1.152288469779933955e+01 1.511689386870184308e+03
1.074113406103409440e+00 1.149849455906417894e+01 1.268060642929442565e+03
1.107397725698997082e+00 1.148121209832049061e+01 1.061771140102824575e+03
1.141556762227069255e+00 1.146678106735937241e+01 8.892493521414074849e+02
1.176556956761275474e+00 1.144914277067112884e+01 7.448331891003086866e+02
1.212358805796754257e+00 1.143471286632705031e+01 6.238761601643708445e+02
1.248906663243126047e+00 1.142215066862001116e+01 5.222550442169215330e+02
1.286144047805996893e+00 1.141139365689669027e+01 4.378185515474166323e+02
1.324017101173096789e+00 1.139597259803213269e+01 3.667931984586951444e+02
1.362443967556656643e+00 1.138407138146125064e+01 3.079804143802238059e+02
1.401358798312189791e+00 1.137371387001489431e+01 2.587062434775547217e+02
1.440685446673672043e+00 1.136336043113104566e+01 2.173611624837390650e+02
1.480335500757635314e+00 1.135210898026711313e+01 1.830094041949001848e+02
1.520234616098773639e+00 1.134339370350360099e+01 1.533347898447317164e+02
1.559839032925933733e+00 1.133123865556082421e+01 1.299389718422380327e+02
1.596910142828959822e+00 1.131930930209618857e+01 1.115108840929455738e+02
1.631254252628849377e+00 1.130455428634870430e+01 9.611188946982191794e+01
1.663049387338273455e+00 1.128641866184251974e+01 8.365193825914579406e+01
1.692465004268443707e+00 1.126469456488029763e+01 7.310933256746541531e+01
1.719671769344436552e+00 1.123938408389219035e+01 6.441709754277489708e+01
1.744821613575343155e+00 1.120983494345717801e+01 5.701337783457092456e+01
1.768041023547305857e+00 1.117753174406119854e+01 5.069578064463066625e+01
1.789443662147642833e+00 1.114148352128295727e+01 4.501260849624504345e+01
1.809139357996482733e+00 1.110281546317806445e+01 4.052043792423550883e+01
1.827209482659517104e+00 1.106096734290020045e+01 3.639549933622280520e+01
1.843766478100821615e+00 1.101643768425281067e+01 3.281927023451527958e+01
1.858871855122748107e+00 1.096930619460179734e+01 2.968060578224258705e+01
1.872547871687144871e+00 1.091920748411772735e+01 2.688020252327515180e+01
1.884924658940319020e+00 1.086749909401473602e+01 2.442189650370103493e+01
1.896036665885450834e+00 1.081207519414457607e+01 2.223430196385394098e+01
1.905943173834335536e+00 1.075579622988835737e+01 2.029361078914005745e+01
1.914682131565033751e+00 1.069825204232549787e+01 1.855296908042832271e+01
1.922316980498619987e+00 1.063735923976296505e+01 1.699406258170162687e+01
1.928863516054772687e+00 1.057612065291737125e+01 1.555547090307612201e+01
1.934384220452276981e+00 1.051337143818396846e+01 1.433742846704228135e+01
1.938918247551655316e+00 1.044923239852879071e+01 1.321758372421190941e+01
1.942499764987247302e+00 1.038317040906690636e+01 1.216710701708279352e+01
1.945160893462398954e+00 1.031652515860031194e+01 1.128211817705922293e+01
1.946946184462124085e+00 1.024902631834124200e+01 1.045560090258289421e+01
1.947862717144199340e+00 1.018029228220989602e+01 9.676014186461491917e+00
1.948155258695454251e+00 1.011141826434422875e+01 9.011697869656915216e+00
1.947292078061387155e+00 1.004134906277048422e+01 8.381212823063606265e+00
1.945857050263722465e+00 9.971242316511169435e+00 7.823080237429521411e+00
1.943698340381413647e+00 9.899842440855838532e+00 7.308637263793590577e+00
1.940848826223548373e+00 9.829168447665123765e+00 6.858445082560391981e+00
1.937326965814129220e+00 9.757963242293097750e+00 6.414736063772721764e+00
1.933163337438237761e+00 9.686371534136901218e+00 6.027181605487343496e+00
1.928573746411141876e+00 9.615880327166157926e+00 5.687346841925081442e+00
1.923081061742914821e+00 9.543852444911928856e+00 5.368841816457185168e+00
1.917170465145436209e+00 9.472669997329784763e+00 5.077036532408944147e+00
1.910908062196565504e+00 9.402388432015447606e+00 4.771814551247304692e+00
1.903845400994328196e+00 9.331175706590729035e+00 4.559085755411885543e+00
1.896587405197917242e+00 9.260933454009450116e+00 4.323474051036131804e+00
1.888618572050596134e+00 9.190698088029286339e+00 4.106755012676401861e+00
1.880360658390441753e+00 9.121115184411150878e+00 3.923007845459591358e+00
1.871902905976191578e+00 9.053075443723500371e+00 3.751841591377872653e+00
1.862725122224173191e+00 8.984440956282236712e+00 3.585165382253082011e+00
