2.191799393465098389e-01 1.550982308316407554e+01 3.683535669800713658e+06
2.254488997802890082e-01 1.527107829437739817e+01 3.211385393895911053e+06
2.319279924794818148e-01 1.503604438112298247e+01 2.792506830398149788e+06
2.386189351125721780e-01 1.484113669902406762e+01 2.447181842355572153e+06
2.455314769039602663e-01 1.463180838588949229e+01 2.135554618148832116e+06
2.526562931259057621e-01 1.443971737892454144e+01 1.856884903351217043e+06
2.600061883045735600e-01 1.426804249159280324e+01 1.619118857817524811e+06
2.675842616391320705e-01 1.410545665924273173e+01 1.416403031222979771e+06
2.753997022826879526e-01 1.395899070078111492e+01 1.235418736059582792e+06
2.834515659567915513e-01 1.381398941664815538e+01 1.073918993377089268e+06
2.917469523034143530e-01 1.368252817561356594e+01 9.378727288196599111e+05
3.002759565895042337e-01 1.355448540159747495e+01 8.184536043231805088e+05
3.090508220414583951e-01 1.343284718721786319e+01 7.142556412270038854e+05
3.180882357684474693e-01 1.332816051780560684e+01 6.238638895894483430e+05
3.273754549164650252e-01 1.321927217540967092e+01 5.417055065755414544e+05
3.369080256459551226e-01 1.312304831346617817e+01 4.759848564023167128e+05
3.467103068032558189e-01 1.302883634632751964e+01 4.162251412591653643e+05
3.567895660229641885e-01 1.294510736746056168e+01 3.601072563313778373e+05
3.671111477944860590e-01 1.286631412522398499e+01 3.178291113723166054e+05
3.777279450058745325e-01 1.278435730829574091e+01 2.778950630418681540e+05
3.885914183279786105e-01 1.271265240488563997e+01 2.431894786860145687e+05
3.997386047797005793e-01 1.264659224911455482e+01 2.129415755193941586e+05
4.111686763999143346e-01 1.258428648277208950e+01 1.862326452564320643e+05
4.228583609223904860e-01 1.252430401485500511e+01 1.628039535587438440e+05
4.348512260197648360e-01 1.246897663777831866e+01 1.427701027103225060e+05
4.471035193602356239e-01 1.241657192533065412e+01 1.241491831412696192e+05
4.596552060150830288e-01 1.236741452237543015e+01 1.095339206301065715e+05
4.724582016555096131e-01 1.232010319996495973e+01 9.616871295290160924e+04
4.855387465732983743e-01 1.227771804232378017e+01 8.410970548124227207e+04
4.989072401964977366e-01 1.223599319072038227e+01 7.372462572046493005e+04
5.125514097243862865e-01 1.219857765384965376e+01 6.476422359833908558e+04
5.264752343291031478e-01 1.216286994444999614e+01 5.690585866607110074e+04
5.406750473834219806e-01 1.212703059699378905e+01 5.001147501883931545e+04
5.551515779461773104e-01 1.209521201537128832e+01 4.391645412485145789e+04
5.699056999745879537e-01 1.206466179927564220e+01 3.863554390879440325e+04
5.848551964081193377e-01 1.203587871646438145e+01 3.396523376041842130e+04
5.997763981269496059e-01 1.200813531633415465e+01 2.967579743847730060e+04
6.146684975533769357e-01 1.198500010646829850e+01 2.648114367329975721e+04
6.295704785691198513e-01 1.195648178250925397e+01 2.350428338938416346e+04
6.446043838171802154e-01 1.193441885944640468e+01 2.083510282777004613e+04
6.599005179457516634e-01 1.190989530596620405e+01 1.848928057176705261e+04
6.754420821569118161e-01 1.188622456587778053e+01 1.636776216649036724e+04
6.913593963063376924e-01 1.186542256875485535e+01 1.452105842594778369e+04
7.076654752151652072e-01 1.184265650250398139e+01 1.285770315606325312e+04
7.243233700058071545e-01 1.182045735845007428e+01 1.137855374605583529e+04
7.414863383325296375e-01 1.179955976701316089e+01 1.005658696685038012e+04
7.591400898963033272e-01 1.177890154915249177e+01 8.876392798931123252e+03
7.773011904812887618e-01 1.176092498225449035e+01 7.836710755710953890e+03
7.960155727466271536e-01 1.174188664946020744e+01 6.899122487877788444e+03
8.152904797583423457e-01 1.172588315513742607e+01 6.081242951968447414e+03
8.351518576961174389e-01 1.171051458878315366e+01 5.349034064536763253e+03
8.556108346084759786e-01 1.169548268171538474e+01 4.699804664527370733e+03
8.766746150591003817e-01 1.168113627862729764e+01 4.122995559747552761e+03
8.983717167995963759e-01 1.166886776876768828e+01 3.599056749734092136e+03
9.206882966449015937e-01 1.165707364717596128e+01 3.171002290758388426e+03
9.436535494417420677e-01 1.164694183839059427e+01 2.778266271303762096e+03
9.672483517099830230e-01 1.163634571499481574e+01 2.412877314731834304e+03
9.914844800421840354e-01 1.163018183805039207e+01 2.126986758022938830e+03
1.016365447516294207e+00 1.162248478351062708e+01 1.845318668316412413e+03
1.041869218048655732e+00 1.161839707503626151e+01 1.627651384481828018e+03
1.068009443216812571e+00 1.161268368644510396e+01 1.420236790798294805e+03
1.094770317628729561e+00 1.161255277141568776e+01 1.240463816601838062e+03
1.122134160433539085e+00 1.160977082248201775e+01 1.083253411706254838e+03
1.150088543008320752e+00 1.160963690658425662e+01 9.463324456648703062e+02
1.178623452590630949e+00 1.160583159499340233e+01 8.278269227126447731e+02
1.207723616426920721e+00 1.160638527077725435e+01 7.230393994378515572e+02
1.237353371364628085e+00 1.160803282003969450e+01 6.315539677396030811e+02
1.267507488871124632e+00 1.161073173018050397e+01 5.484321311365418978e+02
1.298150544395043626e+00 1.161270785194889754e+01 4.827316179930651288e+02
1.329260682648695679e+00 1.161866537953731893e+01 4.221737521781163878e+02
1.360805930242100947e+00 1.162166716636543207e+01 3.693285911640343784e+02
1.392761374970750810e+00 1.162487450598067973e+01 3.233792325300293555e+02
1.425088396497071752e+00 1.163296388454416075e+01 2.831992763309849579e+02
1.457752011566163741e+00 1.163837925529960771e+01 2.483999352834248668e+02
1.490722281852012276e+00 1.164376910744418048e+01 2.178190727441866841e+02
1.523966018762981323e+00 1.164758379713978975e+01 1.901147749151293453e+02
1.557227783032252066e+00 1.165292884486870406e+01 1.681595164865890411e+02
1.589012537772829914e+00 1.165962289021357279e+01 1.486536249865704917e+02
1.619029467737357786e+00 1.166141568512768956e+01 1.317209323867786850e+02
1.647445945098232389e+00 1.166234140574662348e+01 1.185463377985976479e+02
1.674319655243882154e+00 1.166071579062055008e+01 1.065955460230122895e+02
1.699767734219611137e+00 1.165801947406413674e+01 9.637120643160379529e+01
1.723931259599617682e+00 1.165029469326478662e+01 8.724209668864098433e+01
1.746680658783944518e+00 1.164401615964434100e+01 7.947734998251252136e+01
1.768293342313262739e+00 1.163087020300818963e+01 7.251214305992110098e+01
1.788782790198811590e+00 1.161714968360998412e+01 6.629456589170827385e+01
1.808169303427320740e+00 1.160187048383522601e+01 6.081378206190877478e+01
1.826532023497709822e+00 1.158431580132591243e+01 5.573895410015268936e+01
1.843915070968806580e+00 1.156472220999420308e+01 5.146097876074367861e+01
1.860357452428815783e+00 1.154270819700588824e+01 4.748169803001483302e+01
1.875894455729546273e+00 1.151931164996791424e+01 4.388212742229517005e+01
1.890574774421542648e+00 1.149340051087221859e+01 4.061808478748110929e+01
1.904419923401150960e+00 1.146636528483117345e+01 3.765442477192156190e+01
1.917469459157298273e+00 1.143790639957849820e+01 3.494684747544977910e+01
1.929751820221844216e+00 1.140766440262627945e+01 3.247674707542888939e+01
1.941283074364853478e+00 1.137615973710469142e+01 3.024387878854074785e+01
1.952100743075013467e+00 1.134324954421874843e+01 2.818073756959623921e+01
1.962224685856329698e+00 1.130890773150731476e+01 2.627903002779652653e+01
1.971668210354344364e+00 1.127299794152495593e+01 2.454993843664675524e+01
1.980459272429600182e+00 1.123527900795173373e+01 2.295357238354666052e+01
