2.191799393465098389e-01 1.550982308316407554e+01 3.683535669800713658e+06
2.242779526080200259e-01 1.531787796303982141e+01 3.301140691632222850e+06
2.295133851115534196e-01 1.512148116485476557e+01 2.940773152914022561e+06
2.348902358783828970e-01 1.497922923656341787e+01 2.669448038493088912e+06
2.404160112277189676e-01 1.477270197619932546e+01 2.350602845595835242e+06
2.460779681410925901e-01 1.463355590460130173e+01 2.120684885298376437e+06
2.518855530670931486e-01 1.446953882214174492e+01 1.888948808107750025e+06
2.578438225586345278e-01 1.431814172875108149e+01 1.685319771560991649e+06
2.639534930000967394e-01 1.418599401014927786e+01 1.506489978349158308e+06
2.702173861196115467e-01 1.406170969540399618e+01 1.348407696238716133e+06
2.766372534607030587e-01 1.393529758609185087e+01 1.206287220982992090e+06
2.832156398520997431e-01 1.381323014511032454e+01 1.079108700595850125e+06
2.899556140049348585e-01 1.370692429424262748e+01 9.659381371943097329e+05
2.968465841742649602e-01 1.360298256396257521e+01 8.642440639473274350e+05
3.039067051615010895e-01 1.350320716507269836e+01 7.731440570470836246e+05
3.111381161891128566e-01 1.341349263587733454e+01 6.922370949896076927e+05
3.185348557115357249e-01 1.331749256525841751e+01 6.194754608768268954e+05
3.260913486427540198e-01 1.324242155937322529e+01 5.553170831187707372e+05
3.338209306187261416e-01 1.315716737667121627e+01 4.943159427278244402e+05
3.417403476244827432e-01 1.307327697598313421e+01 4.457622935170530691e+05
3.498163670016973814e-01 1.300663337247691764e+01 3.989098582904320792e+05
3.580740090263564435e-01 1.293267749705263725e+01 3.574770614434363088e+05
3.665101289279177887e-01 1.285910170245870709e+01 3.209888621300302912e+05
3.751236476788519236e-01 1.280311187416702801e+01 2.870723757715849788e+05
3.839286282857000687e-01 1.274459896007036441e+01 2.572383063546466874e+05
3.928975724390921243e-01 1.268807834063244577e+01 2.307923179142586887e+05
4.020648548290432500e-01 1.263529947430667555e+01 2.069207509921828168e+05
4.114003804679443044e-01 1.258380911244102762e+01 1.854241379361579020e+05
4.209189865941458941e-01 1.253530082277769786e+01 1.664847783335973509e+05
4.306328452879548130e-01 1.248808889742073269e+01 1.495703490001012397e+05
4.405227355930735333e-01 1.244358865938139580e+01 1.344024460408073792e+05
4.506219026654535997e-01 1.239650221789436024e+01 1.203770208796494117e+05
4.608983697079347408e-01 1.236387889157971465e+01 1.080428033752124466e+05
4.713411212533667460e-01 1.232443911082992827e+01 9.719156557056870952e+04
4.819597818860303362e-01 1.228912458106450423e+01 8.730839193143791636e+04
4.927924872764925524e-01 1.225394162716012225e+01 7.838653176337869081e+04
5.037910429146696956e-01 1.222226702387922614e+01 7.036413099015875196e+04
5.149818617157829737e-01 1.219384663277754122e+01 6.276306601845390833e+04
5.263556069484877087e-01 1.216111114609663524e+01 5.695970323056555935e+04
5.379143039641105517e-01 1.213373053946897961e+01 5.115365119676946051e+04
5.496556495565054767e-01 1.210886222061641604e+01 4.618149829449719982e+04
5.615828283898319784e-01 1.208178458516151288e+01 4.152558750499314192e+04
5.736585925344439563e-01 1.205675382056933032e+01 3.739974397686767043e+04
5.859214063768310998e-01 1.203491207587830480e+01 3.368878412789986760e+04
5.983432781992855665e-01 1.201282317066331728e+01 3.034526927322075062e+04
6.109585780351556306e-01 1.199182816990287570e+01 2.734469805485204051e+04
6.238429982773727733e-01 1.196996024471395081e+01 2.461654938027851313e+04
6.369758674675536358e-01 1.194913092348430617e+01 2.222511654635670129e+04
6.504406539180320745e-01 1.193079151287752815e+01 2.000441176268236813e+04
6.642116483278249772e-01 1.191327025074271617e+01 1.799276459945659735e+04
6.783782740790937904e-01 1.189670638255882373e+01 1.617058835193815503e+04
6.929704254651045670e-01 1.187885900502926972e+01 1.453435271938551523e+04
7.079270958527128510e-01 1.186618103142599168e+01 1.292198870878238995e+04
7.233493094179370697e-01 1.185052280202927122e+01 1.170213806362876858e+04
7.392095753859569962e-01 1.183600642060443953e+01 1.049545966977581520e+04
7.555451060663239682e-01 1.182753131297539362e+01 9.373147682532571707e+03
7.723748349763790433e-01 1.181678154286973559e+01 8.389585966660133636e+03
7.896955477403871937e-01 1.180497474438819339e+01 7.495372737069945288e+03
8.075010336801129451e-01 1.179849776652785032e+01 6.693179469758996674e+03
8.258581777786804246e-01 1.179177877518639761e+01 5.982650992093080276e+03
8.447049431908407735e-01 1.178542926784096068e+01 5.327244258437343888e+03
8.640967146353012440e-01 1.178212401872534620e+01 4.744677795973953835e+03
8.840335385206258279e-01 1.177653593329891990e+01 4.227064656510711757e+03
9.045137350872517468e-01 1.177577825236545195e+01 3.770837331305548560e+03
9.255461422851224418e-01 1.177604753840830298e+01 3.322855867352941459e+03
9.471199125330622692e-01 1.177725087598419584e+01 2.976678317912211696e+03
9.692472669836349475e-01 1.177812797371384157e+01 2.649197094961106814e+03
9.919365686895834644e-01 1.177947175043147965e+01 2.356453693799780922e+03
1.015160304953858894e+00 1.178401259288920500e+01 2.092493230864827638e+03
1.038939875768004395e+00 1.178928649404714157e+01 1.862526813963725544e+03
1.063276249302984811e+00 1.179527386629506758e+01 1.653705213981969564e+03
1.088131485807637411e+00 1.180357154235140626e+01 1.467275739268643974e+03
1.113534012715263311e+00 1.181252323167359108e+01 1.293713256966306290e+03
1.139448901204417774e+00 1.182050699719831144e+01 1.157341055593426290e+03
1.165887532353630185e+00 1.183047338695785378e+01 1.028790947294920898e+03
1.192841585431613449e+00 1.184160281380681035e+01 9.068655329450815543e+02
1.220276435058498032e+00 1.185684901498478183e+01 8.115364923991814976e+02
1.248212384589475255e+00 1.186734069126240421e+01 7.216983974136647930e+02
1.276598598590896971e+00 1.188179974219529278e+01 6.409910490015500955e+02
1.305448888703377719e+00 1.189550032037394978e+01 5.701000374058651232e+02
1.334732571113502297e+00 1.191251890284243586e+01 5.070231269657749635e+02
1.364431423037182123e+00 1.192623669202056824e+01 4.483078285775957283e+02
1.394240681771613533e+00 1.194227746151366354e+01 3.993064551055696256e+02
1.424063499184566206e+00 1.195854377528148760e+01 3.594277665756446822e+02
1.453897606295283751e+00 1.197503436102915231e+01 3.205650988943731363e+02
1.483756495642408968e+00 1.199260204711294264e+01 2.867936398991383271e+02
1.513579279932635080e+00 1.200612222883311730e+01 2.570944297351996966e+02
1.543401476021772245e+00 1.202388476286676067e+01 2.305963430197211608e+02
1.573162535182343724e+00 1.203671904404288817e+01 2.071601055565330682e+02
1.602937550785724197e+00 1.205106851690826808e+01 1.863021459577914243e+02
1.632564035299852945e+00 1.206803047462822853e+01 1.676121290230648810e+02
1.662168674533117674e+00 1.207876072770782905e+01 1.510298515860373811e+02
1.691674525595083356e+00 1.209303906749302371e+01 1.362913267221112505e+02
1.721090606289959135e+00 1.210638366337927074e+01 1.229892589538128220e+02
1.750406741937523547e+00 1.211772022937067206e+01 1.111190817223859000e+02
1.779574960522642524e+00 1.212998052927637183e+01 1.000224342588693816e+02
1.808591653209286720e+00 1.214080537045512997e+01 9.102059333348667280e+01
1.837455894832977332e+00 1.215082868041884012e+01 8.244606232165079973e+01
1.866157385506673982e+00 1.216041302135115387e+01 7.477249391657203148e+01
1.894631220303603980e+00 1.216936266529287280e+01 6.788102510238262255e+01
