2.191799393465098389e-01 1.550982308316407554e+01 3.683535669800713658e+06
2.254122739372146078e-01 1.528216504745193305e+01 3.231544073291205335e+06
2.318530261686317095e-01 1.503303216132970554e+01 2.800362557126270141e+06
2.385030433920223847e-01 1.484173782430251975e+01 2.453290214622016065e+06
2.453724756397897000e-01 1.462784377709064287e+01 2.139594568579904269e+06
2.524511639054541345e-01 1.444856792982683302e+01 1.867654150254557608e+06
2.597530650895344406e-01 1.433797882851247074e+01 1.625494707581920549e+06
2.672818849497678451e-01 1.411725691779655101e+01 1.420197062509797048e+06
2.750408418563660695e-01 1.396507319329593244e+01 1.239386585815026658e+06
2.830349076687451171e-01 1.382080680282062701e+01 1.084448877688960405e+06
2.912689989491713538e-01 1.368633700082822990e+01 9.471214415739596589e+05
2.997352657305530910e-01 1.355770945574107778e+01 8.255995359519328922e+05
3.084502246423768135e-01 1.344162715465837010e+01 7.211160415837089531e+05
3.174324981582049565e-01 1.332907372400996771e+01 6.311836632431483595e+05
3.266203735417624876e-01 1.322539297301196370e+01 5.521655365367969498e+05
3.360864384240357938e-01 1.312806879168547880e+01 4.821989041518152808e+05
3.458100187357046051e-01 1.303613934166901700e+01 4.216093800193803036e+05
3.558174015589291028e-01 1.295086455289426119e+01 3.686777946002911776e+05
3.660504329819424529e-01 1.286947599480815718e+01 3.221287341788504273e+05
3.765606803709281025e-01 1.279458265281800067e+01 2.820238118776953197e+05
3.873463366769802074e-01 1.272227589464370290e+01 2.467578982063543226e+05
3.983984327266867354e-01 1.265479207017620844e+01 2.163633460172911873e+05
4.097337740950365292e-01 1.259277607561617884e+01 1.895374493182338483e+05
4.213174665379598172e-01 1.253155897728680834e+01 1.659028346464945062e+05
4.331975071796156374e-01 1.247804560521715089e+01 1.437132688406841189e+05
4.453585733623834919e-01 1.242462274504964270e+01 1.260251746128821687e+05
4.577707335963865365e-01 1.237428562101390561e+01 1.114379544549716957e+05
4.704805549526780428e-01 1.232970652080217278e+01 9.778145903487553005e+04
4.834358028023629239e-01 1.228669281702683591e+01 8.590646932620192820e+04
4.966928445441487483e-01 1.224210280534257045e+01 7.538134184544469463e+04
5.102124892731262351e-01 1.220293349452967036e+01 6.633025485607873998e+04
5.240087296262012639e-01 1.216837386664147758e+01 5.822434854838278261e+04
5.380798865169739154e-01 1.213348053903050605e+01 5.120338577834759053e+04
5.524234216270034192e-01 1.210233891409162155e+01 4.497267603188249632e+04
5.670496950357490906e-01 1.207035725750978550e+01 3.919923754435224691e+04
5.818750335017562891e-01 1.204136183506856206e+01 3.484953448526707507e+04
5.966359154412707033e-01 1.201495957702472772e+01 3.078831245715706245e+04
6.111133007053571875e-01 1.198872281046594779e+01 2.730744225409567298e+04
6.254756381033388379e-01 1.196385942804144875e+01 2.425093540550371472e+04
6.398072072914707809e-01 1.193801633942298501e+01 2.160546352968732390e+04
6.542184735439847687e-01 1.191439028778987819e+01 1.925595127927110661e+04
6.687778096623819835e-01 1.189015584216342702e+01 1.717288295126453886e+04
6.835291565910376343e-01 1.186540249537991798e+01 1.529690758028630080e+04
6.985504893265611637e-01 1.184167062928261593e+01 1.364377562674418550e+04
7.139177984718112491e-01 1.181970748759498058e+01 1.213911785261260047e+04
7.295339001642405785e-01 1.179188100882293000e+01 1.083906399239650273e+04
7.455840232883632623e-01 1.177351828603206130e+01 9.618788402135487559e+03
7.620328339379133231e-01 1.175024374873001243e+01 8.538838151708792793e+03
7.789112257847651266e-01 1.172898707485321346e+01 7.512479172719520648e+03
7.962416484938394934e-01 1.170697835934694986e+01 6.725643936831164865e+03
8.140726973821625911e-01 1.168588384319737550e+01 5.953880973714893116e+03
8.323799225313808225e-01 1.166635217040124139e+01 5.240989962577524238e+03
8.512043495781661528e-01 1.164729509094986959e+01 4.662814530533362813e+03
8.705627820419338248e-01 1.162907877496222042e+01 4.113897128821922706e+03
8.904578568036263242e-01 1.161196286427502145e+01 3.635534709942244262e+03
9.108973837985956390e-01 1.159640730522444585e+01 3.203382514014101616e+03
9.318913267391722988e-01 1.157702596882640123e+01 2.825105953655292524e+03
9.534479554669851309e-01 1.156440963487276896e+01 2.483524671498781572e+03
9.755511327715357117e-01 1.155112577386022465e+01 2.190022427405649523e+03
9.982236094987844144e-01 1.153732511419610418e+01 1.924905704032902349e+03
1.021436721197807262e+00 1.152594035097204817e+01 1.692600027099110548e+03
1.044919207517646109e+00 1.151821154807525716e+01 1.488625099927990277e+03
1.068493063259920772e+00 1.150456950437889070e+01 1.307897357352593644e+03
1.092148806171286957e+00 1.149325322883900036e+01 1.158990370276733302e+03
1.115882203748336909e+00 1.148455466732493413e+01 1.023881675683202843e+03
1.139701782302799060e+00 1.147497652247354338e+01 9.062045576909547435e+02
1.163634666546503382e+00 1.146453604091508360e+01 7.975222954470137893e+02
1.187616679144689158e+00 1.145828953909883552e+01 7.122573828378804137e+02
1.211704907982795509e+00 1.144409871432516645e+01 6.322530690428834532e+02
1.235854717573933836e+00 1.143713963349849472e+01 5.621413386974091964e+02
1.260072925080334860e+00 1.142725316968285654e+01 4.986502572870703034e+02
1.284365312079355226e+00 1.141711639980408677e+01 4.440159646813911536e+02
1.308703148985156828e+00 1.140211783320063077e+01 3.930563953423311432e+02
1.333113304821472056e+00 1.139240313362891932e+01 3.525589816283463733e+02
1.357503060356623381e+00 1.138031838961021869e+01 3.140573420701317104e+02
1.382013380246182033e+00 1.137177688853481783e+01 2.785629156304478897e+02
1.406355540896586653e+00 1.135708791554509212e+01 2.490042526896686468e+02
1.430760192217063409e+00 1.134482949029215426e+01 2.232397395039973844e+02
1.455148350007914093e+00 1.133251906075467907e+01 1.996284500948268317e+02
1.479506185358060888e+00 1.131917176622235566e+01 1.787660102898845764e+02
1.503760301354376550e+00 1.130522191210293492e+01 1.599454818940780854e+02
1.527917361014087261e+00 1.129063015917782842e+01 1.434910026137681314e+02
1.551987951676618405e+00 1.127629507582905966e+01 1.285171712594068083e+02
1.575930267741194379e+00 1.126194573087204098e+01 1.147763190100862261e+02
1.599827030527540828e+00 1.124593456453277973e+01 1.035523534495515037e+02
1.623365588254616743e+00 1.123000505263611970e+01 9.305898027199293665e+01
1.646810192503301629e+00 1.121386529789320186e+01 8.382723534521058184e+01
1.670051563986262533e+00 1.119676962517252683e+01 7.545858537097738861e+01
1.693045690651662438e+00 1.117945474089007973e+01 6.766372024033186960e+01
1.715889891219471775e+00 1.116097030736070828e+01 6.123722637140082270e+01
1.738280389444337271e+00 1.114238433607017420e+01 5.527956192986253825e+01
1.760466155567168789e+00 1.112345202222531881e+01 4.994306505972920718e+01
1.782342273385489895e+00 1.110362744172714144e+01 4.517117748780162145e+01
1.803883019136222954e+00 1.108356505924140656e+01 4.087825167401094717e+01
1.825067096962074142e+00 1.106328549899964742e+01 3.692344126094203460e+01
1.845882438565868977e+00 1.104210858134833728e+01 3.357713988258414872e+01
1.866318295777047664e+00 1.102083764007353750e+01 3.051640372847412408e+01
1.886406823223475637e+00 1.099830796993902915e+01 2.770524993265174629e+01
1.905933455290119927e+00 1.097422580238455936e+01 2.520242763748476733e+01
1.925077248100163896e+00 1.095171700370426926e+01 2.288638705204094137e+01
