2.191799393465098389e-01 1.550982308316407554e+01 3.683535669800713658e+06
2.243214486253580220e-01 1.530466697639139539e+01 3.293003337799461558e+06
2.295992309269316300e-01 1.511816476588829872e+01 2.934898632645223755e+06
2.350257618284633809e-01 1.493928648623287359e+01 2.630253733849327546e+06
2.406159991526312103e-01 1.477175614570543516e+01 2.353200410518978722e+06
2.463166783126426451e-01 1.460813098471601457e+01 2.094170605316971429e+06
2.521792526763744213e-01 1.445826558464535516e+01 1.876241207548264647e+06
2.581958895421747613e-01 1.431467142297088380e+01 1.677708661800699774e+06
2.643658990981105350e-01 1.417789437635535243e+01 1.496199192803673679e+06
2.706925895057035736e-01 1.404632701690974450e+01 1.340494235479862429e+06
2.771782041789603857e-01 1.392549543601120021e+01 1.195499157522860449e+06
2.838257627739693145e-01 1.381035154793993236e+01 1.068127116899155779e+06
2.906408621192045350e-01 1.370159794373535433e+01 9.461065682805926772e+05
2.976016053822426732e-01 1.359837806580519448e+01 8.540220582125590881e+05
3.047420334704585287e-01 1.349027576708100717e+01 7.652969148977613077e+05
3.120520457959282679e-01 1.339768524274754924e+01 6.832523582692897180e+05
3.195251757348022692e-01 1.331322554397147151e+01 6.108743673257966293e+05
3.271836654910397213e-01 1.322649055158592546e+01 5.467476612339853309e+05
3.350005096250471825e-01 1.314500153496844526e+01 4.890033421002225368e+05
3.430079448316981083e-01 1.306093786297474324e+01 4.377136955811679363e+05
3.511835267613505063e-01 1.298934611604814471e+01 3.922872884385421057e+05
3.595428141430351276e-01 1.291486488545725209e+01 3.503044483788145008e+05
3.680731181865254942e-01 1.285434936645890858e+01 3.144553619442955824e+05
3.767935615757304069e-01 1.279074210628432517e+01 2.812526824295787374e+05
3.857016579805089274e-01 1.273165700547727575e+01 2.520145797248485324e+05
3.947908951563823821e-01 1.267511749463996651e+01 2.258957501054741151e+05
4.040564838597684449e-01 1.262250284362015762e+01 2.021842127296712133e+05
4.135162577548602836e-01 1.256736756308793979e+01 1.810584012394060846e+05
4.231655964026838634e-01 1.252484186628218765e+01 1.621742314604721905e+05
4.330039407850985733e-01 1.247647508372424774e+01 1.456203323749302654e+05
4.430250113715688554e-01 1.243200025948000942e+01 1.305418347715124692e+05
4.532377403211805822e-01 1.239485820219614531e+01 1.169145584843994584e+05
4.636599228074330115e-01 1.235240044768942980e+01 1.041375681952332088e+05
4.742425561554071689e-01 1.231685456831909775e+01 9.405285789481220127e+04
4.850060149048789349e-01 1.228021860921861119e+01 8.448919143676941167e+04
4.959741384705158018e-01 1.224449347659378873e+01 7.595282427349680802e+04
5.071222532971692010e-01 1.221485497938052589e+01 6.815389831995312124e+04
5.184712094104081404e-01 1.218261627150846316e+01 6.069355294015674735e+04
5.299890761107407533e-01 1.215403095475890716e+01 5.510161217504653905e+04
5.417028518016400174e-01 1.212445144506204997e+01 4.949748539210609306e+04
5.536035491251621865e-01 1.209913573403693299e+01 4.454358610132063041e+04
5.656921465248546665e-01 1.207357129133375295e+01 4.000141909750875493e+04
5.779220065853406529e-01 1.205074862303817973e+01 3.605220325944462093e+04
5.903636495150486052e-01 1.202451285635516243e+01 3.246861380488157010e+04
6.029695794827943933e-01 1.200432115255946819e+01 2.916177154524945945e+04
6.157827086578947506e-01 1.198274900904108975e+01 2.631103625004546120e+04
6.288893775351612758e-01 1.196273716089159755e+01 2.367425260029385754e+04
6.422945850622072683e-01 1.194293295425362444e+01 2.130263922153338353e+04
6.560585100446381102e-01 1.192464018771403467e+01 1.912838264025929675e+04
6.701339426601163884e-01 1.190793116228227966e+01 1.719586610555154766e+04
6.846642914477272246e-01 1.188870769093471225e+01 1.544760873724286284e+04
6.995648979020767655e-01 1.187241059754652461e+01 1.386131943463392054e+04
7.149242273150412386e-01 1.186060270110806947e+01 1.234568817640125235e+04
7.307702033428892241e-01 1.184656300575401922e+01 1.111544270376606073e+04
7.470380834411444182e-01 1.183398007420196585e+01 9.953805945881465959e+03
7.638318912641040015e-01 1.182373937078383364e+01 8.890467710935779905e+03
7.811207441662764150e-01 1.181189082020337366e+01 7.940886126391604193e+03
7.989117523577782265e-01 1.180421730075953235e+01 7.075992909145049452e+03
8.172333804089256803e-01 1.179665349249943596e+01 6.303584484120849993e+03
8.360908252789315265e-01 1.179052935021230653e+01 5.628203500337238438e+03
8.554997904842530643e-01 1.178657773968980749e+01 5.005000048692616474e+03
8.754475572870504818e-01 1.178205005372054970e+01 4.453843843179262876e+03
8.959650096576881051e-01 1.178100344217276430e+01 3.963945942591865332e+03
9.170355422767663134e-01 1.177853095466969435e+01 3.491043285839635701e+03
9.386741003983604115e-01 1.177822434661558582e+01 3.127992332484785948e+03
9.608041647436099675e-01 1.178060879728815813e+01 2.779973897161782588e+03
9.831543082506201126e-01 1.178259203522019050e+01 2.470296330775028309e+03
1.005729171401651190e+00 1.178705188638561374e+01 2.200525220466039173e+03
1.028555889813238311e+00 1.178975529512592324e+01 1.962748101940458582e+03
1.051595911012669138e+00 1.179850443799834991e+01 1.750252149572292865e+03
1.074876445087723065e+00 1.180315921608888807e+01 1.562720644850683584e+03
1.098398426044902454e+00 1.180475374442123382e+01 1.396075956600313248e+03
1.122154059834970852e+00 1.181097934917995929e+01 1.248789407315723565e+03
1.146176171103532315e+00 1.181681966612740808e+01 1.116891205813370107e+03
1.170397751437164846e+00 1.182563802451709023e+01 9.996190329275784734e+02
1.194868873368575279e+00 1.183002466145370946e+01 8.953041223538764370e+02
1.219577714215617226e+00 1.183927094731935625e+01 8.021692400868973891e+02
1.244504552165873301e+00 1.184157819837188086e+01 7.194993152333768194e+02
1.269646712399779442e+00 1.185054083601837682e+01 6.406909641766934556e+02
1.295013708751924897e+00 1.186032039436491559e+01 5.787206479750686867e+02
1.320563099372723315e+00 1.186383586430371295e+01 5.199237559280218193e+02
1.346306877241579381e+00 1.187374504735740643e+01 4.673141816421110093e+02
1.372241777339155089e+00 1.187864777381523496e+01 4.197419231306803908e+02
1.398334450531767192e+00 1.188476381270373849e+01 3.776370741155685096e+02
1.424598062141077648e+00 1.189243651884270392e+01 3.374816933928244680e+02
1.450992358339016075e+00 1.189931117197523314e+01 3.055120710161365309e+02
1.477677005132096211e+00 1.190927251516602858e+01 2.751073113158525985e+02
1.504162039325898315e+00 1.191405918078319459e+01 2.479868870281704858e+02
1.530909382632769322e+00 1.191932631867238790e+01 2.224887544154775583e+02
1.557747717794801812e+00 1.192641610835593013e+01 2.017397029463932938e+02
1.584655287068182927e+00 1.193352588170800743e+01 1.821102419355268012e+02
1.611604049902663816e+00 1.193747747127851433e+01 1.644198887058183800e+02
1.638593156716146915e+00 1.194269751294742754e+01 1.486105427801812766e+02
1.665606899123396323e+00 1.194799043538861305e+01 1.343788367224203455e+02
1.692603542725742205e+00 1.195369010602431814e+01 1.215638786355306138e+02
1.719587849045667305e+00 1.195793182554774070e+01 1.095073402591505101e+02
1.746527577065380976e+00 1.196156139305903743e+01 9.969156721506253405e+01
1.773414482502084999e+00 1.196661327399526797e+01 9.030572676039247426e+01
1.800221266477231463e+00 1.197059439901014777e+01 8.203802745624959414e+01
1.826934202482009884e+00 1.197303819667551927e+01 7.442400694092896174e+01
