2.191799393465098389e-01 1.550982308316407554e+01 3.683535669800713658e+06
2.256463355631907475e-01 1.527063408019702351e+01 3.202003553784385789e+06
2.323314060211900955e-01 1.503185294236157254e+01 2.777482750204976182e+06
2.392433147567154250e-01 1.481891276027615589e+01 2.416676129084013402e+06
2.463864311565778509e-01 1.460760208991513132e+01 2.091663204198913416e+06
2.537603519253391893e-01 1.442423251006776574e+01 1.826061703883346636e+06
2.613740172832684228e-01 1.424576473992017611e+01 1.578226708238849184e+06
2.692322962328010383e-01 1.407399678283671918e+01 1.371353242067825748e+06
2.773385587663034224e-01 1.392034891961389320e+01 1.195248351311781676e+06
2.857000007746191006e-01 1.377692586672331210e+01 1.035239625047260197e+06
2.943126840900981422e-01 1.364273849016788276e+01 9.006335420466248179e+05
3.032001582819093266e-01 1.351945279824245283e+01 7.840895574691379443e+05
3.123167865518262643e-01 1.338948901778373823e+01 6.806317127868981333e+05
3.217233140474105024e-01 1.328658090706943895e+01 5.923081266226430889e+05
3.314015391597689986e-01 1.319384063719137679e+01 5.142297632753365906e+05
3.413745067871071237e-01 1.307969993118242513e+01 4.475725766756100347e+05
3.515910464490282217e-01 1.299073183639470663e+01 3.895004869745604228e+05
3.620936478015269744e-01 1.290309637851076197e+01 3.391537928690950503e+05
3.728875891415624477e-01 1.281921239018684489e+01 2.953679104532668134e+05
3.839811790902615263e-01 1.274227970848683000e+01 2.571922104174828564e+05
3.953528622953962346e-01 1.267164225269011624e+01 2.239941959020612121e+05
4.070130315296235368e-01 1.260562706967312252e+01 1.950932162458787207e+05
4.189635826895581894e-01 1.254442744459037051e+01 1.704147752955909236e+05
4.312187012862052637e-01 1.248503555858492398e+01 1.485366262936187268e+05
4.437765259288966035e-01 1.242888257462824342e+01 1.295626963026090234e+05
4.566131924122308616e-01 1.238156155199341946e+01 1.131431654436071840e+05
4.697640397885925467e-01 1.233012646823556757e+01 9.868797700727678603e+04
4.831790014965118840e-01 1.228474094459433275e+01 8.605964835971409047e+04
4.969173292678568665e-01 1.224173558214945245e+01 7.517306693382891535e+04
5.109383946582074509e-01 1.220133435941110278e+01 6.582377915948380542e+04
5.252559669060627989e-01 1.216584176051558153e+01 5.756987998219979636e+04
5.398679697620466511e-01 1.212963699511762883e+01 5.040195510317976732e+04
5.547741438392058688e-01 1.209639777767482549e+01 4.405727205393674376e+04
5.699744342730266311e-01 1.206460070958620534e+01 3.856864318268141506e+04
5.853836245759369561e-01 1.203671523011211697e+01 3.380247042253408290e+04
6.005534358082895707e-01 1.200548124736797462e+01 2.962721469361395793e+04
6.154970344652952452e-01 1.198152591065804629e+01 2.633188437330594388e+04
6.303200729955218407e-01 1.195549560688902524e+01 2.331795199076282006e+04
6.451370754551194464e-01 1.192807516693287084e+01 2.070552126266228879e+04
6.600699510132902459e-01 1.190432341628005375e+01 1.838653414594100832e+04
6.751727282975114042e-01 1.187809306472937543e+01 1.633239830967562921e+04
6.905456383715482538e-01 1.185450054162726730e+01 1.450254009789401425e+04
7.061614356316460173e-01 1.182880915442617642e+01 1.284933481952095281e+04
7.221393478183288916e-01 1.180568841766164212e+01 1.133350166513065051e+04
7.385540629315009431e-01 1.178046842183539056e+01 1.010754303863284804e+04
7.552830505548133733e-01 1.175667084945484575e+01 8.947205857071216087e+03
7.724871511022836090e-01 1.173500142769801968e+01 7.912801624032535074e+03
7.901873514739974347e-01 1.171105830932451752e+01 7.001984469385761258e+03
8.084776689821079332e-01 1.169076377113289311e+01 6.166304096892234156e+03
8.271176778248421346e-01 1.166891033960840041e+01 5.446361911011016673e+03
8.463851133091285783e-01 1.164776387307676941e+01 4.795871269851648321e+03
8.662062229991961404e-01 1.162791457056113842e+01 4.220237201951252246e+03
8.865987704811192360e-01 1.160952914759978505e+01 3.711893585080537832e+03
9.075727781058102739e-01 1.159144528837108901e+01 3.260154625230955389e+03
9.291344391355639276e-01 1.157601529946420982e+01 2.860732347713864783e+03
9.513027654156803736e-01 1.155971890799615664e+01 2.505488301562440938e+03
9.740356070427784729e-01 1.154522249866250228e+01 2.196938395159037555e+03
9.973774567849795769e-01 1.153064614689365364e+01 1.924015205881919883e+03
1.021307854223493239e+00 1.151756747429260841e+01 1.685242683778994660e+03
1.045831530844923751e+00 1.150620980717250852e+01 1.473844083047811182e+03
1.070928139868009055e+00 1.149537944900873754e+01 1.290135440020553460e+03
1.096595367528803600e+00 1.148552759103667320e+01 1.127091503917372847e+03
1.122814778228034216e+00 1.147605153015128465e+01 9.859569010171400123e+02
1.149577655282413513e+00 1.146803987889400211e+01 8.619175089851812572e+02
1.176854803040263908e+00 1.146090801334545084e+01 7.540720021796272476e+02
1.204655208855081483e+00 1.145841712031790749e+01 6.538965976534399260e+02
1.232918557787471503e+00 1.145219891730158857e+01 5.759258092356208181e+02
1.261648677226357762e+00 1.144695942613372708e+01 5.042023787708006921e+02
1.290808388587289635e+00 1.143858109804201817e+01 4.383830051589307004e+02
1.320374037379615340e+00 1.143818796647422609e+01 3.857047485004577538e+02
1.350316388911428467e+00 1.143212575185597046e+01 3.358334117529888090e+02
1.380609051399731335e+00 1.142930755446821145e+01 2.960754707217479904e+02
1.411204068501794362e+00 1.142613717029551879e+01 2.594346960990480966e+02
1.442077087720586404e+00 1.142527841025071922e+01 2.278064450109055485e+02
1.473191932282531313e+00 1.142171525156548917e+01 1.996998712332365074e+02
1.504515908966791660e+00 1.141987839934097870e+01 1.755651673363154259e+02
1.535341996720014368e+00 1.141963232913738224e+01 1.547014818749375138e+02
1.564295678025289460e+00 1.141491463313256105e+01 1.374030612007190655e+02
1.591429671931703593e+00 1.140945889832854654e+01 1.227642508503426342e+02
1.616871338089139076e+00 1.140252717907611313e+01 1.103652553634927642e+02
1.640715858580913400e+00 1.139587876360412189e+01 9.959884300469781238e+01
1.663076647207696990e+00 1.138088773134838938e+01 9.025134264349857460e+01
1.684057873435421682e+00 1.136652532504688295e+01 8.223023707739619681e+01
1.703716242010967052e+00 1.134998046930048332e+01 7.514413362879191993e+01
1.722165375237140195e+00 1.133082645404863698e+01 6.882110833223754298e+01
1.739440384855225785e+00 1.130912887867189198e+01 6.325600715086081038e+01
1.755631719426563597e+00 1.128609720493380841e+01 5.819598189397862598e+01
1.770778760474279068e+00 1.126070271085684737e+01 5.375289609887318676e+01
1.784936876130887695e+00 1.123402050938042507e+01 4.966976766124901133e+01
1.798169934500020828e+00 1.120481955033378441e+01 4.603437574722629932e+01
1.810506652997833754e+00 1.117419458191258208e+01 4.271429328552425631e+01
1.821988300158685625e+00 1.114175989436757241e+01 3.954573289723486340e+01
1.832677036522359471e+00 1.110812518606182664e+01 3.693350932720613145e+01
1.842549212562660799e+00 1.107245795931982357e+01 3.445279761655302764e+01
1.851693572497743245e+00 1.103580260876827346e+01 3.215027766768507433e+01
1.860112526254910303e+00 1.099770778671676474e+01 3.007284455999482375e+01
1.867846631609766828e+00 1.095762204303308174e+01 2.803610445098667014e+01
1.874918501852729236e+00 1.091668513012794506e+01 2.635412294806898359e+01
1.881459538877749527e+00 1.087560185527725309e+01 2.470836844106805685e+01
1.887136431724754537e+00 1.083093494489111386e+01 2.313357178461746599e+01
