2.191799393465098389e-01 1.550982308316407554e+01 3.683535669800713658e+06
2.253813356219475650e-01 1.528045073976293899e+01 3.236197137447940651e+06
2.317901241710890459e-01 1.507501810259325659e+01 2.803216751479084603e+06
2.384056688509858524e-01 1.487453659704681286e+01 2.448034053378954530e+06
2.452394610057786473e-01 1.464046699893697401e+01 2.137556138173999730e+06
2.522786255211895146e-01 1.444756144890963157e+01 1.868276365890010260e+06
2.595399149641657854e-01 1.428397182991106540e+01 1.633012546395278303e+06
2.670254343143637632e-01 1.412420819924602355e+01 1.426737569055510219e+06
2.747391270129268537e-01 1.397457365307706745e+01 1.247441515529134544e+06
2.826850215236571540e-01 1.382669444970712291e+01 1.089032870770883514e+06
2.908680943439218014e-01 1.369373976334986942e+01 9.520598884226272348e+05
2.992817661381859118e-01 1.356880427646261111e+01 8.315596808000364108e+05
3.079427797833937386e-01 1.344734282755156229e+01 7.273151696005242411e+05
3.168478876281058954e-01 1.333742160582978009e+01 6.353926080300085014e+05
3.259924549995111831e-01 1.323450028968860792e+01 5.561068984162369743e+05
3.353976028554430666e-01 1.313692067796753982e+01 4.871477333050796296e+05
3.450561683388888023e-01 1.304647268830018980e+01 4.260817382008195273e+05
3.549812988425664617e-01 1.295704273332134271e+01 3.730150069402848603e+05
3.651590364191171223e-01 1.287732057335355762e+01 3.262742689669110114e+05
3.755921156062766997e-01 1.279691719129518468e+01 2.848045077474551508e+05
3.863020046448993328e-01 1.272824726780810423e+01 2.498329611611431174e+05
3.972901460276422325e-01 1.266236063215292518e+01 2.187494985163295933e+05
4.085216148616090948e-01 1.259838123090156436e+01 1.923300661858377862e+05
4.200384163964227535e-01 1.253806316006576083e+01 1.663984269927339919e+05
4.318146075355872027e-01 1.248284599585951682e+01 1.476732050225115672e+05
4.438863215983090416e-01 1.243111477415808075e+01 1.292053283657660359e+05
4.562064838937998634e-01 1.238053272757865386e+01 1.135217852892652445e+05
4.688228530230062474e-01 1.233387119698369006e+01 9.972509371745432145e+04
4.816833138914775048e-01 1.228990006774454358e+01 8.751070355759195809e+04
4.948410078898040076e-01 1.224941755775689778e+01 7.605147028813359793e+04
5.082512879209315493e-01 1.221120265501978430e+01 6.741345987300068373e+04
5.219419907777200773e-01 1.217107868426372619e+01 5.938188445324695931e+04
5.359048130628751849e-01 1.213862258157057106e+01 5.207664792592030426e+04
5.501367619013977084e-01 1.210843173826762609e+01 4.590503164789692528e+04
5.646414345337825713e-01 1.207577448700350153e+01 4.040034514017366018e+04
5.793676732574446486e-01 1.204742847158060570e+01 3.558175356055895099e+04
5.943695443762194719e-01 1.201881444834175916e+01 3.138244516574137378e+04
6.096193481402674141e-01 1.199126089842941489e+01 2.769700530686431375e+04
6.252438877083280611e-01 1.196823967203949834e+01 2.434379880993486586e+04
6.412531073391302128e-01 1.194355498435265872e+01 2.147777559866565934e+04
6.577840277192447127e-01 1.192201130180629676e+01 1.886911648395890006e+04
6.747691742173603791e-01 1.190087799159521431e+01 1.662361441692151493e+04
6.923756858241324474e-01 1.188029030875146042e+01 1.459347277223847595e+04
7.105846269139567406e-01 1.186264271852703800e+01 1.280430047310580630e+04
7.294429622368674426e-01 1.184713550112819291e+01 1.120738770644246870e+04
7.490046327625470290e-01 1.183190434119357981e+01 9.803654642134946698e+03
7.691689640326047073e-01 1.181658298699535514e+01 8.562469031476759483e+03
7.893448649449242849e-01 1.180460723192640948e+01 7.509711776884173560e+03
8.093392939745351899e-01 1.179506523684574049e+01 6.607742417246869081e+03
8.292072129379092216e-01 1.178485409912672743e+01 5.829862489525582532e+03
8.489991640695783159e-01 1.177610305671034752e+01 5.111563321246541818e+03
8.687543494843651404e-01 1.176469882946534184e+01 4.541887076084658474e+03
8.885257233881519445e-01 1.175206792837182057e+01 4.053540610756605929e+03
9.083265661882875541e-01 1.174391158927861767e+01 3.601376264808756787e+03
9.282236543358629577e-01 1.173242011248506245e+01 3.205229958152514428e+03
9.481862923757669037e-01 1.172222581245638828e+01 2.848304308878118263e+03
9.682892498225911249e-01 1.171129467827844728e+01 2.535161243993684366e+03
9.885358892910155459e-01 1.169939577961295996e+01 2.262406639872470350e+03
1.008926821698672871e+00 1.168722508528594162e+01 2.012688442936930869e+03
1.029475911825906476e+00 1.167631295408752834e+01 1.793996854966095498e+03
1.050213529134272905e+00 1.166438077834811970e+01 1.600500304968013779e+03
1.071128650378788238e+00 1.165215977962748717e+01 1.426836932054591671e+03
1.092233280150137098e+00 1.164168358578936235e+01 1.272584967432652093e+03
1.113656454581073652e+00 1.162845909448716419e+01 1.134923757000700789e+03
1.135032433346594205e+00 1.161332110425848541e+01 1.013678522828307678e+03
1.156732599885274881e+00 1.159986234588482645e+01 9.055206352583043099e+02
1.178590487658238484e+00 1.158995092472121158e+01 8.078854172014223423e+02
1.200650289710953444e+00 1.157461753165705076e+01 7.210079596124894579e+02
1.222896772263506016e+00 1.156128999554055703e+01 6.430424877446912433e+02
1.245311311705863178e+00 1.154984622689476481e+01 5.724565738440187488e+02
1.267896355229146899e+00 1.153267799928659265e+01 5.134308059618018660e+02
1.290620582970205765e+00 1.151786464626471229e+01 4.588876723549669805e+02
1.313502053584025608e+00 1.150282754333789548e+01 4.100074093364042369e+02
1.336602760298496673e+00 1.148941362016016399e+01 3.666487705814990363e+02
1.359616806625184804e+00 1.147457507755304107e+01 3.276675576490290496e+02
1.382830278948339320e+00 1.146069271638172005e+01 2.928775578401263147e+02
1.406125567672560805e+00 1.144583210161781395e+01 2.621642170708386743e+02
1.429478471022828767e+00 1.143061748792066545e+01 2.348139114328385801e+02
1.452877190878739233e+00 1.141148295777812116e+01 2.090271122270321484e+02
1.476292845565822631e+00 1.139651583685845004e+01 1.881760172294263214e+02
1.499719292094956025e+00 1.137873882683941140e+01 1.678985925809693640e+02
1.523126978517935104e+00 1.136272309073001985e+01 1.513253266325115192e+02
1.546490509807251890e+00 1.134443112905061746e+01 1.358983787647469228e+02
1.569796437147594759e+00 1.132684758161655481e+01 1.220376373250627609e+02
1.593016150119537899e+00 1.130909193478051478e+01 1.096588224703036900e+02
1.616127271802778820e+00 1.129105294121637115e+01 9.860027520128438994e+01
1.639108890878686831e+00 1.127276274217722651e+01 8.862284191366346420e+01
1.661929034129262295e+00 1.125410882333377316e+01 7.985040145894123498e+01
1.684579681806717355e+00 1.123395170298160473e+01 7.191224876078491945e+01
1.707025516774682616e+00 1.121415283513837302e+01 6.488538939847995834e+01
1.729250003768655564e+00 1.119376104635453650e+01 5.855657066807206235e+01
1.751226275127142573e+00 1.117325551421713214e+01 5.286095529444929753e+01
1.772934434497672074e+00 1.115248704960184511e+01 4.779396946818584979e+01
1.794353988459151505e+00 1.113083948095233211e+01 4.325664425650119682e+01
1.815458678289107119e+00 1.110845235353657756e+01 3.916544705145585681e+01
1.836232202163356142e+00 1.108652618153537439e+01 3.549191516223791609e+01
1.856656652145523001e+00 1.106349743760614857e+01 3.210244386218553814e+01
1.876703006247049554e+00 1.104042288836966357e+01 2.924481905757159339e+01
1.896362965797961042e+00 1.101712389019342453e+01 2.660136897810049561e+01
1.915611035348969704e+00 1.099210001987127683e+01 2.422227500932605082e+01
