2.191799393465098389e-01 1.550982308316407554e+01 3.683535669800713658e+06
2.250652966206687089e-01 1.527665447967007140e+01 3.238831927071868442e+06
2.311184818214117309e-01 1.509976633191248574e+01 2.844443276394181419e+06
2.373801638580798901e-01 1.487057838613329075e+01 2.507002375126344617e+06
2.438176533894204356e-01 1.470373144406959831e+01 2.218372224681307096e+06
2.504450195160660142e-01 1.449829887840901677e+01 1.937931390400729841e+06
2.572726371065870987e-01 1.433470307405262290e+01 1.701851049060085323e+06
2.643004616944216179e-01 1.417611768327801336e+01 1.496822876249728259e+06
2.715333012249673272e-01 1.402897182938064802e+01 1.321472389980284264e+06
2.789726773218932365e-01 1.389366173958621253e+01 1.159860016337052220e+06
2.866241361483043426e-01 1.376086468263683749e+01 1.019303950013698894e+06
2.944832363213748527e-01 1.363918976254146109e+01 8.977117783156284131e+05
3.025547698835581722e-01 1.351960391091013491e+01 7.907966604501601541e+05
3.108511383955168128e-01 1.340963968101580228e+01 6.951351612281248672e+05
3.193678029374108496e-01 1.331536729224252014e+01 6.113782758706017630e+05
3.281191527249118223e-01 1.321192916021673547e+01 5.359929109138195636e+05
3.370840776906976477e-01 1.312138845051184255e+01 4.702792363698457484e+05
3.462760544898387804e-01 1.303159871338307241e+01 4.194326646287834737e+05
3.557286829026382602e-01 1.295127583436834406e+01 3.683962716182259028e+05
3.653809095762018955e-01 1.287386531629906905e+01 3.230131458138994058e+05
3.752742205492252126e-01 1.280477538600676723e+01 2.865634861012456822e+05
3.854215826232447184e-01 1.273308372866629412e+01 2.528351040349086979e+05
3.958063028913544334e-01 1.267114793304112119e+01 2.232506151705378143e+05
4.064242744831974008e-01 1.260928035963365090e+01 1.967246244185265678e+05
4.172948668680590001e-01 1.255055244114294943e+01 1.734449136861095030e+05
4.284012001932493430e-01 1.249663189957414211e+01 1.531620935355635011e+05
4.397491824062906285e-01 1.244850599095023291e+01 1.353084291746185045e+05
4.513636601240554325e-01 1.239939130432781766e+01 1.194418894999777549e+05
4.632229929621124453e-01 1.236183883227336544e+01 1.055069553975983436e+05
4.753079342897004733e-01 1.231115872496357078e+01 9.320624361166912422e+04
4.876540139483886427e-01 1.227346861399799849e+01 8.230900497512215225e+04
5.002155469130543652e-01 1.223179380705667540e+01 7.283565322130511049e+04
5.130381650060925613e-01 1.219643371982141566e+01 6.388119868646475516e+04
5.261099447758171843e-01 1.216391180969103125e+01 5.706393832060626301e+04
5.394228752442662422e-01 1.213120441994101917e+01 5.062111907892007730e+04
5.529806295153338880e-01 1.210067694675429451e+01 4.479540556882199598e+04
5.667819232215252079e-01 1.206894758172389537e+01 3.964477125083940336e+04
5.807741967717112708e-01 1.204388065818732478e+01 3.515689803263548674e+04
5.947487154972518342e-01 1.201843114381661870e+01 3.123810667239363465e+04
6.085361829322253335e-01 1.199289740213784050e+01 2.789559006506505466e+04
6.221738012442382670e-01 1.196864372554783884e+01 2.494006735506721088e+04
6.358162750810750774e-01 1.194440633569200116e+01 2.234114601338826105e+04
6.495354921627286560e-01 1.192338978587291898e+01 2.001350285891747626e+04
6.633927500187625226e-01 1.189985041326371729e+01 1.781681358019157415e+04
6.774383892775872607e-01 1.187738516713142189e+01 1.607196833671322565e+04
6.917086396122413827e-01 1.185559770618863773e+01 1.440219468866817624e+04
7.062777938591667803e-01 1.183333168715400596e+01 1.289269490054833841e+04
7.210992305700494320e-01 1.180964803002636465e+01 1.155122989901770052e+04
7.362791383064986039e-01 1.179043614061117040e+01 1.031862272621099146e+04
7.518334131122050845e-01 1.176924870723227556e+01 9.220642881852618302e+03
7.677661633589292212e-01 1.174921803310794566e+01 8.234183984658819099e+03
7.841116552183176047e-01 1.172768433214780970e+01 7.351947705742121798e+03
8.008995206086275687e-01 1.170990009139449306e+01 6.550752167497733353e+03
8.181139364781045975e-01 1.169065820609703366e+01 5.837731928142357901e+03
8.357991106117452773e-01 1.167470189253582369e+01 5.193721634172375161e+03
8.539588452352536718e-01 1.165450098452807737e+01 4.618626334568309176e+03
8.726072918796011768e-01 1.164085942184518707e+01 4.104050428801964699e+03
8.917500181531017311e-01 1.162603591753127574e+01 3.640802780364224418e+03
9.113809495923050896e-01 1.161094761493176364e+01 3.231637773268852015e+03
9.312813475037645672e-01 1.159764278101025248e+01 2.872273695987168139e+03
9.513944929752957691e-01 1.158530132570238891e+01 2.548263409350010534e+03
9.717653716510057382e-01 1.157675027344849461e+01 2.263161205488352152e+03
9.923471021358094557e-01 1.155887128503254502e+01 2.014786810936496067e+03
1.013198647685563225e+00 1.155038528333178149e+01 1.792128993942712896e+03
1.034227992450748479e+00 1.153555943035771136e+01 1.585023483359931561e+03
1.055529697664528976e+00 1.152486883335796186e+01 1.421083424317282379e+03
1.077076440965841542e+00 1.151726797028540972e+01 1.265703372586034448e+03
1.098916638856076045e+00 1.150335931206491402e+01 1.127250885561120185e+03
1.120903394337971593e+00 1.149599605313489192e+01 1.004124053715104083e+03
1.143175738346935422e+00 1.148314943074600514e+01 8.922105697285380757e+02
1.165674189829358776e+00 1.147258489134719106e+01 7.993977180553794142e+02
1.188394380350953128e+00 1.146372584404440786e+01 7.130082287778033105e+02
1.211355793267598235e+00 1.145679827352887692e+01 6.358668570871706152e+02
1.234480641411053625e+00 1.144492008985789688e+01 5.673207584748464569e+02
1.257820923239340472e+00 1.143464335811536792e+01 5.066752840730745788e+02
1.281337195401603068e+00 1.142435911789517178e+01 4.527750474319084901e+02
1.305021139412644748e+00 1.141359608869262132e+01 4.046847181089377727e+02
1.328864074207095847e+00 1.140510255387827243e+01 3.612153790609763178e+02
1.352838470948930061e+00 1.139570804053953168e+01 3.234114839463802582e+02
1.376940264728001573e+00 1.138838526338949819e+01 2.894682773112043037e+02
1.401147870652077465e+00 1.137530685559586274e+01 2.591636647198648689e+02
1.425436884818364502e+00 1.136735968022820664e+01 2.319542741911195947e+02
1.449801599560636811e+00 1.135797480410719196e+01 2.078641930937481845e+02
1.474210186502369124e+00 1.134557012977803936e+01 1.864502427452433437e+02
1.498721449760035851e+00 1.133514867845772400e+01 1.671542957415659600e+02
1.523099875366752842e+00 1.132424351388624828e+01 1.500381434481641350e+02
1.547529742256162688e+00 1.131391128386572120e+01 1.346160289104632000e+02
1.571932370652498800e+00 1.130247075967055004e+01 1.211426850260009047e+02
1.596264526627422020e+00 1.129116501058365074e+01 1.089661382796973754e+02
1.620585942898062015e+00 1.128013795699413357e+01 9.794266196374569233e+01
1.644679768500288741e+00 1.126776268156094751e+01 8.829948449718064296e+01
1.668710372482014703e+00 1.125581518214878507e+01 7.956569053686696691e+01
1.692595555442798494e+00 1.124315589190643472e+01 7.178320332656670644e+01
1.716304370830597170e+00 1.123022047331126316e+01 6.476989651761863342e+01
1.739877457272017258e+00 1.121673637855816885e+01 5.850631265475108478e+01
1.763181316856456515e+00 1.120315036281702170e+01 5.285813485572656134e+01
1.786194639741869983e+00 1.118903031705665008e+01 4.766475552668944715e+01
1.809003964749294813e+00 1.117465561102264715e+01 4.318702204193775174e+01
1.831537247723485029e+00 1.115935210231074315e+01 3.928538982432933580e+01
1.853755733795512395e+00 1.114433312497039275e+01 3.567908877874871365e+01
