2.191799393465098389e-01 1.550982308316407554e+01 3.683535669800713658e+06
2.273816250829246433e-01 1.519909220837274333e+01 3.095933736603768077e+06
2.359396646203976433e-01 1.491995402687639860e+01 2.582213601145902183e+06
2.448656380503924368e-01 1.465038953540843281e+01 2.154228384104890749e+06
2.541550898354599242e-01 1.440817734513295001e+01 1.806743551050887909e+06
2.638287848439253569e-01 1.419042245648065226e+01 1.513314423125885893e+06
2.738949940824627061e-01 1.398117730016105043e+01 1.265343973580800230e+06
2.843624330832104641e-01 1.379623685769887231e+01 1.061122831622269703e+06
2.952278778883405952e-01 1.362752285973694022e+01 8.869039583984799683e+05
3.065166740928793598e-01 1.346981930929994320e+01 7.430120152010534657e+05
3.182353964312591987e-01 1.332249303442650046e+01 6.225675054735767189e+05
3.303728535980009484e-01 1.319045326956666386e+01 5.224027286605658592e+05
3.429565992997916646e-01 1.306262424409111667e+01 4.379934001620628987e+05
3.559996796901181426e-01 1.295031991899414159e+01 3.678803843202917487e+05
3.694480184542712764e-01 1.284575188529061585e+01 3.087675783461951069e+05
3.833933340089905606e-01 1.274628541244680768e+01 2.588620120574526954e+05
3.978039158619385840e-01 1.265931736483002190e+01 2.175662513996899943e+05
4.126422158113997041e-01 1.257511819111793017e+01 1.829514373370359535e+05
4.279730521101556273e-01 1.249647539090164727e+01 1.522390372656159743e+05
4.437774522373967856e-01 1.242892447397119504e+01 1.294579442445328168e+05
4.600640721720510862e-01 1.236432203283826681e+01 1.088303201517073321e+05
4.767987941266036978e-01 1.230623237639335166e+01 9.187933010992630443e+04
4.940059874112295302e-01 1.225199124431671827e+01 7.748367025256903435e+04
5.116854976880037542e-01 1.220004422032323887e+01 6.528667895130487886e+04
5.298401933279934806e-01 1.215292586251976559e+01 5.518473691057994438e+04
5.484632890679436157e-01 1.210956982520816538e+01 4.658086669666517992e+04
5.675553244544726539e-01 1.207133480571111583e+01 3.936653393842659716e+04
5.870264689761012233e-01 1.202995482006782879e+01 3.334870170865995897e+04
6.065928987802101657e-01 1.199742689058717460e+01 2.832897163829123383e+04
6.263374942897887987e-01 1.196458701783640244e+01 2.412341741729760179e+04
6.464381798333697082e-01 1.193347044347059871e+01 2.055340086220173907e+04
6.670680592776526696e-01 1.190306092229050350e+01 1.751640878204768160e+04
6.883509243151954005e-01 1.187208789928966723e+01 1.490500014296744484e+04
7.103897678467683274e-01 1.184607273965507446e+01 1.260270404156995755e+04
7.332715041813184786e-01 1.182138842505651866e+01 1.075554677604593962e+04
7.570697621671983457e-01 1.179870982514477618e+01 9.099375835392600493e+03
7.818402078377094666e-01 1.177580327763488555e+01 7.693849535233131974e+03
8.076394435086541312e-01 1.175663011622206611e+01 6.489997365750783501e+03
8.345144564842219559e-01 1.173654675229068900e+01 5.465863477323371626e+03
8.625012680214100280e-01 1.171964781969477620e+01 4.602894265373116468e+03
8.916170207369247258e-01 1.170886985965092464e+01 3.860701197532333481e+03
9.219021857505729223e-01 1.169847609047620907e+01 3.239716043288071887e+03
9.533555791792349687e-01 1.168874988151346628e+01 2.714117937935660393e+03
9.859888884356448058e-01 1.168406249910505323e+01 2.273150213050809725e+03
1.019792076094708344e+00 1.167881630757967137e+01 1.900373844269772917e+03
1.054760382674427399e+00 1.167617845058239645e+01 1.589131164104495383e+03
1.090891973534581894e+00 1.167713081779760742e+01 1.326213720504568073e+03
1.128139903634878705e+00 1.168165373752402481e+01 1.107503370134472789e+03
1.166484024054547097e+00 1.168306886153141377e+01 9.256042240391617497e+02
1.205887905085008649e+00 1.169038393759695538e+01 7.732376142913670947e+02
1.246298278125292036e+00 1.169802130354946890e+01 6.458120117725841283e+02
1.287686147689120375e+00 1.170636867343934107e+01 5.399808516421115883e+02
1.329964245248574706e+00 1.171727654089212223e+01 4.517015745741715591e+02
1.373089492668257083e+00 1.172771012695896786e+01 3.784486165784455238e+02
1.416909923148273576e+00 1.174252719739202888e+01 3.170887664732925941e+02
1.459074618610461282e+00 1.175461730125358173e+01 2.680848724086849302e+02
1.498709293689737043e+00 1.176046876562772425e+01 2.292681297886786922e+02
1.536021106754855037e+00 1.176570624677858667e+01 1.978119888898808654e+02
1.571157149745495918e+00 1.176593865618038670e+01 1.719469535529188704e+02
1.604359421319451640e+00 1.176366422632856512e+01 1.494081156082437474e+02
1.635729212783809672e+00 1.175552235200507312e+01 1.320117949052288964e+02
1.665408785237327605e+00 1.174508827857087567e+01 1.164736035916466363e+02
1.693496452509596129e+00 1.173231875544401959e+01 1.031411884000595194e+02
1.720083633021546099e+00 1.171257253177816438e+01 9.168508175994986686e+01
1.745269176838105007e+00 1.169101508856645033e+01 8.177234765209760781e+01
1.769106411999320283e+00 1.166639194919364186e+01 7.317429634564933849e+01
1.791670519434298336e+00 1.163869115968526557e+01 6.556433927015145002e+01
1.813011799305552785e+00 1.160885321828677164e+01 5.893918501124503706e+01
1.833185086220311399e+00 1.157456566616411919e+01 5.305674161468610350e+01
1.852228397801009452e+00 1.153847421410351259e+01 4.782857748964809019e+01
1.870216728410276641e+00 1.150029954585509451e+01 4.330279793676021427e+01
1.887090781691616037e+00 1.145977947527283369e+01 3.916055531206758644e+01
1.902963255583603353e+00 1.141687911386570775e+01 3.553533822209993787e+01
1.917848921949161456e+00 1.137190935910218492e+01 3.228127907857334122e+01
1.931761964955207800e+00 1.132547035817002090e+01 2.925747562728732731e+01
1.944728904752919707e+00 1.127548474532000533e+01 2.677828530982111843e+01
1.956777108235002727e+00 1.122492213484249568e+01 2.444204680755809989e+01
1.967918796024506367e+00 1.117350741078801946e+01 2.234712416717385253e+01
1.978176655698886899e+00 1.111966684493736146e+01 2.044814282724111365e+01
1.987574439335016097e+00 1.106457268363924662e+01 1.873202044961082535e+01
1.996118219573354224e+00 1.100801293056022878e+01 1.721116570576203486e+01
2.003835670259297874e+00 1.094980545948058825e+01 1.582036085645543366e+01
2.010742393800094785e+00 1.089118892016163898e+01 1.456353174354015323e+01
2.016850951032380213e+00 1.083113143007384416e+01 1.342914519733975354e+01
2.022173735058148125e+00 1.077086477689094579e+01 1.239545389914157170e+01
2.026740654047272550e+00 1.070852776032351628e+01 1.142598944904174907e+01
2.030555800377590980e+00 1.064605818759216227e+01 1.058298546683760577e+01
2.033778171270260504e+00 1.058372554725331049e+01 9.823221383975923260e+00
2.036025741496013897e+00 1.051905084200344298e+01 9.111981042278880949e+00
2.037696973944930878e+00 1.045474211848275914e+01 8.500582080714400135e+00
2.038700752056296750e+00 1.038964702072423840e+01 7.901745642196068786e+00
2.039044810535281638e+00 1.032527551073193983e+01 7.391685548080018542e+00
2.038734050541766152e+00 1.025936875555524530e+01 6.894878360126397432e+00
2.037997000013611615e+00 1.019419569185221519e+01 6.451578085193833800e+00
2.036281055875885482e+00 1.012745167495580034e+01 6.040454568709548333e+00
2.034331154808735498e+00 1.006281088857624795e+01 5.690760891327358628e+00
2.031470520388650058e+00 9.995779099873676188e+00 5.348113875848897081e+00
2.028234840170817677e+00 9.929615633436476685e+00 5.022461873615860384e+00
2.024460130090080412e+00 9.864051575929316584e+00 4.747408113219971248e+00
2.020335578459545367e+00 9.798924878956688289e+00 4.474533537632787272e+00
