2.191799393465098389e-01 1.550982308316407554e+01 3.683535669800713658e+06
2.247274125886525031e-01 1.532391267141008484e+01 3.255250778881059028e+06
2.304092938058892315e-01 1.509059090141372472e+01 2.891030761616318952e+06
2.362783758098225551e-01 1.490279512206560497e+01 2.564294326089025475e+06
2.423132786740826716e-01 1.472733675982408030e+01 2.278216775908411480e+06
2.485064055502669011e-01 1.454848788197461396e+01 2.011746057095662691e+06
2.548871880057359540e-01 1.439698480284748427e+01 1.762836915035030339e+06
2.614291320022448240e-01 1.423875773751401219e+01 1.580219379148165463e+06
2.681591560529174023e-01 1.410050780327078535e+01 1.399659480313450331e+06
2.750720990157032309e-01 1.396273170584134071e+01 1.240019052663916489e+06
2.821700918903348732e-01 1.383605759809158542e+01 1.098045828444247134e+06
2.894567313748979132e-01 1.372578332655091948e+01 9.732823670749829616e+05
2.969244446205789312e-01 1.360286113005578024e+01 8.631758282754245447e+05
3.045907345764995444e-01 1.349417778860859762e+01 7.655155749313869746e+05
3.124491628690813094e-01 1.339521408929349455e+01 6.807336315808452200e+05
3.205310225110029609e-01 1.329172739165315242e+01 6.023699645850528032e+05
3.287716700361669186e-01 1.320112165525748971e+01 5.351713821967951953e+05
3.372263616648935591e-01 1.312285350655967875e+01 4.741124994762050337e+05
3.458890067048454586e-01 1.303427162826022290e+01 4.212026050508905901e+05
3.547654019481094601e-01 1.296022727945326203e+01 3.693056482098129345e+05
3.638653675191208525e-01 1.288879844238248928e+01 3.319011703543365002e+05
3.731206812742870471e-01 1.281620919377407652e+01 2.948563170404855045e+05
3.826371052422898322e-01 1.275117332396105496e+01 2.614076115276908386e+05
3.923376716762129179e-01 1.268915217343075419e+01 2.314013874087644508e+05
4.022740304967748481e-01 1.263388466671532839e+01 2.062590618174001866e+05
4.124004080882964218e-01 1.257843358648915455e+01 1.840577744242667977e+05
4.227579676343388160e-01 1.252570394285193345e+01 1.633104202754482685e+05
4.333389794978838028e-01 1.247732031747186277e+01 1.448095114144586259e+05
4.441491856108631953e-01 1.242924047515439234e+01 1.289103552319097653e+05
4.551425870858192280e-01 1.238498477167194700e+01 1.146895313058154861e+05
4.663881876791117764e-01 1.234098534765027289e+01 1.020269625989133201e+05
4.778321154715855501e-01 1.230197995857239768e+01 9.095050158273581474e+04
4.894964597080744273e-01 1.226512835656668443e+01 8.080464598437404493e+04
5.013637615339304743e-01 1.222965969570858924e+01 7.211335018253921589e+04
5.134603671737032471e-01 1.219574895723990515e+01 6.431756550550021348e+04
5.257748153783950995e-01 1.216362149045035324e+01 5.727271759742328140e+04
5.383056734684770195e-01 1.213364148665370656e+01 5.098490290173867834e+04
5.510523880756388326e-01 1.210560783806781160e+01 4.559198446648598474e+04
5.640155184883807182e-01 1.207736566497897712e+01 4.061616210298957594e+04
5.771521434194456512e-01 1.204981879474768824e+01 3.625300177793532930e+04
5.904741568826861187e-01 1.202439633252590845e+01 3.240654273949588969e+04
6.037678930347172290e-01 1.200102115147007709e+01 2.900062881949574876e+04
6.171846271188498045e-01 1.197960402246656209e+01 2.597072097072154793e+04
6.307567606411003114e-01 1.195868350652722079e+01 2.328899184641934335e+04
6.445131362671298048e-01 1.193535788548827981e+01 2.086815066474622290e+04
6.585206616121647150e-01 1.191521563329917655e+01 1.872496756113257652e+04
6.728179626033601313e-01 1.189598972971522350e+01 1.677778559458266318e+04
6.874528018989117806e-01 1.187690250071545606e+01 1.502872665860944471e+04
7.024654694364566021e-01 1.185734983598014303e+01 1.343802984609621853e+04
7.178609809448743828e-01 1.183802265578414215e+01 1.202649055850713194e+04
7.336347307508012117e-01 1.182124830761011225e+01 1.074395642260699060e+04
7.499062259309962064e-01 1.180815883335476890e+01 9.501252110560288202e+03
7.665580889792833474e-01 1.179042584521669035e+01 8.544295661574175028e+03
7.837323540372784780e-01 1.177859955358291444e+01 7.621947343439243923e+03
8.013828126244006977e-01 1.176564280185287537e+01 6.786292891776580291e+03
8.195201705815609028e-01 1.175271988241881616e+01 6.041733045347443294e+03
8.381869741521462691e-01 1.174196752557870305e+01 5.365142882169822769e+03
8.573790375549465992e-01 1.173112052822233942e+01 4.768533864923264446e+03
8.771019611166006591e-01 1.172287264197942669e+01 4.235326609606928287e+03
8.971333602723419176e-01 1.171432186460154945e+01 3.759548359486384015e+03
9.173725990142641562e-01 1.170744536877641551e+01 3.343493469490880216e+03
9.378405441215291738e-01 1.170057547139913900e+01 2.980707709297140354e+03
9.585062189945654509e-01 1.169519245203274771e+01 2.650984009800826698e+03
9.794283311526392755e-01 1.169127959348519319e+01 2.343778703982492061e+03
1.000583795765203954e+00 1.168524266028517289e+01 2.106360111258024062e+03
1.021995298502076155e+00 1.168045626061509168e+01 1.879176711685315922e+03
1.043679646529906746e+00 1.167731033870563095e+01 1.676451013133383640e+03
1.065578214019067937e+00 1.167254129423762343e+01 1.497541277652346707e+03
1.087747960049383789e+00 1.167083176885459039e+01 1.337500532752379058e+03
1.110202181397893950e+00 1.166981866651373068e+01 1.194781743604995199e+03
1.132859620592601368e+00 1.166186015063330395e+01 1.067397029960505506e+03
1.155788585075440800e+00 1.165981840015009041e+01 9.547521354097697213e+02
1.178969796556612160e+00 1.165631072507133759e+01 8.535994537485872797e+02
1.202373747156451733e+00 1.165345164605608730e+01 7.630791872068915609e+02
1.226025533313068294e+00 1.165075724932117396e+01 6.828584791813929087e+02
1.249881848158368447e+00 1.164766663863735552e+01 6.115115563363274305e+02
1.273964065653900413e+00 1.164649613933747574e+01 5.443562567553973395e+02
1.298245013706760709e+00 1.164382333521110269e+01 4.901819776898963710e+02
1.322719576978004907e+00 1.164456696263334123e+01 4.393807954802030622e+02
1.347371334715261826e+00 1.164110571881336575e+01 3.939463675854270264e+02
1.372200964081338848e+00 1.163709319885663440e+01 3.532829992318604013e+02
1.397183289623701086e+00 1.163745094683236125e+01 3.168937884343940254e+02
1.422371188300359135e+00 1.163247988392047283e+01 2.844314595633210843e+02
1.447513072958843905e+00 1.163055968383771166e+01 2.555996916335264189e+02
1.472857405925611873e+00 1.162757580704020022e+01 2.296124155357468339e+02
1.498341446120805553e+00 1.162677618480076980e+01 2.052540452503960751e+02
1.523753395258987897e+00 1.162411548186761401e+01 1.854958649167852229e+02
1.549272016561024978e+00 1.161863574287964340e+01 1.670016148372392877e+02
1.574909405149370389e+00 1.161565229102227015e+01 1.496317495288950568e+02
1.600488736107988252e+00 1.161088609819303308e+01 1.354597694282097677e+02
1.626041741510724226e+00 1.160747005513589336e+01 1.219573295884486868e+02
1.651477571790845866e+00 1.160451384682570009e+01 1.101157529035128135e+02
1.676951978820465428e+00 1.159816047027269370e+01 9.895412116305341499e+01
1.702340240472115962e+00 1.159346535461341965e+01 8.980453614452724764e+01
1.727639049774697400e+00 1.158804976894996841e+01 8.117610862815094208e+01
1.752876881282191990e+00 1.158821697011614837e+01 7.337072488652661661e+01
1.777847010121054838e+00 1.157712765252727571e+01 6.654101975812527314e+01
1.802780478023204402e+00 1.157066812774155018e+01 6.017293237492646085e+01
1.827424858761729443e+00 1.156381157636475088e+01 5.454752924742821563e+01
1.851915280566614808e+00 1.155628184104542733e+01 4.933588637515669006e+01
