2.191799393465098389e-01 1.550982308316407554e+01 3.683535669800713658e+06
2.261660248214409918e-01 1.523459558390674928e+01 3.167869156701427419e+06
2.333933468253359123e-01 1.498939327803358346e+01 2.722842318454806227e+06
2.409013976967696036e-01 1.477251571571904876e+01 2.345139793758610263e+06
2.486504936354686501e-01 1.455251656803419635e+01 2.002042981620493345e+06
2.566874951785672598e-01 1.435294329648412948e+01 1.723060482725633774e+06
2.650041861754440786e-01 1.416336904538024655e+01 1.483917517219365574e+06
2.736071658926252370e-01 1.398899505046544789e+01 1.272892381578512490e+06
2.825018197431343747e-01 1.383257662521809195e+01 1.092081391952886712e+06
2.916972059896600356e-01 1.367885865940918322e+01 9.390345407619827893e+05
3.011861239314477801e-01 1.354014210928294304e+01 8.073857649692773120e+05
3.109875903751954107e-01 1.340814462336977719e+01 6.952459101907731965e+05
3.210818158531578148e-01 1.329300393131379288e+01 5.973985483755538007e+05
3.314940393896275150e-01 1.317555628655558309e+01 5.142194143191939802e+05
3.422301332119948580e-01 1.307049289137271586e+01 4.424518466740929289e+05
3.532924678176024291e-01 1.297194856441547017e+01 3.808700208149452228e+05
3.646969106749762268e-01 1.288041197280204209e+01 3.280321751292929403e+05
3.764030909703298122e-01 1.279339620987702375e+01 2.827472296878133202e+05
3.884607108564559486e-01 1.271354317731216099e+01 2.433950045469105244e+05
4.008554094644402599e-01 1.264029558800262265e+01 2.104108990223977598e+05
4.135812539924013098e-01 1.257107547094913080e+01 1.808967559404805652e+05
4.266660269786835546e-01 1.250656145264901298e+01 1.560207174958612304e+05
4.400692901806424473e-01 1.244625296190576869e+01 1.348397036360695784e+05
4.538348362858904417e-01 1.239037341231949085e+01 1.164047607652748993e+05
4.679513204894458767e-01 1.233590439216811774e+01 9.986887242502438312e+04
4.823797276223908415e-01 1.229027430472271121e+01 8.673947446921899973e+04
4.971776748995646589e-01 1.223990764576861245e+01 7.505691447837065789e+04
5.123061201188452429e-01 1.219807685937112041e+01 6.495411234383277042e+04
5.277792500311472290e-01 1.215909175143419496e+01 5.620276895366179815e+04
5.435930071441834599e-01 1.212330148720676171e+01 4.862493938717158744e+04
5.597475968608658370e-01 1.208673649635470504e+01 4.210340937904422026e+04
5.762114916975353829e-01 1.205309935673356314e+01 3.623637147850476322e+04
5.928678035808030433e-01 1.202169509699091421e+01 3.176312196107093769e+04
6.094893735664989043e-01 1.199212064558749624e+01 2.767912319741116153e+04
6.261890570154323710e-01 1.196340172345691144e+01 2.413720909060419217e+04
6.430973523378215040e-01 1.193739168096277758e+01 2.109893651685517762e+04
6.603033902633399510e-01 1.191077347866093206e+01 1.830572358346702458e+04
6.779376479788583598e-01 1.188539083155642118e+01 1.609764703777851719e+04
6.960327294357758765e-01 1.186102430008161512e+01 1.406518891713950507e+04
7.147319916888565938e-01 1.183771014331245830e+01 1.224559657740318653e+04
7.338631594534537061e-01 1.181482462832779312e+01 1.066375938322590810e+04
7.536893073596868664e-01 1.179300079987042338e+01 9.303420456442856448e+03
7.741957335494370485e-01 1.177409988508649974e+01 8.052827755335069014e+03
7.953964702152523936e-01 1.175424119074145146e+01 6.986514470737436568e+03
8.173292039532852327e-01 1.173732359584947815e+01 6.050118591062489941e+03
8.400157438927192688e-01 1.172159782847876208e+01 5.225938539817139826e+03
8.634840574978072114e-01 1.170667895370946709e+01 4.523607871675788374e+03
8.877371175726702646e-01 1.169366684771105191e+01 3.908248511918244276e+03
9.128107439326619277e-01 1.168197408359230494e+01 3.370332810340899414e+03
9.386928900348597837e-01 1.167076972612824370e+01 2.898712754874581151e+03
9.653996940353595235e-01 1.166324008969451143e+01 2.499701540764544916e+03
9.929283133547242013e-01 1.166086455789994147e+01 2.148480810123359788e+03
1.021276617758921201e+00 1.165140005556784963e+01 1.849540184370949419e+03
1.050439633594566935e+00 1.164734981132699687e+01 1.591950980571748687e+03
1.080412970263320283e+00 1.164543620527304313e+01 1.367036871398636549e+03
1.111175836274953532e+00 1.164430633917056923e+01 1.173004540209550441e+03
1.142702841747383902e+00 1.164476812858865706e+01 1.009352845309745817e+03
1.174990941323295957e+00 1.164632316618949837e+01 8.667861746829715912e+02
1.208013727079772170e+00 1.164996335965967766e+01 7.445158736754126494e+02
1.241730241620627728e+00 1.165446033090023192e+01 6.392745602202534201e+02
1.276114538642476370e+00 1.165821807220659956e+01 5.503430341493675542e+02
1.311136785537502236e+00 1.166524647275603499e+01 4.727142812658376556e+02
1.346754600775521116e+00 1.167382134509116298e+01 4.043968609439766055e+02
1.382925935424114794e+00 1.167933001197798148e+01 3.504276385011217485e+02
1.419605089984244506e+00 1.168790017266841552e+01 3.020441432011734264e+02
1.456758879479450597e+00 1.169760689265702958e+01 2.604241192062432901e+02
1.493553524078269135e+00 1.170564795421708304e+01 2.252919970576657249e+02
1.529164871971699036e+00 1.171516630730721253e+01 1.961657432012995343e+02
1.563658729064872244e+00 1.171803556075572317e+01 1.713676587032867360e+02
1.597046502623667763e+00 1.172147846942315752e+01 1.507831777700315854e+02
1.629392599473512337e+00 1.172458289215190241e+01 1.328563705799266472e+02
1.660731214534181932e+00 1.172651521469844482e+01 1.175734920735979046e+02
1.691110048774962404e+00 1.172372510004754886e+01 1.038355420420005117e+02
1.720517697707661497e+00 1.171763052495541935e+01 9.279775005859616499e+01
1.749006820086071778e+00 1.171150323021063500e+01 8.288648068844815953e+01
1.776607364425799584e+00 1.170259335064193706e+01 7.410486808147834381e+01
1.803327390819157605e+00 1.169282719536342441e+01 6.636900126477299011e+01
1.829174669466008485e+00 1.168026040886013206e+01 5.960852709380546344e+01
1.854179037235560656e+00 1.166620761912159487e+01 5.362658206535060401e+01
1.878344032634733374e+00 1.164908379698408147e+01 4.834070186197864416e+01
1.901691247035202759e+00 1.163116045398027687e+01 4.365065719866146310e+01
1.924214808144934619e+00 1.161179882528911556e+01 3.945930179490112977e+01
1.945941090506402515e+00 1.159024646089030952e+01 3.573581227761895462e+01
1.966862278460851599e+00 1.156641301402062538e+01 3.242823394912235102e+01
1.986989441157095859e+00 1.154208152976978674e+01 2.939200237947899197e+01
2.006329796157779732e+00 1.151560104763865056e+01 2.679666310792694972e+01
2.024888858520920376e+00 1.148780965638752605e+01 2.432913486858919683e+01
2.042672811831388824e+00 1.145836883000237272e+01 2.227114762538998249e+01
2.059682460645185120e+00 1.142864079931200472e+01 2.034591411890868784e+01
2.075926548862316867e+00 1.139610143405189646e+01 1.861123834009539380e+01
2.091412601274139860e+00 1.136282227509100196e+01 1.703982240100446433e+01
2.106139824963658924e+00 1.132859853959440599e+01 1.562700650671257030e+01
2.120115199574910125e+00 1.129312845316181502e+01 1.434753149955045615e+01
2.133345210831780747e+00 1.125606183726271325e+01 1.320720705013859231e+01
2.145840557820898109e+00 1.121857339964649647e+01 1.216030231600417189e+01
2.157784151263055783e+00 1.118034966755219273e+01 1.120465147318851074e+01
2.168823835432457603e+00 1.114102638066567863e+01 1.034798907331537698e+01
2.178945231111367509e+00 1.109961402002616282e+01 9.544249687185361708e+00
2.188733193938657173e+00 1.105853192310617139e+01 8.854267110289990583e+00
2.197486429552332865e+00 1.101584253547796877e+01 8.210897569671864460e+00
