2.191799393465098389e-01 1.550982308316407554e+01 3.683535669800713658e+06
2.263532291011629005e-01 1.524398863657767045e+01 3.151987684532377869e+06
2.337855229468768226e-01 1.497914443754551606e+01 2.697909236854718067e+06
2.415149066691795743e-01 1.475502460843661723e+01 2.315291349841912277e+06
2.495025401227843886e-01 1.452227308558356533e+01 1.971883439021134749e+06
2.577901827872222107e-01 1.431955257309822827e+01 1.688419920451608254e+06
2.663732418734246488e-01 1.414169254821265120e+01 1.448777965382545022e+06
2.752590896341760018e-01 1.396083017990913078e+01 1.235761431081318064e+06
2.844555267823553613e-01 1.379983649199192008e+01 1.057452465066260425e+06
2.939638661469997083e-01 1.364634481625154727e+01 9.071538545576451579e+05
3.037779694936145747e-01 1.351682994324573883e+01 7.751587424538710620e+05
3.139337028385841832e-01 1.337264012210546227e+01 6.648620078090877505e+05
3.244067373362057305e-01 1.324840511070266480e+01 5.697764316440894036e+05
3.352123487705274130e-01 1.313666179977270332e+01 4.879950975129607250e+05
3.463590339861711276e-01 1.303071421071298452e+01 4.184096964805303141e+05
3.578498472728307567e-01 1.293484140616737221e+01 3.584255122021179995e+05
3.696869602975460523e-01 1.284272350318769007e+01 3.080951302021294250e+05
3.818932659213038483e-01 1.275538620798092104e+01 2.638957914655460045e+05
3.944235572643560728e-01 1.267887798286250955e+01 2.264611275742972502e+05
4.073222629148510743e-01 1.260663064565105707e+01 1.944557820996949740e+05
4.205735024210717210e-01 1.253637109406152739e+01 1.672263264556243375e+05
4.342018802045699566e-01 1.247209943310821245e+01 1.435345013773318788e+05
4.481918237952963735e-01 1.241278875047682462e+01 1.233576789305414713e+05
4.625425969317365493e-01 1.235713716541507878e+01 1.061660180927979527e+05
4.772427352554129421e-01 1.230353326592431884e+01 9.160825311390918796e+04
4.923043819715486880e-01 1.225635262518332880e+01 7.867052840747014852e+04
5.077239074051975720e-01 1.221261470765465518e+01 6.792365329379498144e+04
5.235125731406958804e-01 1.217172468192771539e+01 5.838051199766746140e+04
5.396602037630819915e-01 1.213030311878043221e+01 5.049413659939729405e+04
5.561684555830281873e-01 1.209292964389001668e+01 4.350647941338213423e+04
5.730032051690229222e-01 1.205702970131795304e+01 3.765999777584313415e+04
5.902122949178193467e-01 1.202669054460457509e+01 3.244389912443418143e+04
6.077297238932156676e-01 1.199636677932464046e+01 2.805890555886806396e+04
6.257386003639073824e-01 1.196608468038655104e+01 2.423299016338491492e+04
6.443232705589687637e-01 1.193969765898683377e+01 2.096925505864526713e+04
6.635506154156191050e-01 1.191171066314495341e+01 1.807360124637209810e+04
6.835308969568606452e-01 1.189057123374899483e+01 1.558317602364977756e+04
7.043332420362814483e-01 1.186927832028633212e+01 1.338928849247329526e+04
7.259717866818820031e-01 1.185045459963632553e+01 1.149733261173434767e+04
7.485127872042330877e-01 1.183296201492716371e+01 9.859944482907603742e+03
7.720057883191330239e-01 1.181816138148740869e+01 8.414231046341741603e+03
7.964882364898496769e-01 1.180444177178351595e+01 7.192020711897234833e+03
8.219716930090981144e-01 1.179736002333805267e+01 6.129503501793045871e+03
8.484922021506158263e-01 1.178690944018929088e+01 5.173502555097203185e+03
8.760699129208797675e-01 1.178262163700439125e+01 4.435649513917355762e+03
9.047274357804796496e-01 1.177930263641206565e+01 3.770954714795864220e+03
9.344617712857555825e-01 1.177921474680144520e+01 3.200851937959950646e+03
9.653031864465019263e-01 1.178124478767569627e+01 2.715215034761750303e+03
9.963352528162768840e-01 1.178538992779142447e+01 2.310969162559208144e+03
1.026414688584393886e+00 1.179008624766884239e+01 1.982735356442370858e+03
1.055609944923883159e+00 1.179334981894508516e+01 1.714247111234692284e+03
1.084077498889495672e+00 1.179550082727872962e+01 1.486865696272200239e+03
1.111881746304495211e+00 1.179674630876801977e+01 1.293015810869522284e+03
1.139112557554503580e+00 1.179497139152411300e+01 1.136185570295184334e+03
1.165840833820229072e+00 1.179253403074799955e+01 9.968140684489160321e+02
1.192108568884980402e+00 1.178803287157296431e+01 8.783415892185571465e+02
1.217952089032220631e+00 1.178402095398145200e+01 7.745696788817219840e+02
1.243415841909475184e+00 1.177417282932884035e+01 6.846995504235534327e+02
1.268544691476217290e+00 1.176509611684175916e+01 6.066532768461671594e+02
1.293361204800764996e+00 1.175699568136004203e+01 5.378419708757489843e+02
1.317877397149497698e+00 1.174062599630470061e+01 4.773215399687666149e+02
1.342111924539297174e+00 1.173072025904633087e+01 4.245377743799100472e+02
1.366099230374158147e+00 1.171288886139999086e+01 3.778893794483418560e+02
1.389809669477557907e+00 1.169503483775101671e+01 3.348255267338903423e+02
1.413273665224416664e+00 1.167867224559565464e+01 3.002006054181684362e+02
1.436495104853142912e+00 1.165902725909536386e+01 2.682697903401599433e+02
1.459467087180505329e+00 1.163788652412923241e+01 2.387159875442720249e+02
1.482182103353460567e+00 1.161264908682310271e+01 2.141171567416763821e+02
1.504654244649308525e+00 1.158907362798054841e+01 1.913807017733353746e+02
1.526852648736937823e+00 1.156461876638067565e+01 1.713503930752750080e+02
1.548782536630832318e+00 1.153705181267712554e+01 1.530460850002682207e+02
1.570434526576984346e+00 1.150981041417882622e+01 1.376884322220189176e+02
1.591790406486160103e+00 1.148161421164157936e+01 1.234723157649995926e+02
1.612840171567898384e+00 1.145216385098279055e+01 1.108960169136458234e+02
1.633577320542983102e+00 1.142200871369635173e+01 9.911636210798353375e+01
1.653975370009898915e+00 1.139012416310151821e+01 8.958314754233789756e+01
1.674022692066544638e+00 1.135745367215914925e+01 8.019112074198331186e+01
1.693705485357266172e+00 1.132395772298031567e+01 7.254731957944831322e+01
1.713014809942736694e+00 1.128934812613550953e+01 6.541723985810041597e+01
1.731926635939357029e+00 1.125327075113652953e+01 5.876542301059254214e+01
1.750435340559214792e+00 1.121690370158646921e+01 5.304330862798560275e+01
1.768494607209518898e+00 1.117922119388724411e+01 4.811393159005184117e+01
1.786119414459456989e+00 1.114192028339581952e+01 4.354706207969070419e+01
1.803286877748421890e+00 1.110316751810644043e+01 3.927098038993747053e+01
1.820243098545709870e+00 1.106520311149682634e+01 3.553653115120326333e+01
1.836174304136594104e+00 1.102316201760497094e+01 3.240423664212122645e+01
1.851873082757113931e+00 1.098206839253653300e+01 2.933266997559451283e+01
1.867054364622971141e+00 1.093963063823076354e+01 2.669109601203472693e+01
1.881703558878764060e+00 1.089710121594183434e+01 2.436676135766381179e+01
1.895819678737744374e+00 1.085477862638744107e+01 2.211828663005217166e+01
1.909378537044695623e+00 1.081069592232470988e+01 2.025005244463079990e+01
1.922377084673921877e+00 1.076602382823521253e+01 1.844724681771812413e+01
1.934811828593443472e+00 1.072100867818478775e+01 1.690813108417408017e+01
1.946665979857262307e+00 1.067644516294939905e+01 1.548034320744502246e+01
1.957940052293876132e+00 1.063038739676441047e+01 1.413954213567933138e+01
1.968629269228970635e+00 1.058395430328194209e+01 1.301916968722709100e+01
1.978716932567380349e+00 1.053661761827154031e+01 1.192526334467304672e+01
1.988219812181997170e+00 1.048988017586884958e+01 1.097953305680351299e+01
1.997121268520415160e+00 1.044208894100475149e+01 1.015068012528038111e+01
2.005425829921962944e+00 1.039397195797942963e+01 9.361909270404501271e+00
