2.191799393465098389e-01 1.550982308316407554e+01 3.683535669800713658e+06
2.247021761949304086e-01 1.530421075300263567e+01 3.261006136316201650e+06
2.303557845871729570e-01 1.509553124739726115e+01 2.889753134718148503e+06
2.361931596161781499e-01 1.490251237297989206e+01 2.561598197920033708e+06
2.421981401631471964e-01 1.473075074992382127e+01 2.273320218632020988e+06
2.483576668509562546e-01 1.457185904132737164e+01 2.025811815038676839e+06
2.546962765984814858e-01 1.439472855646287286e+01 1.785384065820865566e+06
2.612090349725381122e-01 1.424996535078682669e+01 1.590742977017658995e+06
2.679013217494378707e-01 1.410286198288786075e+01 1.404436300785664935e+06
2.747708503393263002e-01 1.397206831152965556e+01 1.248824838744002162e+06
2.818302629246528523e-01 1.384218027860542577e+01 1.104379085980146425e+06
2.890728884623683381e-01 1.372236786656793583e+01 9.823673941264788155e+05
2.964946474215826577e-01 1.361033404494630616e+01 8.718535589957601624e+05
3.041183737641464102e-01 1.350001027485453342e+01 7.646114058816351462e+05
3.119390983313053423e-01 1.339818696047807123e+01 6.839776071918464731e+05
3.199355969762499585e-01 1.330513851258108460e+01 6.084041983951135771e+05
3.281420792887633775e-01 1.321166328011348590e+01 5.395400831628398737e+05
3.365371434032458087e-01 1.312668915270143088e+01 4.786188543697955320e+05
3.451483657136956706e-01 1.304274595633752831e+01 4.215773632810257841e+05
3.539544246486288626e-01 1.296758945148579123e+01 3.779419422602528939e+05
3.629791724829355970e-01 1.289330674396868126e+01 3.352872014757153229e+05
3.721910792420607961e-01 1.282310483190831540e+01 2.982374857431262499e+05
3.816423516753925660e-01 1.275831393474436837e+01 2.645471287393255625e+05
3.912702258864605986e-01 1.269935702123884269e+01 2.334221986405386706e+05
4.011491224823252044e-01 1.263879034852320515e+01 2.090888425693799509e+05
4.111994216724989548e-01 1.258499046824887913e+01 1.860968396270922676e+05
4.214868035351861386e-01 1.253530587526288542e+01 1.653287388864308305e+05
4.319741969461196041e-01 1.248384692239505256e+01 1.471016617005133885e+05
4.426856985955838208e-01 1.243540467256176640e+01 1.309119868847210018e+05
4.536172526342757694e-01 1.238970289712617578e+01 1.166554040132320661e+05
4.647822757501383628e-01 1.234666270016236922e+01 1.037806468786358892e+05
4.761392237427417573e-01 1.230688450670615275e+01 9.262076962127989100e+04
4.877226965658335023e-01 1.227087762367410484e+01 8.223751344841836544e+04
4.994948422038669178e-01 1.223407845520449477e+01 7.336144323664264812e+04
5.115023674924764618e-01 1.220038236951344679e+01 6.472170473875071184e+04
5.237204217590326616e-01 1.216993191274000452e+01 5.838961499186963920e+04
5.361559879324584443e-01 1.213752505424198347e+01 5.211602934480927070e+04
5.488044136296911235e-01 1.211039711059314250e+01 4.655058508643886307e+04
5.616689946434968439e-01 1.208117871882889105e+01 4.147225451076656464e+04
5.747095172183034339e-01 1.205521166699628921e+01 3.702358273619044485e+04
5.879722568047213160e-01 1.203081716368130394e+01 3.282501605430993368e+04
6.014720681871169594e-01 1.200656381062468903e+01 2.962624086327797340e+04
6.152595292096015855e-01 1.198404496526048213e+01 2.641022537800149075e+04
6.293898710000267460e-01 1.196205459326238874e+01 2.339928063719775309e+04
6.439082652740955037e-01 1.194174457689184088e+01 2.105119241888685065e+04
6.588339095410151725e-01 1.192300884514034465e+01 1.874000743349417462e+04
6.742338109694021586e-01 1.190425982928882576e+01 1.671195749622259245e+04
6.901086523540246320e-01 1.188480894899245754e+01 1.476780093089576985e+04
7.064851845535110586e-01 1.187102097289162117e+01 1.319885056914534835e+04
7.234232208008108955e-01 1.185676638778005731e+01 1.162801150543937365e+04
7.409007180790406766e-01 1.184061434501753141e+01 1.039034572569753618e+04
7.589698580064518918e-01 1.182973387139891841e+01 9.140187692377479834e+03
7.776328010152018244e-01 1.182025578250468989e+01 8.160512859378797657e+03
7.968992224716352490e-01 1.181499642198549616e+01 7.157128484137813757e+03
8.167977524304873560e-01 1.180492441777066581e+01 6.357694837299908613e+03
8.373316308171598887e-01 1.179921261147664424e+01 5.617072387439263366e+03
8.585144333065818367e-01 1.179390612502011493e+01 4.948483653129378581e+03
8.803439556053294091e-01 1.179172050172923747e+01 4.362523182625133813e+03
9.028419257952159382e-01 1.179125097321673898e+01 3.844361179370597256e+03
9.260000155775020003e-01 1.179208866323664040e+01 3.382360307588379783e+03
9.498303333268204307e-01 1.179413654862662497e+01 2.976223575948801681e+03
9.743336824904371696e-01 1.180760095065463844e+01 2.615747670284179094e+03
9.995096694147876937e-01 1.180239902490905735e+01 2.298503605190592680e+03
1.025345667758549739e+00 1.181269429535935522e+01 2.022507709468677376e+03
1.051848909170897350e+00 1.181727578495683062e+01 1.763455792169811957e+03
1.079014256712122588e+00 1.182660858350390320e+01 1.559534130143862967e+03
1.106824330278344259e+00 1.183768548486384375e+01 1.371204172689827374e+03
1.135273856056746578e+00 1.185135087725241654e+01 1.204524167260125978e+03
1.164364146380321374e+00 1.186140239366994642e+01 1.058355869856666004e+03
1.194070547890677680e+00 1.187652469472458705e+01 9.233519492459753337e+02
1.224379964102387586e+00 1.189381258256373108e+01 8.172476139347319304e+02
1.255276476792308360e+00 1.190720477074489203e+01 7.193995982763570964e+02
1.286751579681245650e+00 1.192928073685122037e+01 6.319985143739261275e+02
1.318362797145564702e+00 1.194261136638219511e+01 5.530772333601044011e+02
1.349820703935455501e+00 1.196016739874955270e+01 4.919239625840367580e+02
1.381135102490293143e+00 1.197761546863790194e+01 4.356938332169077626e+02
1.412298055087060522e+00 1.199664953798821010e+01 3.862210577583666691e+02
1.443330864250600198e+00 1.201151508253453137e+01 3.437773654354946302e+02
1.474206536844976378e+00 1.202768982728637326e+01 3.061275170127446472e+02
1.504918739761102131e+00 1.204296732068078590e+01 2.729146469549082212e+02
1.535485850559559884e+00 1.205754690680379859e+01 2.438156612168725417e+02
1.565902903815670433e+00 1.207157928787355949e+01 2.180769948762758190e+02
1.596133930774639387e+00 1.208481922045722712e+01 1.954561499602687604e+02
1.626212019228160166e+00 1.209995677775804879e+01 1.742710291717209827e+02
1.656093232145261496e+00 1.210886717897991183e+01 1.574416507850078233e+02
1.685782997115174098e+00 1.211970565333713346e+01 1.414243890801304246e+02
1.715249117872267748e+00 1.213187544406563312e+01 1.273520080989834184e+02
1.744538380038400005e+00 1.213864119511861972e+01 1.147143414764161236e+02
1.773553312451531694e+00 1.214709325309731192e+01 1.034999851393495760e+02
1.802336741831832789e+00 1.215344421178261847e+01 9.350328013516021031e+01
1.830867429529890344e+00 1.215935692136884327e+01 8.446382375211341298e+01
1.859120606877503246e+00 1.216506156605588096e+01 7.645366106647567506e+01
1.887091520197523131e+00 1.216954332681537210e+01 6.923939200601685684e+01
1.914766383603275113e+00 1.217301103674873453e+01 6.275912895841592842e+01
1.942118135712897820e+00 1.217538618220340219e+01 5.696381411321989674e+01
1.969263716785728979e+00 1.217763680219452382e+01 5.149338244332658832e+01
1.995832561776588410e+00 1.217777510598209112e+01 4.702456626481799162e+01
2.022158670485800336e+00 1.217802775350760314e+01 4.278381955830933947e+01
2.048322002493730309e+00 1.217735159326999295e+01 3.897918027548941211e+01
2.073682606827809582e+00 1.217462073268899125e+01 3.559178029288334244e+01
