2.191799393465098389e-01 1.550982308316407554e+01 3.683535669800713658e+06
2.249092350090690084e-01 1.529609433427829224e+01 3.263910684230862651e+06
2.307925470759412123e-01 1.508970477516780484e+01 2.883083388453772292e+06
2.368721394385765733e-01 1.489278081699746714e+01 2.535305699694669805e+06
2.431266897235700997e-01 1.469600538595168082e+01 2.230605677971043624e+06
2.495541916511143654e-01 1.453468546719912169e+01 1.975010011526255868e+06
2.561722739932838500e-01 1.436772009569042829e+01 1.743829839057005942e+06
2.629800638944554958e-01 1.420711098076813705e+01 1.534935408422360895e+06
2.699867830803217017e-01 1.406358808449636832e+01 1.342429391748886323e+06
2.771774069600672075e-01 1.392503910964817848e+01 1.195122508857253240e+06
2.845735067837616983e-01 1.379051332446895550e+01 1.055908491450992413e+06
2.921756078223357589e-01 1.367671396864473898e+01 9.315859690777369542e+05
2.999674486363327897e-01 1.355576794352031555e+01 8.227366915551365819e+05
3.079695087063892833e-01 1.344804008468376288e+01 7.266762396740763215e+05
3.161838289041227767e-01 1.334441811530741440e+01 6.432993617294769501e+05
3.246114122936130109e-01 1.324462890198711484e+01 5.682459408695601160e+05
3.332475987954101049e-01 1.315889376950037004e+01 5.029383038103107829e+05
3.421043247226017714e-01 1.306949413990740361e+01 4.430160819008818362e+05
3.511809203468086449e-01 1.299362346396243595e+01 3.917645136469209101e+05
3.604755370254125180e-01 1.291289458007218016e+01 3.464371310234922566e+05
3.699910280985557742e-01 1.284142413796196003e+01 3.062940909069493064e+05
3.797439403109479916e-01 1.277063324002326539e+01 2.710183999050793936e+05
3.897104358845405736e-01 1.270447843316127923e+01 2.399296018785419292e+05
3.999126913494475133e-01 1.264797632147428708e+01 2.123199497842107085e+05
4.103580739976318004e-01 1.258941605895501326e+01 1.879505673001218820e+05
4.209993947717265428e-01 1.253461919584749751e+01 1.664127796363656526e+05
4.318950737838187504e-01 1.248413289423895378e+01 1.476274356743055105e+05
4.430199938284388739e-01 1.243257986388100633e+01 1.305077907222903013e+05
4.543796858476792933e-01 1.238767735946371928e+01 1.157693815374696569e+05
4.659878237979101501e-01 1.234598495003448271e+01 1.024894829096897156e+05
4.778080726719702853e-01 1.230236947324265451e+01 9.088941780088901578e+04
4.898624780558941683e-01 1.226144329096315566e+01 8.085182868388140923e+04
5.021363948985940739e-01 1.222710575415826284e+01 7.164364170599615318e+04
5.146538692962169259e-01 1.219159222307674817e+01 6.354282044107885304e+04
5.274037850860948673e-01 1.215949366226961992e+01 5.643450136824577930e+04
5.403835348324599330e-01 1.212812953524693782e+01 5.016655452379676717e+04
5.535951759277422113e-01 1.209771621695480981e+01 4.463403802326112054e+04
5.670462278977158599e-01 1.207141381779873868e+01 3.920795370169067610e+04
5.806594957810856661e-01 1.204569308405737615e+01 3.516924337903941341e+04
5.944693234379042623e-01 1.201899249745709497e+01 3.126915464540417088e+04
6.084539496398674308e-01 1.199479896521262390e+01 2.784769260913342077e+04
6.226472396572712009e-01 1.197023963586429929e+01 2.488871326392825358e+04
6.371177053878568364e-01 1.194780216718966948e+01 2.216216594105037075e+04
6.519386118674544983e-01 1.192798581249109269e+01 1.974837135990397655e+04
6.671351166503597385e-01 1.190790177057523636e+01 1.756220241608925789e+04
6.827331715801857603e-01 1.188609204870746439e+01 1.563232822612384734e+04
6.987961157490012454e-01 1.187061807226775301e+01 1.389087184331679964e+04
7.153267278392569928e-01 1.185230319297235191e+01 1.232116549833377758e+04
7.323712279182699181e-01 1.183553577369959875e+01 1.093107583524295296e+04
7.499442091866143079e-01 1.182150893693605553e+01 9.689009073930632439e+03
7.680777789737638361e-01 1.181005515169827369e+01 8.562869278596605000e+03
7.867894336129557242e-01 1.179450325692201851e+01 7.581948300478802594e+03
8.061043643178187335e-01 1.178572173277406776e+01 6.692567776329948174e+03
8.260008624760883933e-01 1.177603148932128718e+01 5.903658628823181971e+03
8.465225019967018705e-01 1.176743722345787546e+01 5.208981557695201445e+03
8.676712069622379842e-01 1.176051439274645105e+01 4.588230802502200277e+03
8.894595488552428098e-01 1.175341679499805814e+01 4.039371105102458841e+03
9.118861225430827666e-01 1.175235920597241268e+01 3.554728063652661149e+03
9.349604065443350986e-01 1.174905100024821181e+01 3.126560043029068765e+03
9.586936754939757721e-01 1.174828241541036711e+01 2.744851688162259506e+03
9.830757808814037935e-01 1.174768812294427356e+01 2.411143410658235098e+03
1.008106996153798507e+00 1.174975544666607519e+01 2.119894034569379073e+03
1.033790503865450905e+00 1.175266079566692845e+01 1.860882928248861617e+03
1.060107511630576704e+00 1.175653356961881535e+01 1.634824240727700726e+03
1.087068246633631219e+00 1.176217808127495523e+01 1.433475114679534272e+03
1.114658357531593591e+00 1.176889404935432459e+01 1.258775258514320058e+03
1.142864738594013829e+00 1.177620037729624514e+01 1.105226255489435289e+03
1.171688537241932559e+00 1.178473750106501150e+01 9.693312975870618402e+02
1.201098057195451485e+00 1.179511054421554306e+01 8.507667337168753647e+02
1.230770075526929963e+00 1.180550437042419709e+01 7.479274773900480113e+02
1.260333687168759820e+00 1.181798588526030969e+01 6.589893337953586752e+02
1.289808897070251037e+00 1.182693793682907213e+01 5.824659168014978832e+02
1.319194465649075498e+00 1.183828582494091997e+01 5.153019276870546719e+02
1.348467309298638561e+00 1.184931981778331611e+01 4.551322325563080540e+02
1.377677852171403927e+00 1.186007510729549530e+01 4.056484931618771270e+02
1.406753851528295352e+00 1.186734552081113847e+01 3.611312693962713638e+02
1.435752662607077346e+00 1.187630376660389686e+01 3.219240114183448895e+02
1.464647265690798283e+00 1.188393680861058321e+01 2.872239261001218438e+02
1.493424786552509653e+00 1.189299533068515125e+01 2.564003205097940281e+02
1.522091035869050257e+00 1.189952549313171026e+01 2.292987226118729893e+02
1.550640717110388200e+00 1.190705070700964185e+01 2.053636492261938429e+02
1.579024455811006256e+00 1.191256735376504317e+01 1.839938620983458293e+02
1.607276283255565374e+00 1.191547135633718923e+01 1.651719550693013900e+02
1.635343691068072314e+00 1.191832125083026916e+01 1.483808004173702670e+02
1.663267489518097220e+00 1.192140328422907025e+01 1.334663071144891546e+02
1.690981535812244418e+00 1.192393295883615068e+01 1.200851203097553110e+02
1.718497443181158157e+00 1.192519320201601829e+01 1.076258098242047367e+02
1.745796046602984708e+00 1.192598416148931406e+01 9.761580744650397889e+01
1.772863213581929331e+00 1.192593952052133055e+01 8.809278378768777884e+01
1.799718097069853417e+00 1.192529838130601405e+01 7.963685206543439676e+01
1.826236406942527424e+00 1.192368378588921374e+01 7.196864771745320866e+01
1.852517624156632126e+00 1.192146874951919955e+01 6.513639074722124178e+01
1.878497445583203085e+00 1.191809786207214827e+01 5.902445386987990616e+01
1.904168340426759753e+00 1.191333771185543888e+01 5.342370116204138242e+01
1.929692295067044761e+00 1.190869043602077859e+01 4.858134065895448117e+01
1.954499636333270507e+00 1.190219886361613888e+01 4.411768664415218666e+01
1.979130963502746976e+00 1.189617291228627494e+01 4.003499633333925090e+01
2.003391281369490962e+00 1.188762604998216510e+01 3.651727823641090254e+01
2.027250198613096188e+00 1.187953113516504189e+01 3.314663029357199520e+01
2.050878072173218936e+00 1.187049013800392849e+01 3.030760967229064562e+01
