2.191799393465098389e-01 1.550982308316407554e+01 3.683535669800713658e+06
2.268624326313098960e-01 1.521554990445571143e+01 3.110671442606556695e+06
2.348610962358559373e-01 1.496193634888711621e+01 2.621838732100968715e+06
2.431721093829423974e-01 1.470757590951199489e+01 2.232807526503179222e+06
2.518028209496083192e-01 1.447132403917465737e+01 1.891837337111687521e+06
2.607723361158618691e-01 1.425593386815188524e+01 1.595947656691530021e+06
2.700844480352887489e-01 1.407393489866958447e+01 1.358372343687826069e+06
2.797452790007258772e-01 1.388547243816883103e+01 1.143902963555264752e+06
2.897649049899905238e-01 1.370755088476425421e+01 9.695199806574587710e+05
3.001401626589924598e-01 1.355540681273001802e+01 8.202753587748954305e+05
3.108801669602299644e-01 1.341088812580735556e+01 6.951939396387538873e+05
3.219968695143312631e-01 1.327725849627715426e+01 5.906612719955814537e+05
3.335033920399013696e-01 1.316147903721749657e+01 5.000332674479845446e+05
3.453856480902022241e-01 1.304049182734238066e+01 4.243462186314667342e+05
3.576671236410238208e-01 1.293939563232625645e+01 3.595183176354560419e+05
3.703418487437880047e-01 1.283794140375636417e+01 3.055117675695751677e+05
3.834333207971160062e-01 1.274604252307190144e+01 2.588145515228752047e+05
3.969206583115028053e-01 1.266473767359364366e+01 2.200582659152364940e+05
4.108263370537292292e-01 1.258472329243349108e+01 1.867966229611591843e+05
4.251275470865590878e-01 1.251709511518745899e+01 1.586006256690097798e+05
4.398235873202005486e-01 1.244752357407035248e+01 1.349925336123654561e+05
4.549681755042291331e-01 1.238505991363560632e+01 1.138325884145897144e+05
4.705301432749869339e-01 1.233045059852749326e+01 9.772005746287816146e+04
4.865176176705049982e-01 1.227553624181992298e+01 8.268665835645963671e+04
5.028597279992387259e-01 1.222395740860033797e+01 7.110232780466733675e+04
5.196502767009855139e-01 1.217975508216200531e+01 6.063275426666854037e+04
5.368546098390150068e-01 1.213761956702061973e+01 5.174732694244492450e+04
5.544700220006956171e-01 1.210168086466830850e+01 4.412690688839803624e+04
5.724657238185939523e-01 1.205988214041652640e+01 3.773529667172943300e+04
5.905510998034152470e-01 1.202383283942610426e+01 3.238589629245548349e+04
6.074555432945443201e-01 1.199397555301685259e+01 2.809649618497081246e+04
6.233818340044241513e-01 1.195879379219850414e+01 2.456061689449255937e+04
6.386939913923035395e-01 1.193124579306858202e+01 2.164577826260920119e+04
6.536009107658888873e-01 1.189952716230724050e+01 1.913401342853190727e+04
6.682817355173752416e-01 1.186393758890745964e+01 1.692119878931889980e+04
6.828805200791191465e-01 1.182938184504610568e+01 1.498255381656853206e+04
6.975053189863517078e-01 1.179376160751565727e+01 1.328364862871929290e+04
7.122361097784789541e-01 1.175694782387457948e+01 1.176938981451696054e+04
7.271669002557233918e-01 1.171981213038188763e+01 1.040498557526987861e+04
7.423548414581438992e-01 1.168140739237082038e+01 9.203913642362171231e+03
7.578655201407520359e-01 1.164373247244614440e+01 8.129563212440955795e+03
7.737382831576798958e-01 1.160355160349232229e+01 7.183812109884617712e+03
7.900234680703019929e-01 1.156180573066900408e+01 6.319989808418993562e+03
8.067520148330323826e-01 1.152388818902111645e+01 5.552364248635972217e+03
8.239635870993466948e-01 1.148072835222628818e+01 4.876755039555318035e+03
8.416736138959879376e-01 1.144417859897908585e+01 4.274016080784430414e+03
8.599138831208530398e-01 1.140447704252119543e+01 3.740632613083839260e+03
8.787018469262379838e-01 1.136605058758613396e+01 3.242709774294322870e+03
8.980390192016121098e-01 1.132659142909102634e+01 2.853894431887303654e+03
9.179544630637109792e-01 1.128818259662040013e+01 2.488713281583990465e+03
9.384349568466305858e-01 1.125108200780218404e+01 2.162491438103082601e+03
9.595020918966192802e-01 1.121592791524869881e+01 1.879144017332329668e+03
9.811281872458720299e-01 1.117918934412231202e+01 1.633514767105127930e+03
1.003322495029096650e+00 1.114188955200798681e+01 1.418063944018065740e+03
1.026075741891332660e+00 1.111132174520282589e+01 1.229802991097172480e+03
1.049372861825624170e+00 1.107726251275212803e+01 1.065434660238083325e+03
1.073200327390165132e+00 1.104425843118007400e+01 9.169141308750150756e+02
1.097532517225520809e+00 1.100625737895161116e+01 7.995000113222182563e+02
1.122347542989617475e+00 1.097687084514615563e+01 6.918180012961511238e+02
1.147623693520800847e+00 1.094514860557586999e+01 5.988173144575328024e+02
1.173326495527321045e+00 1.091600870587014604e+01 5.181904647268778490e+02
1.199428280982695938e+00 1.088856114135196407e+01 4.488354160834573463e+02
1.225893617460095175e+00 1.085718039585958117e+01 3.881464186986596019e+02
1.252679401111282287e+00 1.082810903029981553e+01 3.364577041104995487e+02
1.279750707470843185e+00 1.080117162476928705e+01 2.916821896987742662e+02
1.307061589663349066e+00 1.077264788717846145e+01 2.531115262146423106e+02
1.334579381075829518e+00 1.074636205860304017e+01 2.195186264872819208e+02
1.362248813017246318e+00 1.072015435069674183e+01 1.906265698744249448e+02
1.390026295355148100e+00 1.069343019742642298e+01 1.655453105468496062e+02
1.417865746095961610e+00 1.066770895909531625e+01 1.440986042875324529e+02
1.445497106822135835e+00 1.064193377060466439e+01 1.256332620118407561e+02
1.472328112402041977e+00 1.061660010464440340e+01 1.093968551402218878e+02
1.498306912144883984e+00 1.058974518404050080e+01 9.649589216413755821e+01
1.523435563607708376e+00 1.056339983037605279e+01 8.473766552364163829e+01
1.547661646583556649e+00 1.053552842080515717e+01 7.527345416991794025e+01
1.571048854708449793e+00 1.050679479105630421e+01 6.643922481416313985e+01
1.593585256547367823e+00 1.047629186196814999e+01 5.930922442576746789e+01
1.615298206971194306e+00 1.044558257393438794e+01 5.266707887003865807e+01
1.636170161561579128e+00 1.041365367577753531e+01 4.724004031581733898e+01
1.656198070966876656e+00 1.037994028949838032e+01 4.226444919500361408e+01
1.675433038565437016e+00 1.034632750465866025e+01 3.795113984735794332e+01
1.693819074934922897e+00 1.030999697086284428e+01 3.409300789093468609e+01
1.711404992589115270e+00 1.027346950569459239e+01 3.073597305195539775e+01
1.728307716612558442e+00 1.023648252684721172e+01 2.770515787618559500e+01
1.744185382237598114e+00 1.019689259864990483e+01 2.497898212549445418e+01
1.759495142576581017e+00 1.015776843855677036e+01 2.264364116195085330e+01
1.773777100092490455e+00 1.011632463601760179e+01 2.058694355469990001e+01
1.787400673270052476e+00 1.007415148609596400e+01 1.872882610296675665e+01
1.800255476481093408e+00 1.003213260765718395e+01 1.703462188025105917e+01
1.812340736225863669e+00 9.988549502915798683e+00 1.554491850242680684e+01
1.823643006689938062e+00 9.943623208801570357e+00 1.419196414068812651e+01
1.834207282428130359e+00 9.898762823733433081e+00 1.295383222309964033e+01
1.844024925396022363e+00 9.853264231602775425e+00 1.190322949867933744e+01
1.853109824586453236e+00 9.806455037455293677e+00 1.092433868051832846e+01
1.861473866804197463e+00 9.759287218168619660e+00 1.004393203807251922e+01
1.869095117198403155e+00 9.711163990073442775e+00 9.255802210349884263e+00
1.876128083162864391e+00 9.663514935348025858e+00 8.507271802033654851e+00
1.882366204602474724e+00 9.614897108460688457e+00 7.882152066050425177e+00
1.887840562501341468e+00 9.564923842212602167e+00 7.297629709876445325e+00
1.892701481361135363e+00 9.516090236149105763e+00 6.746802463860871235e+00
