2.191799393465098389e-01 1.550982308316407554e+01 3.683535669800713658e+06
2.261950524167813670e-01 1.525637132359321946e+01 3.171064278559804428e+06
2.334533833024262928e-01 1.500085758518556567e+01 2.724538468917107210e+06
2.410003564873403892e-01 1.478622382375919742e+01 2.308614498601197265e+06
2.487812740145061707e-01 1.454394987181159138e+01 2.002388215531280264e+06
2.568554309055091633e-01 1.434665311545014532e+01 1.716653345131512033e+06
2.652131565331709573e-01 1.415573782545999926e+01 1.472361079311703797e+06
2.738583436233301138e-01 1.399459506342074810e+01 1.270037140054386575e+06
2.827991320456710866e-01 1.382621644156062501e+01 1.086721924854020821e+06
2.920432449217315041e-01 1.367765979330415860e+01 9.335698728476668475e+05
3.015861839632827945e-01 1.353562555850390758e+01 8.022637077027360210e+05
3.114439895505854983e-01 1.340355992352897196e+01 6.902118339671990834e+05
3.215812138183399838e-01 1.328882562358613839e+01 5.933165028443197953e+05
3.320601013638583843e-01 1.317102414735901128e+01 5.094512902352939709e+05
3.428682729253768047e-01 1.306358436807510159e+01 4.388585102367455256e+05
3.539873539384644774e-01 1.296892646425835594e+01 3.779412742954508867e+05
3.654503991591784295e-01 1.287729894868547298e+01 3.226187132079676376e+05
3.772380299371947410e-01 1.278761904067262201e+01 2.795490686315195635e+05
3.893658079049615028e-01 1.270766023928194066e+01 2.406671580254235014e+05
4.018425544478351763e-01 1.263753634897311251e+01 2.073444916816241748e+05
4.146438903952271993e-01 1.256696845230790238e+01 1.786624121284680732e+05
4.278066352499543257e-01 1.250152398220658512e+01 1.542303731398349919e+05
4.412993415324005797e-01 1.243968046976824482e+01 1.330283009465451760e+05
4.551549808085245119e-01 1.238292113488943613e+01 1.148683623072205955e+05
4.693638968577499293e-01 1.233011005562808116e+01 9.898351502455926675e+04
4.838863903619653462e-01 1.228122542426570440e+01 8.558639045974655892e+04
4.987779647855296039e-01 1.223782417516631149e+01 7.392726871351676527e+04
5.140064212684114509e-01 1.219338403302200469e+01 6.390657953093833203e+04
5.295821202427226648e-01 1.215542257406682580e+01 5.532135216177340044e+04
5.455008234783602639e-01 1.211578794317725993e+01 4.780805610122563667e+04
5.617629591727907323e-01 1.208169916160212942e+01 4.142978298842842196e+04
5.783327719185594740e-01 1.204992067397995825e+01 3.559470767309128132e+04
5.951161629711736456e-01 1.201593620429689402e+01 3.118839831078198040e+04
6.118955877820748679e-01 1.198704303884649924e+01 2.714574430785817822e+04
6.288840841249844216e-01 1.196027145910494482e+01 2.363163719075863628e+04
6.461015080850504022e-01 1.193484353652346641e+01 2.061606706598556775e+04
6.637391285230730409e-01 1.190739941058056672e+01 1.797351673982178545e+04
6.818761043576666570e-01 1.188248338725694175e+01 1.564078845727289081e+04
7.005627707209208799e-01 1.185786298364721780e+01 1.362220955414713899e+04
7.197139543327025768e-01 1.183412035305515708e+01 1.185370006542842930e+04
7.395911692732562992e-01 1.181333512664709851e+01 1.028258398446337924e+04
7.601624718043472617e-01 1.179510204918493166e+01 8.896749775198273710e+03
7.814311939980288502e-01 1.177585734102021497e+01 7.719040072889856674e+03
8.034742700201789045e-01 1.175871723993540918e+01 6.674341428554390404e+03
8.263062755667033299e-01 1.174382602689169453e+01 5.761853336893802407e+03
8.499348364076099172e-01 1.172987048576580271e+01 4.975714712660575060e+03
8.743978995687249345e-01 1.171735800896888158e+01 4.282131416773203455e+03
8.997005319623306852e-01 1.170697050798741579e+01 3.683798313518223040e+03
9.258587411845738968e-01 1.169966545833082527e+01 3.168846412644616066e+03
9.528855895831259692e-01 1.168996101567050871e+01 2.721469451818183643e+03
9.807668177195665304e-01 1.168450167144668583e+01 2.336953551548771429e+03
1.009524629608428148e+00 1.168068053558490327e+01 2.004489576853271274e+03
1.039132780023434677e+00 1.167835978557227428e+01 1.719697430311799735e+03
1.069595800682652698e+00 1.167778152756259935e+01 1.476126070839640533e+03
1.100906058929434606e+00 1.168257086751613194e+01 1.264461764890962058e+03
1.133023216060914606e+00 1.168123533349100995e+01 1.083606730835210328e+03
1.165956128607258835e+00 1.168533310557937099e+01 9.226099803035863260e+02
1.199660922774855587e+00 1.169380505743021814e+01 7.955954597885678368e+02
1.234111337033633182e+00 1.170034106351992165e+01 6.776628583888189041e+02
1.269290274980602318e+00 1.170313173622304070e+01 5.851901700393079864e+02
1.305152800178610129e+00 1.171462362120406375e+01 5.022498267064069069e+02
1.341661777296489833e+00 1.172095627422691066e+01 4.310023832187998778e+02
1.377924033151182392e+00 1.173374754651409191e+01 3.713192342486592565e+02
1.413104100144268571e+00 1.174013614802116834e+01 3.201508108017645782e+02
1.447259379361295339e+00 1.174719591669706809e+01 2.795075527259040769e+02
1.480424017627342881e+00 1.175378885709994492e+01 2.453045523710702582e+02
1.512665182924387786e+00 1.175760751991843200e+01 2.157775530353923159e+02
1.544024781286933212e+00 1.175916903320222673e+01 1.902744026776511248e+02
1.574518759701472925e+00 1.175668723146967665e+01 1.681183853709481753e+02
1.604211342657528405e+00 1.175328640038059547e+01 1.491937811802222882e+02
1.633094073420790160e+00 1.174972195048185064e+01 1.326712540346063349e+02
1.661203481977660656e+00 1.174198877837236488e+01 1.182549902786974627e+02
1.688581043642344293e+00 1.173467604673986919e+01 1.054276397748261616e+02
1.715184668437399917e+00 1.172292464122519284e+01 9.431467301717255225e+01
1.741084714611127238e+00 1.171033452852971557e+01 8.449796496360562514e+01
1.766252043858107523e+00 1.169588320214172406e+01 7.588857588957718292e+01
1.790710865826018461e+00 1.167940133527199364e+01 6.828829428805639168e+01
1.814471721874528987e+00 1.166164831227065690e+01 6.116357056590165087e+01
1.837536632611804555e+00 1.164219111894675329e+01 5.537100586376934075e+01
1.859906323910819337e+00 1.162050894179391136e+01 4.980007387140194908e+01
1.881578907528731692e+00 1.159749729012687958e+01 4.527952779078379564e+01
1.902562168186114677e+00 1.157316425092136747e+01 4.099784020300672438e+01
1.922856893848896576e+00 1.154716394834290405e+01 3.717155091131269984e+01
1.942459317658326245e+00 1.151947523965456810e+01 3.374465749825495919e+01
1.961369315573254557e+00 1.149094244384325947e+01 3.066237767139287484e+01
1.979602701065839909e+00 1.146075897240707064e+01 2.791390499670194103e+01
1.997117522929037658e+00 1.142941872587697638e+01 2.542585709473127054e+01
2.013954801621425261e+00 1.139702654948464833e+01 2.321704961947786927e+01
2.030093757191774095e+00 1.136319316784106093e+01 2.120022823425579972e+01
2.045760102722013141e+00 1.132862823124843210e+01 1.936001562853673974e+01
2.060301272239039250e+00 1.129215044439138182e+01 1.775937128404700971e+01
2.074368428050000102e+00 1.125425975217646268e+01 1.623907077141830158e+01
2.087753721196214052e+00 1.121623312574158327e+01 1.494808706728664660e+01
2.100425165976480990e+00 1.117727635935950659e+01 1.374498556883107980e+01
2.112428195682476417e+00 1.113667199579430900e+01 1.265317433483104281e+01
2.123862090894380383e+00 1.109565107015502505e+01 1.161388396137031798e+01
2.134386639996290302e+00 1.105359589724195146e+01 1.075569336917413388e+01
2.144513577772363622e+00 1.101147938258681158e+01 9.928820453645148092e+00
2.153625583675192079e+00 1.096767657542494412e+01 9.188750379146533476e+00
2.162251668709234131e+00 1.092350531781674050e+01 8.513663268838641329e+00
