2.191799393465098389e-01 1.550982308316407554e+01 3.683535669800713658e+06
2.270359217058630918e-01 1.520696924343794088e+01 3.106091179521183018e+06
2.352138248914233676e-01 1.494586696532278758e+01 2.631941458908654284e+06
2.437379151585360726e-01 1.468602829900537721e+01 2.212382052423106041e+06
2.525886201475802673e-01 1.445039614038240572e+01 1.862526046492602443e+06
2.617921829040100179e-01 1.423164942254698140e+01 1.566771780092139263e+06
2.713543896216285556e-01 1.403324446831921435e+01 1.323324086428989191e+06
2.812829912628744267e-01 1.385244604498609711e+01 1.114602746917191893e+06
2.915893207554979827e-01 1.368280571608532270e+01 9.387805521274245111e+05
3.022571848287911034e-01 1.352745524647772513e+01 7.942048292172158835e+05
3.133285351279883613e-01 1.338181149612489129e+01 6.699651042942594504e+05
3.247853097484088014e-01 1.324367262012669855e+01 5.665865191782062175e+05
3.366367149370991241e-01 1.312316486752753697e+01 4.780407787108998164e+05
3.488987867488607120e-01 1.301060167067271145e+01 4.044041336101152701e+05
3.615753547591847306e-01 1.290520753610473115e+01 3.415016124876645044e+05
3.746652311433887883e-01 1.280797892834882923e+01 2.887996606086271931e+05
3.881809240082379486e-01 1.271504880051242559e+01 2.444537001284166472e+05
4.021246527961767625e-01 1.263429013947551027e+01 2.047521825553161325e+05
4.164872735742087828e-01 1.255781675787666529e+01 1.751487794276487257e+05
4.312854544878401142e-01 1.248393799092534096e+01 1.484551847106601635e+05
4.465255320411916640e-01 1.241708326826888431e+01 1.256176075593449932e+05
4.622052119466178444e-01 1.235715543417821571e+01 1.067143596016683441e+05
4.782980027720427074e-01 1.230911334126685119e+01 9.036241769805089280e+04
4.948254888760528214e-01 1.224967394728018633e+01 7.592477960667399748e+04
5.117802199026114662e-01 1.220093729808211158e+01 6.527007373738325259e+04
5.291756708473248638e-01 1.215549466412348423e+01 5.561381492905040795e+04
5.470010645156072604e-01 1.211197385443748509e+01 4.713547194279197720e+04
5.652575501522928425e-01 1.207270815658971408e+01 4.021564793094282504e+04
5.838594641159547960e-01 1.203703790599760026e+01 3.425308867084341910e+04
6.019698634988106534e-01 1.200526552002718539e+01 2.942609321053489111e+04
6.193209718167483890e-01 1.197394566041133501e+01 2.522910124930753227e+04
6.362580384993236082e-01 1.194071996835114291e+01 2.217957201738330332e+04
6.529938542115528710e-01 1.190982843713942074e+01 1.916846584293546039e+04
6.697176097712935761e-01 1.187699030664787436e+01 1.690059136773966020e+04
6.865554114395346907e-01 1.184417960406205417e+01 1.477932051499323825e+04
7.036105645030907851e-01 1.181111191699705287e+01 1.292305191178405403e+04
7.210149834848353922e-01 1.177526641787566319e+01 1.127755288460439624e+04
7.387322472774175974e-01 1.174286528359573190e+01 9.844442021943059444e+03
7.570416885920653316e-01 1.171011031242365519e+01 8.566459259969376944e+03
7.756532983175998819e-01 1.167809850416649198e+01 7.463862756711894690e+03
7.949310870283267105e-01 1.164374447470432372e+01 6.488841570331745970e+03
8.148031894332820047e-01 1.160852326189350769e+01 5.620922692322084913e+03
8.353117764504651710e-01 1.157628479484765016e+01 4.871549123631412840e+03
8.564813634697263645e-01 1.154675637125702181e+01 4.211062370789333727e+03
8.783422347712225298e-01 1.151700022076342123e+01 3.636078540451769641e+03
9.009090131662828016e-01 1.148776139114079697e+01 3.135151451105177784e+03
9.241922361138606989e-01 1.146099095927169209e+01 2.701614181876176644e+03
9.482011107237164893e-01 1.142949275941977660e+01 2.323897228342075323e+03
9.729408635176157727e-01 1.140050607778594305e+01 1.994904432817380439e+03
9.984081388006758040e-01 1.137716748182528370e+01 1.701407728940474044e+03
1.024593782607312598e+00 1.134923764563821891e+01 1.460307971882468792e+03
1.051500419129935970e+00 1.132556400988074508e+01 1.260857769211135519e+03
1.079095331852768513e+00 1.130255804174065837e+01 1.079341657592555066e+03
1.107372524426026406e+00 1.128066192910395493e+01 9.245491529596557712e+02
1.136292385578822062e+00 1.126325038754876928e+01 7.918406006281619511e+02
1.165838609747628096e+00 1.123993683971279900e+01 6.783617659803794595e+02
1.195979092314287229e+00 1.122130762747169896e+01 5.804283417893947217e+02
1.226664536882323464e+00 1.120232804276282046e+01 4.970798743139502562e+02
1.257868122653485576e+00 1.118656718401151728e+01 4.255624307529969883e+02
1.289537178644426296e+00 1.116765324838338280e+01 3.650079966476885147e+02
1.321632235973459579e+00 1.115227192416231894e+01 3.129930601354914188e+02
1.354092541667913929e+00 1.113674460630458718e+01 2.686657838676742358e+02
1.386877796832979293e+00 1.112324382940836998e+01 2.293880400185877875e+02
1.419925937474039612e+00 1.110873831574458848e+01 1.981662646798584717e+02
1.453182210821368336e+00 1.109160519475619111e+01 1.706319677036275095e+02
1.486583837817850418e+00 1.107823102182757857e+01 1.468778976048448897e+02
1.520072449891166189e+00 1.106386232391816016e+01 1.267034873256682772e+02
1.553585812992645643e+00 1.104966351350916653e+01 1.091772560870392255e+02
1.587063371985637961e+00 1.103606695604921484e+01 9.411892473900876155e+01
1.620438613684833218e+00 1.102146075185000029e+01 8.180486978007677124e+01
1.652193979301781690e+00 1.100622265086459173e+01 7.119759245858230656e+01
1.680894757430590136e+00 1.098925775634366353e+01 6.260028283164110974e+01
1.706744942898970496e+00 1.097017938103011758e+01 5.581509155591517413e+01
1.729970637892543239e+00 1.094806245248195431e+01 5.003508075807528854e+01
1.750799637942386688e+00 1.092211615186236351e+01 4.494822674150056940e+01
1.769418054060245993e+00 1.089403875625671425e+01 4.088210276755071249e+01
1.786016124220721979e+00 1.086250134118810529e+01 3.727712415321216355e+01
1.800742245638252248e+00 1.082833596259323095e+01 3.409587693567988964e+01
1.813746492955083944e+00 1.079084207844863208e+01 3.134672322112137977e+01
1.825136287533523527e+00 1.075194384502569633e+01 2.889757647847153876e+01
1.835047190760728419e+00 1.070910911838605273e+01 2.671064224867192038e+01
1.843568485683398261e+00 1.066460060043622526e+01 2.474208004649532100e+01
1.850802643315513807e+00 1.061806684195601669e+01 2.303204166043835599e+01
1.856824850565178986e+00 1.056890817731178345e+01 2.146260028961542332e+01
1.861713915157692911e+00 1.051923980400313319e+01 2.003936123956733084e+01
1.865545402226576721e+00 1.046672774100181691e+01 1.877517937430336659e+01
1.868378647618550881e+00 1.041351330380278917e+01 1.758457596020058133e+01
1.870275895456233295e+00 1.035832511877243611e+01 1.651772750373669396e+01
1.871285876969213113e+00 1.030142883279670052e+01 1.550662520090849661e+01
1.871470724274915565e+00 1.024464912920014825e+01 1.461160005625918856e+01
1.870873062918869012e+00 1.018557361891063273e+01 1.379247913633352773e+01
1.869519107443188499e+00 1.012540706351552977e+01 1.307475640083413637e+01
1.867471231709684432e+00 1.006436889201900087e+01 1.235655260705803826e+01
1.864767947650256552e+00 1.000291441121752278e+01 1.170898548852061438e+01
1.861439860350965647e+00 9.941531412866897455e+00 1.111493291238295278e+01
1.857516309201301619e+00 9.878910998738911431e+00 1.056045692890215015e+01
1.853040420012579625e+00 9.814709822653039595e+00 1.008563697078546717e+01
1.848037158232425092e+00 9.750459558925518522e+00 9.611949321010897052e+00
1.842545525581517518e+00 9.686097339487334423e+00 9.172155727271166015e+00
1.836571091009646217e+00 9.621908548362494429e+00 8.743411047534607405e+00
