2.191799393465098389e-01 1.550982308316407554e+01 3.683535669800713658e+06
2.266942575827770312e-01 1.521643509339738287e+01 3.129278416568967048e+06
2.345017608149457811e-01 1.497412584786843404e+01 2.672356663203224074e+06
2.426275949381495323e-01 1.471327953458388116e+01 2.256477472216308583e+06
2.510459734463271753e-01 1.448241001116986304e+01 1.918034123886164976e+06
2.597911094888185057e-01 1.427582913808956455e+01 1.622246281580243027e+06
2.688614844027997219e-01 1.409201068026547432e+01 1.380766696131937439e+06
2.782660955389846258e-01 1.390781858561040529e+01 1.173149141202409053e+06
2.880116101391629324e-01 1.374178770420516571e+01 9.968086394908811199e+05
2.981001109904407587e-01 1.358618085457881541e+01 8.470884488479112042e+05
3.085541179065850459e-01 1.344907650004741484e+01 7.210430504994306248e+05
3.193278211776219289e-01 1.330605983861431341e+01 6.131547076384401880e+05
3.304943595166694448e-01 1.318780428426498830e+01 5.221386840390508878e+05
3.420321506537152834e-01 1.307666507229877340e+01 4.430905785255894298e+05
3.539220874233614533e-01 1.297057272539191253e+01 3.776800644800901646e+05
3.662034844423371349e-01 1.286785377853714607e+01 3.213851245267984341e+05
3.788937622649506398e-01 1.277548409800992779e+01 2.739919524082744610e+05
3.919242406726056172e-01 1.269389368910217364e+01 2.315936778428319376e+05
4.053720347739431240e-01 1.261570457847631666e+01 1.989720355542292818e+05
4.191997760891588154e-01 1.254323345740207252e+01 1.698378429303683515e+05
4.334387823727029465e-01 1.247505041556704697e+01 1.445699307590535318e+05
4.480799159103631135e-01 1.241223136700883956e+01 1.235869277248867002e+05
4.631142530929607259e-01 1.235315120382342791e+01 1.056500575192406686e+05
4.785338887987088397e-01 1.230331441802215053e+01 9.022244202160759596e+04
4.943455244475218890e-01 1.225021144415099528e+01 7.720587876452163619e+04
5.105564479601969463e-01 1.220333644967652553e+01 6.595271632830635644e+04
5.271681921684855388e-01 1.216326121061707788e+01 5.648388716323496192e+04
5.441743101113388770e-01 1.212005918851673059e+01 4.844547260727307730e+04
5.615744511254847637e-01 1.208214444807873278e+01 4.147470017721138720e+04
5.793213065995593825e-01 1.204526146443827450e+01 3.560175967195577687e+04
5.970322541831911689e-01 1.201379639524247267e+01 3.064487904596767476e+04
6.141985865393487787e-01 1.198102327846159021e+01 2.662455555867632575e+04
6.310632334717840575e-01 1.195194255568405239e+01 2.315996901704456468e+04
6.478934351397086511e-01 1.192147278991760828e+01 2.023515945537917287e+04
6.648086135688843212e-01 1.189274013117373840e+01 1.765695408317786860e+04
6.819152190369209832e-01 1.186126472083235761e+01 1.543453721303483690e+04
6.993197535970973044e-01 1.183371060668646280e+01 1.347761915419310390e+04
7.170978868882698087e-01 1.180299455789313257e+01 1.178457356670389163e+04
7.353201476113805368e-01 1.177445792245781142e+01 1.026636402603854913e+04
7.540208399941727979e-01 1.174552694886611448e+01 8.950743329887485743e+03
7.732866453806105378e-01 1.171899973820333507e+01 7.786184472388001268e+03
7.931565982212355204e-01 1.168921277885545429e+01 6.762670843097913348e+03
8.136382439620568618e-01 1.166276394877520772e+01 5.870711320202366551e+03
8.347906807802011331e-01 1.163577477397008231e+01 5.086801329285195607e+03
8.566354968341056697e-01 1.160881701277871336e+01 4.400323250264542366e+03
8.791926281565165535e-01 1.158464789976681431e+01 3.803428233368476867e+03
9.024801828418624883e-01 1.156220666870898306e+01 3.280861613951082745e+03
9.265158820571393061e-01 1.153812749469416410e+01 2.828986058545343440e+03
9.512953256087258724e-01 1.151958499190073404e+01 2.418442147243319141e+03
9.768247667475092877e-01 1.149966664504259484e+01 2.095947504499347815e+03
1.003111343551208012e+00 1.147972064022430772e+01 1.802760911057636804e+03
1.030156423575343316e+00 1.146572712044337017e+01 1.546517919031388374e+03
1.057919396744859242e+00 1.144912797231280699e+01 1.329191912713155716e+03
1.086406735819301028e+00 1.143136084823967913e+01 1.140859171642434831e+03
1.115608496781153036e+00 1.141648211419611059e+01 9.791223713605470493e+02
1.145486603932118763e+00 1.140379872703141650e+01 8.396857484957769202e+02
1.176032991988176457e+00 1.139522156999908198e+01 7.206477908094299210e+02
1.207197529045587636e+00 1.138041584253200078e+01 6.177452696051982457e+02
1.238958745069836054e+00 1.137167365104815886e+01 5.300997058500861385e+02
1.271273362486151193e+00 1.136155587752219986e+01 4.550014892372890927e+02
1.304112274532948534e+00 1.135139760867815717e+01 3.908602304350620784e+02
1.337417205988772784e+00 1.134546115594475779e+01 3.358807609018957123e+02
1.371150757770645434e+00 1.133787304136536633e+01 2.887568966672882311e+02
1.405258220191623053e+00 1.133215126287508667e+01 2.483439340681687781e+02
1.439693882807121073e+00 1.132721615220787292e+01 2.127296136229092554e+02
1.474400634319984693e+00 1.131782104994752913e+01 1.843954247090802880e+02
1.509315274396422435e+00 1.131222920209871496e+01 1.591673205911815216e+02
1.544399347716312487e+00 1.130575192273656171e+01 1.374785943426620634e+02
1.579571111351585122e+00 1.130016765820210267e+01 1.188450588579264746e+02
1.614782833828479536e+00 1.129662018298540715e+01 1.023801161543227067e+02
1.649964710864323836e+00 1.128871684680403042e+01 8.922125036494156802e+01
1.685020972167678988e+00 1.128230161039443402e+01 7.751893960345341839e+01
1.717102556269296088e+00 1.127479184476101359e+01 6.799516624367323914e+01
1.744869125505127405e+00 1.126409829539556995e+01 6.050418284315548334e+01
1.768794109333035047e+00 1.124872005171892120e+01 5.455972150461712289e+01
1.789310979838170113e+00 1.122934157637519270e+01 4.956491378009874893e+01
1.806821597517055622e+00 1.120556674910511319e+01 4.539547988738671336e+01
1.821646714590260840e+00 1.117822470056341899e+01 4.170411178381937845e+01
1.834083222408053437e+00 1.114757282175510156e+01 3.881152859474858730e+01
1.844367545701358635e+00 1.111357717279024548e+01 3.615974338527389165e+01
1.852719057737058028e+00 1.107574556900148366e+01 3.382074982681448461e+01
1.859322438272457800e+00 1.103515757351340554e+01 3.177126325815191166e+01
1.864340870620119439e+00 1.099260793366892131e+01 2.994154365316503430e+01
1.867911002483762406e+00 1.094734157850253453e+01 2.829937471095861667e+01
1.870174044936506963e+00 1.090042059405142361e+01 2.678434297341963699e+01
1.871226230957053316e+00 1.084985606384256407e+01 2.546633154756881012e+01
1.871170278925798458e+00 1.079903260372548601e+01 2.420767725187709019e+01
1.870112357922437685e+00 1.074563603891665764e+01 2.312162535691526699e+01
1.868103152190456973e+00 1.069059850335752415e+01 2.201480415526596701e+01
1.865245709926521389e+00 1.063459844832823364e+01 2.115392140565058199e+01
1.861592864526317781e+00 1.057704099933150665e+01 2.021106678237050502e+01
1.857196632029706640e+00 1.051877741132426358e+01 1.939237373503623374e+01
1.852120246697211314e+00 1.045858411355508721e+01 1.871642760840751407e+01
1.846434355294726215e+00 1.039831754717621060e+01 1.795913534475919704e+01
1.840149364074551652e+00 1.033656904316810810e+01 1.736016799712425396e+01
1.833321942575978358e+00 1.027450676851863420e+01 1.676257115260789732e+01
1.826017604435071329e+00 1.021124577698340552e+01 1.614746997092698777e+01
1.818224866781422699e+00 1.014758915089946711e+01 1.566349612294009930e+01
1.810018810094753183e+00 1.008333230242528522e+01 1.511484929747716421e+01
1.801403366610891954e+00 1.001882301413627196e+01 1.465422356998160680e+01
