2.191799393465098389e-01 1.550982308316407554e+01 3.683535669800713658e+06
2.257508472238681230e-01 1.525826549707985258e+01 3.184223461589806248e+06
2.325189484900999637e-01 1.505240711397197195e+01 2.795437617192870472e+06
2.395341719870780761e-01 1.482702112685636386e+01 2.411423520556319971e+06
2.467860609619406398e-01 1.462952512776336533e+01 2.101348612507688347e+06
2.542760175535919154e-01 1.440421944951143729e+01 1.801359576224979712e+06
2.620130182943422592e-01 1.422531692782963830e+01 1.560919547936958959e+06
2.700015067400591273e-01 1.406460400961680257e+01 1.352551825348316692e+06
2.782453642082940992e-01 1.390654426230626228e+01 1.172121055767945480e+06
2.867516776048580907e-01 1.376272108784077908e+01 1.019888052526116953e+06
2.955124614082630385e-01 1.368778101707855477e+01 8.826691542230711784e+05
3.045470082803600764e-01 1.349344545515409877e+01 7.668495630729041295e+05
3.138599658236180812e-01 1.337224948427747684e+01 6.649403017081643920e+05
3.234392765060667418e-01 1.326677286213315377e+01 5.783171160008140141e+05
3.332980052891896805e-01 1.315768964068958979e+01 5.009988732362455921e+05
3.434407024594752778e-01 1.306000034568586443e+01 4.360252580813574023e+05
3.538704262684357893e-01 1.297009439585280077e+01 3.783771711946117575e+05
3.646062184017794805e-01 1.287938330736073134e+01 3.291458954782555229e+05
3.755926510667524920e-01 1.280179339389329307e+01 2.834251921968274983e+05
3.869180267605880630e-01 1.272342911025413592e+01 2.480511302779359103e+05
3.985226306873135282e-01 1.265633023140629554e+01 2.159476135867729899e+05
4.104500545721626592e-01 1.258699301068589094e+01 1.876454346249028749e+05
4.226377532161206263e-01 1.252575101461692775e+01 1.632480995193791750e+05
4.351566395712462842e-01 1.246915000590250600e+01 1.419679662098478002e+05
4.479853947986113805e-01 1.241222988885597012e+01 1.236731922764748015e+05
4.611157729036495789e-01 1.236256583737825387e+01 1.078274502098414232e+05
4.745326604630973888e-01 1.231219613989304307e+01 9.412661492813314544e+04
4.882659141099021660e-01 1.226861867913808091e+01 8.183463900423365703e+04
5.022791584033489132e-01 1.222688017469457478e+01 7.147339096749867895e+04
5.166120700157555978e-01 1.218859383978326427e+01 6.231911792855917156e+04
5.312482609551383295e-01 1.214943334500027916e+01 5.438379989333957928e+04
5.461855906395961524e-01 1.211376042232614836e+01 4.756329950414845371e+04
5.614254011560819713e-01 1.208202513078006035e+01 4.151269795687483565e+04
5.769243093354261553e-01 1.205192171300021542e+01 3.632135355640709167e+04
5.927393289070120863e-01 1.202123554362836977e+01 3.177537267093732589e+04
6.089473386192129079e-01 1.199335864934714557e+01 2.779709399974671760e+04
6.255984435819625933e-01 1.196761072589516139e+01 2.430433522958498361e+04
6.428038710593034777e-01 1.194450844262402356e+01 2.121110937946267222e+04
6.606228415290116285e-01 1.192014874222000209e+01 1.839072426724978504e+04
6.790792273791151912e-01 1.189778327558896542e+01 1.612865834940901186e+04
6.982561122621979699e-01 1.187838455535148618e+01 1.402866171415898862e+04
7.181924262348620136e-01 1.186148711065848893e+01 1.217083577867373970e+04
7.389260275211475548e-01 1.184627569700522010e+01 1.055070174703553494e+04
7.604734844239993130e-01 1.183060101962204236e+01 9.114134032029456648e+03
7.828871640225945061e-01 1.182004568949957957e+01 7.891452684103445790e+03
8.061745203675417804e-01 1.181145519579903791e+01 6.807440647000255012e+03
8.303596291606254454e-01 1.180299430245353776e+01 5.869084249671370344e+03
8.554660762690674547e-01 1.179806370956777073e+01 5.048803852681463468e+03
8.815047403604344689e-01 1.179566519857381479e+01 4.347852534528658907e+03
9.084921501699961821e-01 1.179533818766800302e+01 3.706617897460806944e+03
9.364187069004251684e-01 1.179778812641478680e+01 3.180455417827286510e+03
9.653022461372434693e-01 1.181406480486882593e+01 2.751441927483202562e+03
9.951509111958835030e-01 1.180757299754094092e+01 2.363226091769964114e+03
1.025953297767905115e+00 1.181582921113647089e+01 2.025088126985512190e+03
1.057711483261013274e+00 1.182648067267447978e+01 1.734705779410244759e+03
1.089662810178710917e+00 1.183792649160211319e+01 1.492201414016169110e+03
1.120985457402702723e+00 1.185386858657592590e+01 1.290845227278658058e+03
1.151756955281211470e+00 1.185982398060970944e+01 1.113652974493281135e+03
1.181991869689171581e+00 1.186983205532781938e+01 9.752315274573096531e+02
1.211791850238829849e+00 1.187899476489510420e+01 8.574261661445038953e+02
1.241195183882619624e+00 1.189027422714582194e+01 7.532867336212718783e+02
1.270167404461671978e+00 1.189326502095112836e+01 6.639011082073534453e+02
1.298810892518237115e+00 1.189934603053702844e+01 5.859381937504698499e+02
1.327148706223899355e+00 1.190303366031875498e+01 5.185621339879264724e+02
1.355112893708462218e+00 1.190544714742866361e+01 4.592925597620936742e+02
1.382831292695579917e+00 1.190967091252338861e+01 4.079906980486138082e+02
1.410261989792686022e+00 1.190684926326464677e+01 3.625824406962216244e+02
1.437414474590556157e+00 1.190451846056526719e+01 3.232516606272019430e+02
1.464290005066256173e+00 1.190499284499625077e+01 2.877922854270554467e+02
1.490909348356315389e+00 1.190054693543744868e+01 2.570297747308644034e+02
1.517253246515087861e+00 1.189477646635567432e+01 2.296400796332979155e+02
1.543330774513447023e+00 1.188585272768267131e+01 2.054624558760343973e+02
1.569139099017151873e+00 1.187977154130338420e+01 1.840348750803874793e+02
1.594675560581368723e+00 1.186732676615472748e+01 1.649982184112866435e+02
1.619922425313993886e+00 1.185693548837618394e+01 1.480882429307819450e+02
1.644879439284594236e+00 1.184525186629463711e+01 1.328410333981245515e+02
1.669523841898587602e+00 1.183209439494525483e+01 1.194347892725975697e+02
1.693859848753597630e+00 1.182016950497978414e+01 1.074965538321988561e+02
1.717899530011229636e+00 1.180273269181368789e+01 9.672265985349405071e+01
1.741547900459777587e+00 1.178600501989594740e+01 8.721449553411831346e+01
1.764861284549247511e+00 1.176838505451705963e+01 7.865577431811411202e+01
1.787822695544894369e+00 1.174940601729850620e+01 7.103389022893674110e+01
1.810400453238703244e+00 1.172998848770941294e+01 6.411974791621645409e+01
1.832579921645309806e+00 1.170885643708688839e+01 5.806365397079779456e+01
1.854473569321431148e+00 1.168719540820608493e+01 5.244137779764046314e+01
1.875704018527933892e+00 1.166381738587002026e+01 4.759307646301751049e+01
1.896619442251442855e+00 1.164039945293813716e+01 4.315855751313625177e+01
1.917079941105573226e+00 1.161541275907165449e+01 3.901320726707427866e+01
1.937074157680408248e+00 1.158938590731089668e+01 3.558950241962710237e+01
1.956587318693476574e+00 1.156300358166754272e+01 3.238986738978149305e+01
1.975610659620086862e+00 1.153541803107204089e+01 2.947490810532261563e+01
1.994150677069691513e+00 1.150784226635677499e+01 2.684129199812442934e+01
2.012131097933185675e+00 1.147795689280356513e+01 2.450923055095353575e+01
2.029604237683158896e+00 1.144748186580300953e+01 2.238863752653514183e+01
2.046538206799864756e+00 1.141693583423194447e+01 2.047246333054065914e+01
2.062915414714136197e+00 1.138533494997855833e+01 1.872982222145885700e+01
2.078741133172404165e+00 1.135230809567763366e+01 1.715187907445605475e+01
2.094000506504007486e+00 1.131949932731511410e+01 1.573255672154601825e+01
2.108695097183582501e+00 1.128554261007146486e+01 1.439232770042529275e+01
2.122793467537297474e+00 1.125111641136534502e+01 1.327658790532036015e+01
