2.191799393465098389e-01 1.550982308316407554e+01 3.683535669800713658e+06
2.241537444877732821e-01 1.534956471099405206e+01 3.353373397158588283e+06
2.292609763132505973e-01 1.513007283123859104e+01 2.958873957723588683e+06
2.345039876910499088e-01 1.495597019028655161e+01 2.653815710553330369e+06
2.398844469562436965e-01 1.479492662859180285e+01 2.382611492023129947e+06
2.453997429023358212e-01 1.464266263828447379e+01 2.143981198805729859e+06
2.510505551384877854e-01 1.448992710090794134e+01 1.914569624425657792e+06
2.568456651364624532e-01 1.434171397154393368e+01 1.718369432527156780e+06
2.627840139472449876e-01 1.420675800434482028e+01 1.538274088655874133e+06
2.688689585432351703e-01 1.408425449717422495e+01 1.380524168137562694e+06
2.751020989140258166e-01 1.396886524863357160e+01 1.241309770383985015e+06
2.814854469849110696e-01 1.384754349820598307e+01 1.110831400669569848e+06
2.880223790256945526e-01 1.373853877530514289e+01 9.977289902279633097e+05
2.947059776558183519e-01 1.363430551355800091e+01 8.964040514037384419e+05
3.015624072167858993e-01 1.353613156691591257e+01 8.029645484103184426e+05
3.085683098482068232e-01 1.344457867925322958e+01 7.202760990491148550e+05
3.157076911323282165e-01 1.335095252893819939e+01 6.470519005274067167e+05
3.230247066846783088e-01 1.326630022395961639e+01 5.795204697179818759e+05
3.305125460236533197e-01 1.319615247403230640e+01 5.208063135762949241e+05
3.381526059099952408e-01 1.310975508395914524e+01 4.686492664480368258e+05
3.459643401764646020e-01 1.304096181962118628e+01 4.203141189706714940e+05
3.539443428088605570e-01 1.296576308682147172e+01 3.775024956816057093e+05
3.620912849220692120e-01 1.290268376136602946e+01 3.390908841783545213e+05
3.704066645985377160e-01 1.283781884670535689e+01 3.049565672991360188e+05
3.789200164795171744e-01 1.277686803631462809e+01 2.740780476129044546e+05
3.875586062579725044e-01 1.272035133798653206e+01 2.463957517434796609e+05
3.963988532132359799e-01 1.266545132053369294e+01 2.216354992347040679e+05
4.054039997859223976e-01 1.261523683405329876e+01 1.989010340534655261e+05
4.145786744148274305e-01 1.256594686119456306e+01 1.790931166013240290e+05
4.239444604582491283e-01 1.251850094622691323e+01 1.610323464548062766e+05
4.334769716653756322e-01 1.247743139073886987e+01 1.447286214835088176e+05
4.431862080113052049e-01 1.243257251394594576e+01 1.304901690081263368e+05
4.530730425399787098e-01 1.238921572711571351e+01 1.172824211144445726e+05
4.631587713334569534e-01 1.235412993605416787e+01 1.056660231501894450e+05
4.733940203937445634e-01 1.231751760965433640e+01 9.489509227657251176e+04
4.837929555362330825e-01 1.228711790634779533e+01 8.548295041054583271e+04
4.943968891713126368e-01 1.224917224956586104e+01 7.712731220061914064e+04
5.051606345835963907e-01 1.221922409208827531e+01 6.949115077504464716e+04
5.161048084504260558e-01 1.218855542256709157e+01 6.268461720071922173e+04
5.272264319993347215e-01 1.216069774003797122e+01 5.650389333832026750e+04
5.385215169898047716e-01 1.213291639480431527e+01 5.092818008614730206e+04
5.499929268730164855e-01 1.210884944059067259e+01 4.599862123068732762e+04
5.616399131253009269e-01 1.207957373345397656e+01 4.146284409285942093e+04
5.734283225752766500e-01 1.205935561968697378e+01 3.745379134931799490e+04
5.854018962590639141e-01 1.203553450474775133e+01 3.373976450646320882e+04
5.975360227197964447e-01 1.201242715098430125e+01 3.054725001591267210e+04
6.098929498543860239e-01 1.199081670602126160e+01 2.761961608805783180e+04
6.224920064036841838e-01 1.197079203202321374e+01 2.490427946938657988e+04
6.353800416894970216e-01 1.195320226846298262e+01 2.249965348120804993e+04
6.485953894816948173e-01 1.193415242826265477e+01 2.028976189696718211e+04
6.621071436862618897e-01 1.191634104545438788e+01 1.828960165084571781e+04
6.760273897295859813e-01 1.190113765052007011e+01 1.645958904848271413e+04
6.903168585875022467e-01 1.188334754666605342e+01 1.482352655975236848e+04
7.050166608749055541e-01 1.186883468169032696e+01 1.332642971049172047e+04
7.201360745868152780e-01 1.185639468110282557e+01 1.196943684106099136e+04
7.357246435438183907e-01 1.184523137281241034e+01 1.075664947560956898e+04
7.517523961426443302e-01 1.183066064988748067e+01 9.646316453070394346e+03
7.682541090217972490e-01 1.182283397190159846e+01 8.645224708415855275e+03
7.852462098838713933e-01 1.181338534998336698e+01 7.745124686053239202e+03
8.027365482418435949e-01 1.180391462639651756e+01 6.926035538840429581e+03
8.207278749064322865e-01 1.179986745672985293e+01 6.155302762943208108e+03
8.392257933319013929e-01 1.179439457106678368e+01 5.541720415683156716e+03
8.582515848188073670e-01 1.178965656592515820e+01 4.943124139431956792e+03
8.778000004285023694e-01 1.178729106838452090e+01 4.410070455364182635e+03
8.978832839221572160e-01 1.178349713440165836e+01 3.935045137300692659e+03
9.184971804878739876e-01 1.178591874176872167e+01 3.506162244026793360e+03
9.396453567446739763e-01 1.178362923126318584e+01 3.124821056593470985e+03
9.613341432254320917e-01 1.178859745050502994e+01 2.784578272394087435e+03
9.835682859310796999e-01 1.179125764147504363e+01 2.480950074624302943e+03
1.006343852827877861e+00 1.179638096126683600e+01 2.207013929150002241e+03
1.029645475216566242e+00 1.180770566017787893e+01 1.966700690143811471e+03
1.053495050209706907e+00 1.180786864557228455e+01 1.750192864891283989e+03
1.077858487709889790e+00 1.181660637391481750e+01 1.558425828082323733e+03
1.102752955352790831e+00 1.182479725861589692e+01 1.380246702914729667e+03
1.128137309148868672e+00 1.183402447188607987e+01 1.233440551952510305e+03
1.153780882543660402e+00 1.184368355284967400e+01 1.099750857178122715e+03
1.179617873307966081e+00 1.185857597867091862e+01 9.811169871504710045e+02
1.205630029092556788e+00 1.187131752719907496e+01 8.761803073909261457e+02
1.231867562028880814e+00 1.187903311834214293e+01 7.837255897928928334e+02
1.258270700674045450e+00 1.189068915109254654e+01 7.010949497249237083e+02
1.284860891010479511e+00 1.190420445929983728e+01 6.275704271987930269e+02
1.311614569927692431e+00 1.191586147186928812e+01 5.619800134268418788e+02
1.338571194798018560e+00 1.192938115732109772e+01 5.043036882627728232e+02
1.365609694028011134e+00 1.194118567510269102e+01 4.528451943155717458e+02
1.392855000828943979e+00 1.195407005559667368e+01 4.066827902811205036e+02
1.420213444840113803e+00 1.196670158048811672e+01 3.657274506177530498e+02
1.447739308756365695e+00 1.197948041078095294e+01 3.291440262058520148e+02
1.475334193848992115e+00 1.199051367697149040e+01 2.964686160075892190e+02
1.503030509605696619e+00 1.200264288816970648e+01 2.670915693223295193e+02
1.530829228810088871e+00 1.201471729554847379e+01 2.406414576666557821e+02
1.558697506923712339e+00 1.202671731874937322e+01 2.171052639606887453e+02
1.586654854661836644e+00 1.204084508716089630e+01 1.946985308102951251e+02
1.614623457216537883e+00 1.204960302823404916e+01 1.769707780230138212e+02
1.642649205418465153e+00 1.206023066270735100e+01 1.600218188779232946e+02
1.670668134530146842e+00 1.207106175279969662e+01 1.448031169203277386e+02
1.698667376774984250e+00 1.208382148937671374e+01 1.309714684320793481e+02
1.726649057358502048e+00 1.209107204741036234e+01 1.186821766741744852e+02
1.754620066848581850e+00 1.210023285505755197e+01 1.076093377423167539e+02
1.782517838808200361e+00 1.210979980312371218e+01 9.757734305800325103e+01
1.810341044224209384e+00 1.211877304548388778e+01 8.853485916891847296e+01
