2.191799393465098389e-01 1.550982308316407554e+01 3.683535669800713658e+06
2.251616754444784596e-01 1.527758749587895259e+01 3.245505226991517004e+06
2.313402018760557788e-01 1.506879674194345142e+01 2.842164375191365369e+06
2.377111775996044174e-01 1.486368914077367265e+01 2.496642026945474092e+06
2.442853535372181140e-01 1.466612961954351491e+01 2.181043856519042514e+06
2.510479810890430818e-01 1.448806663341408907e+01 1.914674548501215642e+06
2.580178007724813205e-01 1.431963843663525182e+01 1.679136274532213109e+06
2.651957575647707621e-01 1.415916929218045617e+01 1.474428302861369215e+06
2.725859702931461848e-01 1.400842057359691317e+01 1.294667462167570135e+06
2.801908200418481432e-01 1.386926266039177769e+01 1.137645520617139759e+06
2.880159692680994699e-01 1.373898679560291036e+01 9.969087726368388394e+05
2.960547224959541035e-01 1.361157462749283198e+01 8.770372184728338616e+05
3.043208249064501270e-01 1.349777456316335389e+01 7.678353920498975785e+05
3.128268401743001248e-01 1.339087866716615594e+01 6.755136876458333572e+05
3.215410727066769780e-01 1.329042534276360499e+01 5.931582125126461033e+05
3.305012744285804605e-01 1.318511954197783176e+01 5.219584755910874228e+05
3.396894338700942595e-01 1.309484751775214306e+01 4.585081247571490821e+05
3.491227533687821238e-01 1.300779079573117336e+01 4.028922719094000640e+05
3.587950554622499899e-01 1.292545100112709200e+01 3.545148269428206841e+05
3.687329501245266705e-01 1.284988719891446607e+01 3.111540557678540936e+05
3.789045949790942336e-01 1.277737651335364788e+01 2.732073693619580008e+05
3.892920424361703269e-01 1.270974162126806206e+01 2.412306857607701677e+05
3.999565704874347150e-01 1.264597808817951829e+01 2.123219447839727800e+05
4.108911282009918287e-01 1.258709391736833361e+01 1.869917533819984819e+05
4.220320026492901389e-01 1.252783976825471690e+01 1.644635477862494590e+05
4.334537731554969353e-01 1.247767831081986145e+01 1.446632913080563885e+05
4.451394802420940433e-01 1.242618061193547341e+01 1.277662550221364509e+05
4.570561737494923671e-01 1.237876449031912784e+01 1.123656470903665031e+05
4.692495236989694951e-01 1.233131446993509073e+01 9.921329653461555426e+04
4.816702117620021428e-01 1.228881508586766280e+01 8.740953382332988258e+04
4.943656595623923122e-01 1.224885200315103972e+01 7.707672072508343263e+04
5.073027829444037851e-01 1.221404339816745654e+01 6.800009094376425492e+04
5.204982841403928973e-01 1.217743311197055434e+01 6.007960639740469924e+04
5.339468152495731035e-01 1.213980391935624148e+01 5.322762239496509574e+04
5.476473037057115745e-01 1.211091696949937102e+01 4.690212580587211414e+04
5.616006895502739793e-01 1.208305706786004308e+01 4.151495908700613654e+04
5.757749372035616542e-01 1.205225093690772376e+01 3.636093395290876651e+04
5.900694551286042033e-01 1.202693650881625764e+01 3.251936977907428081e+04
6.041230605532990072e-01 1.200027669748490133e+01 2.892827238321890763e+04
6.180074664555349484e-01 1.197706180464694903e+01 2.577497509984503995e+04
6.318528111058451247e-01 1.195015754156099597e+01 2.303410234619221228e+04
6.457519851892775664e-01 1.193009024571505350e+01 2.058108627043968954e+04
6.597391336819923291e-01 1.190601925202652112e+01 1.843501527141267070e+04
6.739145458155325619e-01 1.187934012025101715e+01 1.651500247734185177e+04
6.883091441095223750e-01 1.185923596674629366e+01 1.462514401334725881e+04
7.029602475725543753e-01 1.183754485749623697e+01 1.320738309369119816e+04
7.179714401065523388e-01 1.181419295343894404e+01 1.180852587824549482e+04
7.332348605715268697e-01 1.179008305526192935e+01 1.055149142834403392e+04
7.488751120137437933e-01 1.177119716998990384e+01 9.413650590625675250e+03
7.649312162724589692e-01 1.175006268109759411e+01 8.396243182122361759e+03
7.813907938446248425e-01 1.173036402248775367e+01 7.477185774438499720e+03
7.982932324082305797e-01 1.170900018445110469e+01 6.654727443438461705e+03
8.157002342354252589e-01 1.169105139903905410e+01 5.921565028776010877e+03
8.334818956329060891e-01 1.167188152699640113e+01 5.262032740322514655e+03
8.517987587385296155e-01 1.165535256945087283e+01 4.673992463791000773e+03
8.706169870114790488e-01 1.163867022071528545e+01 4.140243505075222856e+03
8.899238822851439634e-01 1.161956166396418411e+01 3.666620209698976851e+03
9.097597468389313491e-01 1.160605643858276181e+01 3.249763802521513753e+03
9.301123406778667446e-01 1.159165936324021118e+01 2.876865587137785496e+03
9.509950660872639183e-01 1.157998524507013549e+01 2.543226437850081766e+03
9.723870752625040081e-01 1.156651879062786570e+01 2.248447444124689355e+03
9.943038576121779881e-01 1.155981547134182463e+01 1.986745881706407090e+03
1.016619606979249024e+00 1.154278935399063677e+01 1.756247738818923835e+03
1.039107404241930377e+00 1.153276064607945273e+01 1.553333946902827620e+03
1.061786692652709752e+00 1.152317222561918264e+01 1.375999578337108460e+03
1.084607559688223200e+00 1.151382031368997971e+01 1.220798190152636153e+03
1.107608478392221318e+00 1.150472763495950446e+01 1.082187380799834045e+03
1.130814612352182724e+00 1.149540265903419112e+01 9.613551019869537413e+02
1.154127749068708741e+00 1.148749052979871799e+01 8.537209666666933572e+02
1.177634646828498388e+00 1.147860137893616894e+01 7.599853909405370587e+02
1.201292906366724589e+00 1.147079258638355803e+01 6.758390953165144310e+02
1.225143503344428897e+00 1.146521263473813157e+01 6.012556710268132747e+02
1.249066956523749994e+00 1.145554003233693585e+01 5.356812932980590176e+02
1.273145805986644286e+00 1.144468222055625439e+01 4.777570605969133339e+02
1.297368563563823241e+00 1.143938074958229656e+01 4.255551130843450096e+02
1.321683593121851574e+00 1.142944540781913432e+01 3.801077619800524303e+02
1.346099870677541555e+00 1.141893148353107179e+01 3.392142905498250798e+02
1.370616872295354227e+00 1.140962121352721326e+01 3.028737452229667610e+02
1.395145792129406148e+00 1.140051467225051063e+01 2.710319114562025788e+02
1.419745871652630331e+00 1.139207818630555202e+01 2.423488801953907341e+02
1.444393646640417028e+00 1.138056009591973172e+01 2.167988872209000704e+02
1.469113785177585507e+00 1.137173944677018156e+01 1.941901310275480910e+02
1.493702177748873927e+00 1.136173423568162555e+01 1.739710705692745307e+02
1.518343438812803425e+00 1.135097214874066296e+01 1.553695439780597667e+02
1.542898268960073649e+00 1.133925712217706661e+01 1.400483381102492331e+02
1.567417225954223614e+00 1.132823982494301873e+01 1.257912397645736604e+02
1.591847022293013891e+00 1.131610459965463100e+01 1.131197605319127177e+02
1.616176318778828280e+00 1.130441030278282355e+01 1.016278198088581206e+02
1.640369563462771074e+00 1.129275079167599394e+01 9.150083796097014499e+01
1.664422993314234489e+00 1.127946832256245457e+01 8.242437873269476256e+01
1.688295862470282627e+00 1.126646785858767785e+01 7.430976555102959935e+01
1.711965096253516894e+00 1.125266656589604786e+01 6.702719335233801701e+01
1.735503406654683944e+00 1.123881240787094171e+01 6.045962458205434586e+01
1.758658595601801489e+00 1.122366884265448306e+01 5.445087440176082794e+01
1.781632699944698528e+00 1.120878044547876407e+01 4.946468869290809067e+01
1.804335289478230075e+00 1.119333035785974140e+01 4.470902874095339286e+01
1.826707531876795576e+00 1.117725596607478700e+01 4.056118579682617309e+01
1.848777730160884980e+00 1.116115210908843736e+01 3.677800540879399449e+01
1.870511475533672030e+00 1.114401987193328303e+01 3.338319335650090380e+01
1.891882664621407972e+00 1.112645593403707167e+01 3.032758784986544853e+01
