2.191799393465098389e-01 1.550982308316407554e+01 3.683535669800713658e+06
2.259452584757290494e-01 1.525376864870434623e+01 3.185680602937963791e+06
2.329359165767762863e-01 1.501215166915208066e+01 2.749418711799168959e+06
2.401871421546925289e-01 1.479465842769977257e+01 2.354024758256446104e+06
2.476751687942660152e-01 1.458432666298073599e+01 2.052129180702964542e+06
2.554247967591777857e-01 1.438680791232059875e+01 1.760294100482926704e+06
2.634372349188861540e-01 1.419771163296667282e+01 1.525413576867963886e+06
2.717171623173075812e-01 1.403221394778488218e+01 1.312681094088645885e+06
2.802700831674723170e-01 1.386840396383057339e+01 1.135755167928367155e+06
2.891014235541323751e-01 1.371769124989309141e+01 9.817317142512939172e+05
2.982111789842680771e-01 1.357999236850369229e+01 8.472598024440191220e+05
3.076003303472132910e-01 1.345918086539585090e+01 7.319002575264096959e+05
3.172908274124274786e-01 1.334201706096945195e+01 6.303043091831267811e+05
3.272676142401838018e-01 1.322812141487255211e+01 5.466120852803533198e+05
3.375351031065857987e-01 1.311644682752585211e+01 4.720671050909439800e+05
3.481131575319043048e-01 1.301684366392531622e+01 4.083359051909584086e+05
3.589971554582959135e-01 1.292602005591849768e+01 3.531010653808281058e+05
3.701902631248627507e-01 1.283727565251774116e+01 3.060885807545794523e+05
3.817148880053696791e-01 1.275959057362378068e+01 2.643335843576308689e+05
3.935207725258307865e-01 1.268220299629852832e+01 2.289701719968301186e+05
4.056625290747913337e-01 1.261180898490024127e+01 1.984147372260892589e+05
4.181152375376549490e-01 1.254301787168313886e+01 1.719519527011362079e+05
4.308961506241569817e-01 1.248645901365955346e+01 1.488636053777345223e+05
4.440170103115476663e-01 1.242861944690699616e+01 1.291379546400001564e+05
4.574267005382991469e-01 1.237388285089157414e+01 1.119320429442721797e+05
4.711954068410375562e-01 1.232711492510021500e+01 9.615025929728506890e+04
4.852411515706056000e-01 1.227869855619625561e+01 8.445595733637850208e+04
4.996338023643172588e-01 1.223380790567095211e+01 7.271990921707029338e+04
5.143416739511976754e-01 1.219284813882438101e+01 6.372224657372203365e+04
5.293745935270942615e-01 1.215892969335771134e+01 5.534065995853677305e+04
5.447273869980706618e-01 1.211919623530180878e+01 4.821374542659721919e+04
5.604002323753113357e-01 1.208472812948772912e+01 4.192145802639047179e+04
5.763606347464852453e-01 1.205372568073268269e+01 3.615579055449704902e+04
5.923145918213557071e-01 1.202163754425196807e+01 3.179156369277242266e+04
6.074506001200568051e-01 1.199496508064564182e+01 2.787638577114010695e+04
6.220856985419355167e-01 1.196591147856321413e+01 2.490037834680077503e+04
6.363291125095258405e-01 1.193936693505526137e+01 2.211107898017459956e+04
6.503910194796310718e-01 1.191306958396078919e+01 1.973163027579172194e+04
6.643637247607595553e-01 1.188181871380174570e+01 1.760173691829048039e+04
6.783352848771690979e-01 1.185337456033025738e+01 1.572702401059685326e+04
6.923936648921903414e-01 1.182581178800432475e+01 1.392968473138821901e+04
7.065823400435518042e-01 1.179374290685258941e+01 1.253141677717205675e+04
7.210632307320864465e-01 1.176370084265083449e+01 1.118164725067720792e+04
7.356411205957031907e-01 1.173620529396585788e+01 9.968899437334590402e+03
7.505809793623986481e-01 1.170589504948504711e+01 8.883263942821713499e+03
7.658578212509754568e-01 1.167111046192431445e+01 7.921405975460465925e+03
7.815581804162681223e-01 1.164325251912376480e+01 7.031927570757664398e+03
7.975305363374729506e-01 1.161005758420414047e+01 6.246056714577926869e+03
8.139837335786425099e-01 1.158041986826353309e+01 5.538574702317725496e+03
8.308841963925309715e-01 1.155342153603107214e+01 4.903573828542033880e+03
8.482170601119807252e-01 1.152218397349344237e+01 4.347597892911318013e+03
8.660864652650663853e-01 1.149309000497065369e+01 3.837976380256638549e+03
8.843522153363966298e-01 1.146338309552542967e+01 3.395435652000845494e+03
9.031527016029076149e-01 1.143471781350927508e+01 2.987328625340880080e+03
9.224600840479855179e-01 1.140685891768993621e+01 2.634380774238673439e+03
9.422691425788936037e-01 1.138041733785394882e+01 2.319360439763639079e+03
9.625944679688729355e-01 1.135262632143367512e+01 2.040148407367828440e+03
9.834330787555476405e-01 1.132631050052576427e+01 1.794302832854211829e+03
1.004775510874798439e+00 1.130151501782956913e+01 1.574344973814904961e+03
1.026615442392355249e+00 1.127781359949631934e+01 1.381787499375093603e+03
1.048947394089764673e+00 1.125552911056697347e+01 1.214381945717134386e+03
1.071768532407711083e+00 1.123050447778906502e+01 1.065778191739117119e+03
1.095058252682181710e+00 1.121229870392402184e+01 9.337252255062077211e+02
1.118797853999109027e+00 1.119050266238323132e+01 8.190002991490767954e+02
1.142985389947588137e+00 1.116705890186910821e+01 7.129322649565990559e+02
1.167580270816364507e+00 1.114532040063748042e+01 6.291365544575276090e+02
1.192576392383948303e+00 1.112656895602492568e+01 5.517820300738687820e+02
1.217953504805525000e+00 1.110760309050037087e+01 4.835300882076932680e+02
1.243670422888837779e+00 1.108937083310109983e+01 4.241840353235003818e+02
1.269713931873476476e+00 1.106984733579291458e+01 3.698086496608661378e+02
1.296049156827402626e+00 1.105551864524124994e+01 3.265340674413747593e+02
1.322638563951565205e+00 1.103811874839926688e+01 2.866227856033698345e+02
1.349470063977404877e+00 1.101987099748716226e+01 2.517662310981096994e+02
1.376492331833230942e+00 1.100414867129594576e+01 2.211963078748853775e+02
1.403566041506011608e+00 1.098687217622951806e+01 1.939904865312186928e+02
1.430354298109398403e+00 1.097141464069781414e+01 1.716539592424449552e+02
1.456796658951466483e+00 1.095496532447792859e+01 1.517163266924405605e+02
1.482866683233980520e+00 1.093897761407532876e+01 1.342946182021922539e+02
1.508567443913440442e+00 1.092150214095662264e+01 1.191956011827327586e+02
1.533870796873155751e+00 1.090318263493819728e+01 1.059928729393697751e+02
1.558760903937947750e+00 1.088566138539585992e+01 9.433416574741663396e+01
1.583225616634473809e+00 1.086662791950481655e+01 8.417053845514499244e+01
1.607254403467183623e+00 1.084711586609341083e+01 7.485760351716656658e+01
1.630842490460772343e+00 1.082685242472173037e+01 6.728572452821630634e+01
1.653957086979283897e+00 1.080532919095390731e+01 6.021460955464040410e+01
1.676607687750170994e+00 1.078395093324757603e+01 5.409300361965331660e+01
1.698750440607014411e+00 1.076107942453804434e+01 4.866330443372073944e+01
1.720385459166429376e+00 1.073779399587168726e+01 4.357866899862251131e+01
1.741516087005403168e+00 1.071409150099954388e+01 3.945036815389557461e+01
1.762128746739941354e+00 1.068911947838198273e+01 3.557942225263191460e+01
1.782178673704759131e+00 1.066292274923362626e+01 3.206302416524744814e+01
1.801722293219604198e+00 1.063649858474029486e+01 2.909564204472758320e+01
1.820634266668746504e+00 1.060941705659124246e+01 2.637223155482223902e+01
1.839008350760444443e+00 1.058209002481971162e+01 2.384828799187420856e+01
1.856807334562970313e+00 1.055298646434109955e+01 2.174049248052619987e+01
1.873998542509899945e+00 1.052333034982112281e+01 1.973706724574235594e+01
1.890714083564895232e+00 1.049428318389452919e+01 1.799982708835687006e+01
1.906632150157169914e+00 1.046259496577600245e+01 1.643784648582557395e+01
1.921994772016894171e+00 1.043088768802529742e+01 1.501157026951726259e+01
1.936775178412299070e+00 1.039874846680400822e+01 1.369011793062566973e+01
