2.191799393465098389e-01 1.550982308316407554e+01 3.683535669800713658e+06
2.250345453888765723e-01 1.528429639631421821e+01 3.243057373436522204e+06
2.310555892260710287e-01 1.510245389928601867e+01 2.846431605121053755e+06
2.372792937048535111e-01 1.486786821051489937e+01 2.508372851562492084e+06
2.436839554996489410e-01 1.468542692403131866e+01 2.214014162258415483e+06
2.502717019772225382e-01 1.453611332072594564e+01 1.939920958111960208e+06
2.570598366230247844e-01 1.434608524318768197e+01 1.715158558874817332e+06
2.640443291851062302e-01 1.418090816112619379e+01 1.504076486154363491e+06
2.712323867380421749e-01 1.403672525758968881e+01 1.326745897944455966e+06
2.786323428481062847e-01 1.389932763453795950e+01 1.154406854686634615e+06
2.862261605274889487e-01 1.376738489316625902e+01 1.026754187521844986e+06
2.940374543594464485e-01 1.364424518528492136e+01 9.058306303117052885e+05
3.020549915203682989e-01 1.352926290241894236e+01 7.958468949644844979e+05
3.102909881335318421e-01 1.342396194086489380e+01 7.019303307453888701e+05
3.187482284975667324e-01 1.331789859913507534e+01 6.186008711423231289e+05
3.274408737349850940e-01 1.321850146903357981e+01 5.390087971324933460e+05
3.363338861484221343e-01 1.312847356488835082e+01 4.795736029648342519e+05
3.454653778730348845e-01 1.304202622843471282e+01 4.232012364381987136e+05
3.548335411302476206e-01 1.295870716458441585e+01 3.727831701606776332e+05
3.644397835993954948e-01 1.287957895456909974e+01 3.294145195381652447e+05
3.742481865567605093e-01 1.280949596319581651e+01 2.901078423906945973e+05
3.843204403836615879e-01 1.274138843577647862e+01 2.560217226977707178e+05
3.946193677167375014e-01 1.267623096323110943e+01 2.260114760908069147e+05
4.051628223766905457e-01 1.261675780423806437e+01 1.994908140176503803e+05
4.159374692415724328e-01 1.255852590587763018e+01 1.762448531410602736e+05
4.269668681257677845e-01 1.250336838875855605e+01 1.557167597127243644e+05
4.382220791259760495e-01 1.245421840381009382e+01 1.373165544546156889e+05
4.497506031739478272e-01 1.240589060214399453e+01 1.213309944769695867e+05
4.615082247494025625e-01 1.235995725741594242e+01 1.073479553159016359e+05
4.734949413208063285e-01 1.231658184691346136e+01 9.488304810715229542e+04
4.857208744208414419e-01 1.227582795266594395e+01 8.418559126646394725e+04
4.982033005701071438e-01 1.223715670074592587e+01 7.362288245345212636e+04
5.109176236336140375e-01 1.220191110613181884e+01 6.581419274924123602e+04
5.238798927954044782e-01 1.216705967830780111e+01 5.837946470032491197e+04
5.370839725578828716e-01 1.213582188595931477e+01 5.161633956072149886e+04
5.505279142501874334e-01 1.210729449121937940e+01 4.573839367059924552e+04
5.642147419769879546e-01 1.207846668851660610e+01 4.050608066387401050e+04
5.780966351777341306e-01 1.204858612160247411e+01 3.594753506940391526e+04
5.921952783644479634e-01 1.202330476614380750e+01 3.193683751045693862e+04
6.064055714568360456e-01 1.199679049391595953e+01 2.838372990748082884e+04
6.208374987623407337e-01 1.197377532691457702e+01 2.525441949684620340e+04
6.355587585890752900e-01 1.195144778565642874e+01 2.244782575295951392e+04
6.506197979237555717e-01 1.192990779402489565e+01 1.994174788490263745e+04
6.660197264586167343e-01 1.190692014429066603e+01 1.772445606627293455e+04
6.818751188561197329e-01 1.188738305810809770e+01 1.571336543197932406e+04
6.981459318726390695e-01 1.186905157025754498e+01 1.381013806391243088e+04
7.149285955139014215e-01 1.185237824821555641e+01 1.235273481562363122e+04
7.322520627046120723e-01 1.183552264087148309e+01 1.091871647966817363e+04
7.500909350240212436e-01 1.182006511418124717e+01 9.663905035389672776e+03
7.685184380387358738e-01 1.180610797679312007e+01 8.536907648603875714e+03
7.875313714152829547e-01 1.179364612723385441e+01 7.528430428259073778e+03
8.071648212980285786e-01 1.178166672455662400e+01 6.632902035554481699e+03
8.274013070632467715e-01 1.177174361915411893e+01 5.803901889921720795e+03
8.482841596703105669e-01 1.176224260208581107e+01 5.138031615495036021e+03
8.698087518038531973e-01 1.175850052033058546e+01 4.516515801407591425e+03
8.919949553970492051e-01 1.175019648016539797e+01 3.967318790230826380e+03
9.148435407922281826e-01 1.174729382205051031e+01 3.482268451737555552e+03
9.383590594145073682e-01 1.174253035436637482e+01 3.056352304828750675e+03
9.625495412413074270e-01 1.174188269878959900e+01 2.678928467136371637e+03
9.874100117833851664e-01 1.174070564536273586e+01 2.347364374404423415e+03
1.012941792196321744e+00 1.174256359555667295e+01 2.057512599247678281e+03
1.039137332048253759e+00 1.174476156287548356e+01 1.787920362093110498e+03
1.065996020136747324e+00 1.174895548704219195e+01 1.579547567481958140e+03
1.093514379222175315e+00 1.175395831868184437e+01 1.382061430896059846e+03
1.121673908810417730e+00 1.176026050912936860e+01 1.209902607485641056e+03
1.150475981886544208e+00 1.176757128262117291e+01 1.059315455684359222e+03
1.179890570983262554e+00 1.177636399362891773e+01 9.278142208965937243e+02
1.209909277883621348e+00 1.178676202833600861e+01 8.120308078266464236e+02
1.240518558313370434e+00 1.179753149040111460e+01 7.110370116908488853e+02
1.271695849805493772e+00 1.181025653353883342e+01 6.235571387519287327e+02
1.303419574373929191e+00 1.182085689616180346e+01 5.466518849082614224e+02
1.335669717828893877e+00 1.183771414010443657e+01 4.788437046555254710e+02
1.368031713181037334e+00 1.184871970048888912e+01 4.208576056781725470e+02
1.400103819857506648e+00 1.186378683922925070e+01 3.705016827785917712e+02
1.431864696326705877e+00 1.187437254946920007e+01 3.273489529142680112e+02
1.463361450943314379e+00 1.188786947044171960e+01 2.900361719126516959e+02
1.494548693364435854e+00 1.189849787893760968e+01 2.572320290091139441e+02
1.525451221993520345e+00 1.190871063806445562e+01 2.288264212993397848e+02
1.556064919953350945e+00 1.191934506760617474e+01 2.039245672944102523e+02
1.586445877786931913e+00 1.192903367688695582e+01 1.820813102474014613e+02
1.616422253493582817e+00 1.193910933772276550e+01 1.624196506794501431e+02
1.646153479734598912e+00 1.194343590106438313e+01 1.447360013518076016e+02
1.675577138358887996e+00 1.194999586708655492e+01 1.297702209227944934e+02
1.704669997860277286e+00 1.195708781835849344e+01 1.170434561483788940e+02
1.733460460140723969e+00 1.195851199137553600e+01 1.052213899603607672e+02
1.761938989225920738e+00 1.196146549219313648e+01 9.468472350152340766e+01
1.789977857638374692e+00 1.196438790492256565e+01 8.529895747552312457e+01
1.817705455242396351e+00 1.196425375165977911e+01 7.702619791888743350e+01
1.845073500538743971e+00 1.196452097317949104e+01 6.952574504070102535e+01
1.872055224703781384e+00 1.196228129491662884e+01 6.286219658071131278e+01
1.898860470063657768e+00 1.196113652518045889e+01 5.677412558140506604e+01
1.924829292684714588e+00 1.195649306359928410e+01 5.153321752538743539e+01
1.950591425545953772e+00 1.195199116735072131e+01 4.670403603017591365e+01
1.975926511552028142e+00 1.194693599955376229e+01 4.245535705820247330e+01
2.000819116290835975e+00 1.193994547162070852e+01 3.857662664295341415e+01
2.025255183075067134e+00 1.193239612717325215e+01 3.508063407082447327e+01
2.049224182338641675e+00 1.192392917878356151e+01 3.193946003751416285e+01
2.072714221199829954e+00 1.191443615785243360e+01 2.915444763170170006e+01
2.095715263572880627e+00 1.190344880849768927e+01 2.657820468249041213e+01
2.118229219583320777e+00 1.189275216196937457e+01 2.427242787442335370e+01
