2.191799393465098389e-01 1.550982308316407554e+01 3.683535669800713658e+06
2.260504616808774181e-01 1.525067886858671073e+01 3.174469764698771760e+06
2.331435751292539049e-01 1.500220759710407492e+01 2.727360476930667646e+06
2.405135830491202109e-01 1.477844633418009579e+01 2.329554151183346286e+06
2.481182516078457856e-01 1.460916865722854219e+01 2.062929885810582666e+06
2.559986892231561062e-01 1.436262241623574987e+01 1.743732332963735797e+06
2.641488094613045901e-01 1.418584299041070196e+01 1.504440243281284813e+06
2.725753541992392837e-01 1.400588456290640238e+01 1.293380697929039598e+06
2.812828167166550597e-01 1.385274593642244945e+01 1.114606280039867386e+06
2.902785518798089437e-01 1.370362891111267878e+01 9.614031284145937534e+05
2.995565636347525262e-01 1.356813455402371460e+01 8.294148079874251271e+05
3.091271030924221397e-01 1.343190537754614944e+01 7.153789394745994359e+05
3.190146452107651687e-01 1.331225598493872830e+01 6.157278812133994652e+05
3.291813714273481573e-01 1.319807204795522892e+01 5.317365599900893867e+05
3.396633078870601730e-01 1.309458983816079147e+01 4.581884909990722081e+05
3.504607082011790276e-01 1.299570304070687499e+01 3.955702442307920428e+05
3.615749970075892716e-01 1.290469442280442536e+01 3.421328349745745072e+05
3.730055473903724494e-01 1.281894168409301926e+01 2.948095917363074259e+05
3.847669985302297202e-01 1.273706441258411104e+01 2.551182548736103054e+05
3.968526346220856427e-01 1.266392168471496582e+01 2.199428638545686554e+05
4.092557759454190092e-01 1.259426330083342194e+01 1.902776184914399346e+05
4.219856632756119330e-01 1.252708551469397769e+01 1.646709032735643559e+05
4.350673592265233980e-01 1.246709841160104304e+01 1.427784758032677055e+05
4.484663823470765309e-01 1.241268897878824617e+01 1.231644308044823119e+05
4.622039721799504619e-01 1.235758908334586614e+01 1.065189937166687741e+05
4.762610919737036430e-01 1.230811944246462275e+01 9.227340352201208589e+04
4.906533532125655350e-01 1.226093953017095117e+01 8.007473295497744402e+04
5.053674055662650266e-01 1.221688818086879458e+01 6.939157778479452827e+04
5.204228994040114298e-01 1.217723443254460491e+01 6.012251670507390372e+04
5.358087395897749294e-01 1.213846998932748278e+01 5.225429776596128795e+04
5.515238487746444429e-01 1.210373535139323309e+01 4.533537316211695725e+04
5.675692136165580992e-01 1.206633758865353911e+01 3.945005604550107091e+04
5.838535971238804079e-01 1.203724995219580585e+01 3.423005025506585662e+04
5.995896416121153649e-01 1.200874609033746410e+01 3.001931423533073394e+04
6.145355144706790007e-01 1.198076665731595014e+01 2.646769671565727913e+04
6.289463338571673612e-01 1.195301392899135529e+01 2.351395144610232092e+04
6.430378066697218786e-01 1.192512532035161854e+01 2.092434010666632093e+04
6.569372856737212274e-01 1.189528853497498950e+01 1.865897491227095816e+04
6.707515095506286773e-01 1.186754274662466635e+01 1.666914234092128390e+04
6.845682482851187522e-01 1.183625860676093744e+01 1.486458678631472867e+04
6.984787405562424834e-01 1.180649556767743569e+01 1.330294154570991850e+04
7.125283225482323957e-01 1.177476680102670414e+01 1.188305240447890719e+04
7.267884812296996344e-01 1.174210007634260577e+01 1.062583939114428722e+04
7.412881610516947051e-01 1.171140218248010356e+01 9.462864034032229029e+03
7.560922796215231445e-01 1.167901881302294065e+01 8.432476721771186931e+03
7.712189132886371201e-01 1.164567078994257265e+01 7.507233618904731884e+03
7.867094747049002690e-01 1.161376576849042408e+01 6.688301831101761309e+03
8.025993891447701367e-01 1.157896287616487818e+01 5.879936475035166040e+03
8.188975687348075683e-01 1.154925450513939111e+01 5.255033919822491953e+03
8.356279499264257504e-01 1.151599431941658125e+01 4.659967746204262767e+03
8.528168153506210380e-01 1.148523877089406930e+01 4.086606698465450791e+03
8.704744914964545055e-01 1.145436086129972431e+01 3.640330235751730470e+03
8.886148652539168635e-01 1.142195186397909445e+01 3.215147171484839873e+03
9.072463443533198557e-01 1.139115023405759786e+01 2.834506492454432191e+03
9.263768299511059290e-01 1.136651172591857240e+01 2.478090787417598676e+03
9.459980860026209193e-01 1.133102333511082449e+01 2.197503218886877221e+03
9.661388742927642381e-01 1.130592363713913606e+01 1.932799055560211173e+03
9.867666257218011827e-01 1.127409415120641434e+01 1.698677229007560754e+03
1.007896987907127562e+00 1.124642699080408192e+01 1.491944643158780309e+03
1.029518743058457142e+00 1.122221712082914991e+01 1.308006610428601334e+03
1.051619927559614087e+00 1.119504708331687404e+01 1.148826044847700359e+03
1.074168357863190870e+00 1.116891474640202198e+01 1.006834863672107872e+03
1.096897700599728243e+00 1.114457686948804493e+01 8.837572972725404270e+02
1.119672662790948348e+00 1.112107987529789632e+01 7.767874420500263568e+02
1.142496834545958739e+00 1.109552471064769641e+01 6.801482737827984693e+02
1.165346243796531844e+00 1.107622930567550767e+01 6.023502650240430967e+02
1.188211061199732743e+00 1.104894674973657409e+01 5.296392257473677319e+02
1.211102507120096483e+00 1.102560665612240065e+01 4.697407131113974401e+02
1.233992704128675344e+00 1.100486593711888617e+01 4.130201816871080496e+02
1.257012602734402185e+00 1.097715108023450803e+01 3.671827958213883676e+02
1.279733006046633204e+00 1.095395704364419842e+01 3.238550874046255785e+02
1.302553786265423508e+00 1.092959714979079777e+01 2.887411708787279281e+02
1.325342667124729701e+00 1.090559838188564079e+01 2.561268876548078310e+02
1.348047388775180933e+00 1.088152266804380552e+01 2.273317578445747529e+02
1.370709582408888405e+00 1.085597431607197905e+01 2.021114048597337671e+02
1.393173295368181908e+00 1.082951937826647359e+01 1.799277505766653746e+02
1.415563296944102767e+00 1.080495749188573029e+01 1.602356432334710234e+02
1.437813991583786422e+00 1.077815900896935908e+01 1.427529691948649315e+02
1.459897515674567048e+00 1.075254168030511437e+01 1.272953808107297817e+02
1.481827619291660181e+00 1.072601118883681615e+01 1.136469186336334616e+02
1.503489431115982544e+00 1.069854358499246239e+01 1.015271049704503525e+02
1.524967272516298822e+00 1.066960893960910006e+01 9.092366934277029600e+01
1.546257877183131679e+00 1.064207768366674500e+01 8.130486875623036269e+01
1.567114042634896620e+00 1.061359538594789598e+01 7.286178657510023982e+01
1.587775525261590159e+00 1.058468501444958854e+01 6.533966998164645190e+01
1.608115460925325202e+00 1.055503729933837143e+01 5.868515818729080991e+01
1.628110422650084654e+00 1.052523988600507998e+01 5.278015282189911517e+01
1.647744327582999713e+00 1.049491782563844033e+01 4.747831407296609996e+01
1.667079504641253873e+00 1.046414865611074951e+01 4.273893393614356739e+01
1.685880209372161875e+00 1.043234455850309850e+01 3.856261545636063204e+01
1.704330345331960705e+00 1.040021855740994638e+01 3.469087047130093282e+01
1.722355117382276868e+00 1.036777562135871733e+01 3.140713201132446031e+01
1.739910702194771286e+00 1.033498396586182544e+01 2.845188203510680580e+01
1.757005890253678260e+00 1.030192981757120130e+01 2.578637588002053604e+01
1.773629218638025362e+00 1.026818756600152049e+01 2.336054710330626705e+01
1.789797621018266449e+00 1.023494860939106843e+01 2.117226910195103784e+01
1.805335830302945421e+00 1.019931466802537123e+01 1.926033126585890187e+01
1.820419909860681251e+00 1.016471232150244042e+01 1.758717218864243748e+01
1.835050672215772449e+00 1.012977183671406323e+01 1.596125786232737909e+01
1.848969829111077212e+00 1.009332372514139742e+01 1.459385198079092660e+01
