2.191799393465098389e-01 1.550982308316407554e+01 3.683535669800713658e+06
2.265484255212431852e-01 1.526423066191316380e+01 3.130675180370926857e+06
2.341959278048126591e-01 1.496788984736499195e+01 2.674482472079899628e+06
2.421520688035177504e-01 1.473244600166669649e+01 2.284231325492138974e+06
2.503869194344522375e-01 1.449983566271919067e+01 1.940690074684414314e+06
2.589358127865208359e-01 1.429465398662964937e+01 1.652770073589727748e+06
2.677977254108578897e-01 1.410904641332849607e+01 1.410389741855630418e+06
2.769801444195467144e-01 1.393541319009736412e+01 1.201962920396781992e+06
2.864907551107211958e-01 1.376533992350845814e+01 1.021319014741073828e+06
2.963247679873779461e-01 1.361252710352684758e+01 8.722435351093743229e+05
3.064979787042471648e-01 1.347006362162308513e+01 7.430331008090553805e+05
3.170241849629538700e-01 1.334106106084384713e+01 6.334985731216293061e+05
3.278910422680442749e-01 1.321239072923115287e+01 5.373746602702651871e+05
3.391003380643695109e-01 1.310073525180469289e+01 4.619745853577621165e+05
3.506800419933806534e-01 1.299518249471911879e+01 3.940148409267220995e+05
3.626252932055883949e-01 1.289605885323056178e+01 3.369351292819298687e+05
3.749301102410963482e-01 1.279726796295379465e+01 2.880939333021835773e+05
3.876140030586717189e-01 1.271880086988002390e+01 2.458012451453882095e+05
4.006706469031506290e-01 1.264037537263300415e+01 2.110579807672583847e+05
4.140989309756332726e-01 1.256193108273108017e+01 1.799975440891447070e+05
4.279193849960217233e-01 1.249890838977850294e+01 1.539410105789829977e+05
4.421065455906547093e-01 1.243595132138832327e+01 1.317949628932998457e+05
4.566917869263761309e-01 1.237958378904653323e+01 1.128376996469996811e+05
4.716735542450048446e-01 1.232432032927853882e+01 9.565531478653723025e+04
4.870135690921029714e-01 1.227247100669101343e+01 8.299915444556932198e+04
5.027119075721271368e-01 1.222437743347559902e+01 7.116386272772228403e+04
5.188138256227341483e-01 1.217903045490339409e+01 6.113538967155375576e+04
5.352962399906467938e-01 1.214148075854301112e+01 5.245390924203184841e+04
5.521574110666256363e-01 1.210265498964026243e+01 4.511267566144344164e+04
5.693987368525100790e-01 1.206537352471918467e+01 3.876783948831404268e+04
5.869031410788829728e-01 1.203277999447300139e+01 3.342843547559956642e+04
6.039315703674499325e-01 1.200127478914192025e+01 2.895570710384058839e+04
6.205705665555218964e-01 1.197078223348084691e+01 2.526150145380190952e+04
6.369514519879048153e-01 1.194197047519137023e+01 2.208630170336681476e+04
6.533228724446372704e-01 1.191304917661039831e+01 1.934067056406403935e+04
6.697713583642079804e-01 1.188157851970280632e+01 1.696399248323381471e+04
6.864215386542860120e-01 1.185323860181068945e+01 1.488161380247513807e+04
7.034266475776311811e-01 1.182388396959013832e+01 1.304656062831396957e+04
7.206186891049134458e-01 1.179461362715425921e+01 1.143542974254270666e+04
7.383306691427751201e-01 1.176405635904278135e+01 9.928118552086694763e+03
7.564811485923783607e-01 1.173693578567506712e+01 8.767578416313892376e+03
7.752020006493601789e-01 1.170810497952991902e+01 7.640869207843882577e+03
7.944018645021104774e-01 1.168001052793607819e+01 6.662366405643246253e+03
8.142387217112093678e-01 1.165228377346404720e+01 5.807582261549794566e+03
8.346857650092008862e-01 1.162605507759156076e+01 5.053086610807055877e+03
8.557841879272427565e-01 1.160021256318695571e+01 4.390197096249098649e+03
8.775528482304492117e-01 1.157213555702241869e+01 3.809009963755957870e+03
9.000089681702456712e-01 1.155045995368342737e+01 3.300823674880680301e+03
9.231584028740418280e-01 1.152707429348012624e+01 2.855821875994833590e+03
9.470124459818951568e-01 1.150443491943340923e+01 2.471814947748815939e+03
9.715749899919140509e-01 1.148772057088483223e+01 2.132556241579478410e+03
9.968413802764181098e-01 1.146493694262910878e+01 1.841434366771833766e+03
1.022489124012457617e+00 1.144599515825106018e+01 1.591556826181886663e+03
1.047795538481468114e+00 1.143008227940774724e+01 1.379211252419653420e+03
1.072743637887827450e+00 1.141033690277218504e+01 1.202744794082879480e+03
1.097365799143895648e+00 1.139302943544630686e+01 1.050235704879344667e+03
1.121701828573898885e+00 1.137181831689992428e+01 9.194428892707084060e+02
1.145763657278870085e+00 1.135261665449624147e+01 8.075970469240277225e+02
1.169584541724692617e+00 1.133589220334229353e+01 7.096602210460421247e+02
1.193191276749406171e+00 1.131075266776332988e+01 6.258979542317216556e+02
1.216583935450571197e+00 1.128810404730789863e+01 5.517803991349012449e+02
1.239720646359519174e+00 1.126725314293631364e+01 4.878918302501722906e+02
1.262708281075832994e+00 1.124279218491964549e+01 4.311730887214995960e+02
1.285479084507431091e+00 1.122091523441584648e+01 3.815413897563401520e+02
1.308035028783308462e+00 1.119184328284273988e+01 3.387002656709937014e+02
1.330408883187153890e+00 1.116604082466290215e+01 3.003332293979849510e+02
1.352589420050126945e+00 1.113803232023715495e+01 2.667232144435101873e+02
1.374720379583231678e+00 1.111064172213635892e+01 2.355378084181353131e+02
1.396323253759107708e+00 1.107911518194639200e+01 2.110844552221887511e+02
1.417827642957147471e+00 1.104921992067223080e+01 1.878236954812244335e+02
1.439240451894692852e+00 1.101841649415654878e+01 1.667710496353827523e+02
1.460152635687773204e+00 1.098640592621006640e+01 1.495013014150579238e+02
1.480926913215039775e+00 1.095341988878289818e+01 1.334969034671572103e+02
1.501426305560447316e+00 1.091967970917297492e+01 1.192246399196700111e+02
1.521620612376870074e+00 1.088481013511525575e+01 1.067612459335171167e+02
1.541509094952771664e+00 1.084987765051337405e+01 9.537998966607564455e+01
1.561066959975755397e+00 1.081326508119230745e+01 8.541199589234017253e+01
1.580277030618372658e+00 1.077729149794558516e+01 7.660467549902506335e+01
1.599120522226834984e+00 1.073935613103362385e+01 6.878730311242004802e+01
1.617725523611396765e+00 1.070176435344507127e+01 6.167745026886946391e+01
1.635643202770700633e+00 1.066257916390903304e+01 5.548822247426981846e+01
1.653285851126273132e+00 1.062336368077589555e+01 5.003394875734995395e+01
1.670486485716625058e+00 1.058333617229367007e+01 4.506524273597364072e+01
1.687356556192605384e+00 1.054212294327770749e+01 4.061215458425886737e+01
1.703546635995887515e+00 1.050086175512059050e+01 3.669076596688105951e+01
1.719323500200780286e+00 1.045786118853845714e+01 3.305052176168380385e+01
1.734619758519230004e+00 1.041546548830150698e+01 3.003391004003136899e+01
1.749408475867371138e+00 1.037224312929740400e+01 2.719018937230356059e+01
1.763653335528835298e+00 1.032802602836195227e+01 2.469421346403849782e+01
1.777461159711426264e+00 1.028438951270985591e+01 2.240096061090483204e+01
1.790530269477266678e+00 1.023951322888802551e+01 2.040030204288072824e+01
1.803211823613435350e+00 1.019430915605050636e+01 1.854379174505725203e+01
1.815166532782668485e+00 1.014845481736633204e+01 1.694417703014227428e+01
1.826622193548233630e+00 1.010231736929167212e+01 1.547809978334051451e+01
1.837498735601369004e+00 1.005516827062186458e+01 1.410415492724727748e+01
1.847782741422486552e+00 1.000818485966434679e+01 1.295323154100100105e+01
1.857474607285971357e+00 9.961392240743853321e+00 1.187652734453328307e+01
1.866569900705693286e+00 9.913302137127569580e+00 1.087401095020864972e+01
1.875070438649502957e+00 9.865472876330935392e+00 1.002541670565514309e+01
1.882978075890515246e+00 9.817172597659363120e+00 9.231178211424785118e+00
