2.191799393465098389e-01 1.550982308316407554e+01 3.683535669800713658e+06
2.254556090051011985e-01 1.527482484568236210e+01 3.208666580998864491e+06
2.319421273820841678e-01 1.507045771370841969e+01 2.796323910944309551e+06
2.386413967085249943e-01 1.483008445818102317e+01 2.444714555990361143e+06
2.455618569449308786e-01 1.462531612313406626e+01 2.130250096442773938e+06
2.526949195557832706e-01 1.444420916854013193e+01 1.853879129442767706e+06
2.600544124089872455e-01 1.427705233201591284e+01 1.620246037253240356e+06
2.676427631819916497e-01 1.411104847669951390e+01 1.411286747883608332e+06
2.754683278132121216e-01 1.396062744271471168e+01 1.233109687440382550e+06
2.835304387243311464e-01 1.381304576240624193e+01 1.073891703038958367e+06
2.918380859791312454e-01 1.368200681742853853e+01 9.386679142537772423e+05
3.003864326742753943e-01 1.355297802464852630e+01 8.095353354389851447e+05
3.091641710973718205e-01 1.346757737449514813e+01 7.131566519985079067e+05
3.182165649371852534e-01 1.332503070205267726e+01 6.227411803515896900e+05
3.275181073267626197e-01 1.321849085652792333e+01 5.403401192882606992e+05
3.370698098244950813e-01 1.311859619541549726e+01 4.700393766854063142e+05
3.468826939174269319e-01 1.302874140028309391e+01 4.150591032985181664e+05
3.569739454737264062e-01 1.294107599708780754e+01 3.624285101031920058e+05
3.673154486758253290e-01 1.285966653663836290e+01 3.168279802842739155e+05
3.779616742838509680e-01 1.278260348305473570e+01 2.766724285700320033e+05
3.888296092767011825e-01 1.271324155293279823e+01 2.420845862007735413e+05
3.999977915337161738e-01 1.264556551920155947e+01 2.120535113347044680e+05
4.114409638159683968e-01 1.258180151862841356e+01 1.853197683274278825e+05
4.231548747212224848e-01 1.251650268008386746e+01 1.624617903928893793e+05
4.351563437527717348e-01 1.246670334810436920e+01 1.421341621476743894e+05
4.474421256790939716e-01 1.241380298754872591e+01 1.242541356198958092e+05
4.600116202707861257e-01 1.236544375419457786e+01 1.090144896381047292e+05
4.728367580492265354e-01 1.231907464466771707e+01 9.575769227260530170e+04
4.859415263684293551e-01 1.227596016960295167e+01 8.389718350141079281e+04
4.993316681566540294e-01 1.223502025453145414e+01 7.345438285405217903e+04
5.129996108628386287e-01 1.219723271518576446e+01 6.448104494896568940e+04
5.269473376322648672e-01 1.216018712079577391e+01 5.655255916838398116e+04
5.411720464730159774e-01 1.212560791378593983e+01 4.970322882232662960e+04
5.556737557778065328e-01 1.209374199438162911e+01 4.370375889798107528e+04
5.704536145541291292e-01 1.206338091827096193e+01 3.844247713019698131e+04
5.854076400349396136e-01 1.203428293838198293e+01 3.383480715439954656e+04
6.000955665339007261e-01 1.200744702719531887e+01 2.987499823954375825e+04
6.144712986257482301e-01 1.198131002482346830e+01 2.652737282708169005e+04
6.286293465765689925e-01 1.195737547527182976e+01 2.364265198819742727e+04
6.427371075627628105e-01 1.193163637851080949e+01 2.107361848577319688e+04
6.568664533125135874e-01 1.190729805658527773e+01 1.881332401626203136e+04
6.711227824120649110e-01 1.188133619987993583e+01 1.678734677966353047e+04
6.855280445822360402e-01 1.185731405816847506e+01 1.500778049513865881e+04
7.001408168457387005e-01 1.183126059873570313e+01 1.341432214395894698e+04
7.150269447866810513e-01 1.180599503985685139e+01 1.197099326442682286e+04
7.302813665151010047e-01 1.178044136399191721e+01 1.067667178534670165e+04
7.457578278471491684e-01 1.175830475784773199e+01 9.517727974503168298e+03
7.616711942863962914e-01 1.173476902032253655e+01 8.468983629158336043e+03
7.779733701517098643e-01 1.171062139378019396e+01 7.530175819165191569e+03
7.947033513135915994e-01 1.168746338965985210e+01 6.696838086080312678e+03
8.118786427237220105e-01 1.166405732123533134e+01 5.949001623106641091e+03
8.295197788524156790e-01 1.164190392214383785e+01 5.269441059970262359e+03
8.476432421378720106e-01 1.162074751917914917e+01 4.670232619417069145e+03
8.662548726205128169e-01 1.159938332129279104e+01 4.137352134137796384e+03
8.853838906626583238e-01 1.158029457330668066e+01 3.655828727794647421e+03
9.050249760368235252e-01 1.155798137285495386e+01 3.230188939830204617e+03
9.251919022321176689e-01 1.154281554755016259e+01 2.852251252057833881e+03
9.458800089015153567e-01 1.152332191449221810e+01 2.517821754352411062e+03
9.670985374202911711e-01 1.150662220422260873e+01 2.220014638163830114e+03
9.888474608553242673e-01 1.149075475981751993e+01 1.955254949799355245e+03
1.011122430192208821e+00 1.147452109749302451e+01 1.722431983805620348e+03
1.033930934044049010e+00 1.145937825592042181e+01 1.515931335272783372e+03
1.057246384026159225e+00 1.144577487784850689e+01 1.334249153358884996e+03
1.081063385479462235e+00 1.143364643034420425e+01 1.175369358261456227e+03
1.105384219512657751e+00 1.142431831334028836e+01 1.031713624731027267e+03
1.130199959376832375e+00 1.140996903785264749e+01 9.081039168893914848e+02
1.155483762078440835e+00 1.139966583944873513e+01 7.983289545632094359e+02
1.181222481851671668e+00 1.138949167333822388e+01 7.025588759822164775e+02
1.207396120932747285e+00 1.138085193115769655e+01 6.175546974992929563e+02
1.233989362947591539e+00 1.137304320620964759e+01 5.433095676849667370e+02
1.260975778739060083e+00 1.136785334741317754e+01 4.780224505846311445e+02
1.288333394756237649e+00 1.135955799311398273e+01 4.203523270030412959e+02
1.316045812320828068e+00 1.135027822183230306e+01 3.704795404968195385e+02
1.344071621484394186e+00 1.134386239091016435e+01 3.241056703626359763e+02
1.372391611595656702e+00 1.133748666770903846e+01 2.873839616852375229e+02
1.400973052091719850e+00 1.133263380420228295e+01 2.531655797897903426e+02
1.429794394534958712e+00 1.132917400139706565e+01 2.220824989166750072e+02
1.458813705616826661e+00 1.132126233866251930e+01 1.971641804122786823e+02
1.488000298116583853e+00 1.131616679896714395e+01 1.740068768033798392e+02
1.517322070704836712e+00 1.131341787379857600e+01 1.538839799714178298e+02
1.546752640340405049e+00 1.130615380382801760e+01 1.360523488773741860e+02
1.576211368013260117e+00 1.130153626681329548e+01 1.204954423048392300e+02
1.605335461318619261e+00 1.129700705986214437e+01 1.069114857383163439e+02
1.634004716631702436e+00 1.129091126986386584e+01 9.506577643450501114e+01
1.662211250358315517e+00 1.128506750206278753e+01 8.435745587899924658e+01
1.689928264992776930e+00 1.127832121226148665e+01 7.568837379751387573e+01
1.717142896605100111e+00 1.127078355496914241e+01 6.770619106646032037e+01
1.743837469360587811e+00 1.126286987219438984e+01 6.049817958883695468e+01
1.770004186720637307e+00 1.125304294717182430e+01 5.449673297561759711e+01
1.795615644795645727e+00 1.124287408051120529e+01 4.901464317103926049e+01
1.820725286856111680e+00 1.123183995831099402e+01 4.397924807983581275e+01
1.845248076326184927e+00 1.121961789850000280e+01 3.981253966850750459e+01
1.869209285486151506e+00 1.120654240819027692e+01 3.584745772614546411e+01
1.892607248774099027e+00 1.119243472995719912e+01 3.249936739826532772e+01
1.915432995350548229e+00 1.117814844072753999e+01 2.947989010794507436e+01
1.937657785728420290e+00 1.116234440480014101e+01 2.677286059992368550e+01
1.959277590840529548e+00 1.114590163029437342e+01 2.430059104715839879e+01
1.980304824614285142e+00 1.112841539364517196e+01 2.212721645503714285e+01
2.000719782819229575e+00 1.110922408837813258e+01 2.015292294556868669e+01
2.020511825159353680e+00 1.108969496392531795e+01 1.837965677662665342e+01
