2.191799393465098389e-01 1.550982308316407554e+01 3.683535669800713658e+06
2.253317367063940035e-01 1.527665453454281241e+01 3.224150426348149311e+06
2.316881904892999222e-01 1.508164636670475467e+01 2.809922200927889440e+06
2.382565210192991445e-01 1.484190719228306499e+01 2.452739697697897907e+06
2.450240625922058268e-01 1.465061394444980714e+01 2.158338519960692618e+06
2.520000252000845209e-01 1.446213365433434106e+01 1.878681685912307352e+06
2.591933728081975974e-01 1.429145752916924828e+01 1.643892569367326796e+06
2.666112079203206697e-01 1.413014739765585048e+01 1.435987750847986434e+06
2.742510405662398343e-01 1.398002434175198694e+01 1.256128547515409533e+06
2.821198489838422363e-01 1.383929774106828603e+01 1.100435496227722848e+06
2.902216717638485544e-01 1.370536253615273203e+01 9.615887151017612778e+05
2.985674800645766735e-01 1.357177805704058571e+01 8.421784714777782792e+05
3.071141205351273218e-01 1.346783996573614139e+01 7.374582489139206009e+05
3.159351123504357539e-01 1.335304263074877973e+01 6.377660704972454114e+05
3.249840853817915765e-01 1.324635375372736412e+01 5.639965524692680920e+05
3.342918697300240050e-01 1.314518085229005884e+01 4.945906063957661972e+05
3.438381882153103697e-01 1.305451430861480588e+01 4.328898612862170557e+05
3.536446282619538639e-01 1.296874296414904926e+01 3.795407995088468888e+05
3.637175016487464441e-01 1.289075859816726322e+01 3.321978438938400941e+05
3.740157499924462448e-01 1.280983611142281475e+01 2.890384591195422690e+05
3.846194731390293331e-01 1.273830903525046843e+01 2.550659527642967878e+05
3.954653261063313940e-01 1.267405428598764416e+01 2.236088505344976729e+05
4.065717086331711028e-01 1.260915125472291898e+01 1.967084709210082947e+05
4.179439964157315446e-01 1.254938383407734825e+01 1.723324765414000431e+05
4.295886166823366104e-01 1.249240248200385217e+01 1.512041019812736195e+05
4.414961862437263851e-01 1.243849461987867322e+01 1.328199675450041250e+05
4.536815318036405698e-01 1.239024623201721020e+01 1.165220334310657490e+05
4.661491620055739360e-01 1.234453192349883643e+01 1.021678100466328615e+05
4.788644794468990273e-01 1.230195021612445672e+01 8.987043265348827117e+04
4.918443185878225710e-01 1.225855923444475870e+01 7.906352641933471023e+04
5.050886137624063243e-01 1.221826211581901234e+01 6.952691622547649604e+04
5.186177477270117464e-01 1.218436545751903921e+01 6.059598396438758937e+04
5.323957922482223104e-01 1.214614401947584454e+01 5.386701829932349938e+04
5.464496462822281408e-01 1.211453771213033903e+01 4.744511694240481302e+04
5.607700599731955116e-01 1.208377720761415652e+01 4.180395475225983682e+04
5.753186855214369455e-01 1.205416373743757497e+01 3.681360167252189422e+04
5.900365219879759593e-01 1.202486910830031697e+01 3.254240175135035679e+04
6.045332978269786217e-01 1.199960704568126424e+01 2.884756896314718324e+04
6.189567422474544500e-01 1.197533411593487962e+01 2.558666908683766815e+04
6.333626898158237761e-01 1.195075461392733374e+01 2.278445039283509686e+04
6.478692894360836840e-01 1.192332087988364542e+01 2.009608705120902596e+04
6.625587600943549926e-01 1.190270219828751230e+01 1.805513827856214266e+04
6.775020662843894703e-01 1.187900689258531450e+01 1.607811158052672545e+04
6.925954023268660054e-01 1.185687725304488360e+01 1.431059394119881836e+04
7.077543806529791315e-01 1.183497783193415209e+01 1.278728779492346985e+04
7.226756675592115320e-01 1.181276774556684650e+01 1.142005032151205523e+04
7.376471513326925411e-01 1.179111233544590576e+01 1.023741258644569461e+04
7.526336248620041358e-01 1.176717213983666532e+01 9.167876081041553334e+03
7.677048484866922928e-01 1.174587662245480857e+01 8.214951004009441021e+03
7.828490511866728063e-01 1.172504289165354763e+01 7.370184642146778060e+03
7.981505511586038937e-01 1.170041386107058301e+01 6.612401464186396879e+03
8.136131443391249052e-01 1.167738662488184609e+01 5.929104987526619880e+03
8.292746442492415770e-01 1.165400521316797011e+01 5.318807109331552965e+03
8.451442426304366373e-01 1.163239477435397085e+01 4.778084017091332498e+03
8.612439972323887583e-01 1.160994164790432315e+01 4.278481537764797395e+03
8.776004173357426774e-01 1.159618110148453418e+01 3.828317602503475882e+03
8.942294570449623725e-01 1.156402567303748441e+01 3.432559046763883089e+03
9.112090587689021248e-01 1.154657105988396992e+01 3.070348888489870660e+03
9.283513773729420437e-01 1.151746433561081417e+01 2.751283620059072746e+03
9.458434144204130867e-01 1.149457199004684504e+01 2.461464445675240768e+03
9.636492423261063811e-01 1.147170814067563960e+01 2.198697146934739067e+03
9.817617709176029717e-01 1.144881770581539548e+01 1.966179119258722039e+03
1.000250845791847309e+00 1.143076883459571924e+01 1.754292270362025874e+03
1.018949818797149076e+00 1.140570242463145156e+01 1.569045513680487829e+03
1.038009566030419828e+00 1.138425485413450566e+01 1.400919232835433149e+03
1.057388721493496275e+00 1.136182346454643444e+01 1.249329887585451615e+03
1.077074013105194794e+00 1.134101900339130786e+01 1.107148561331955079e+03
1.097055860320488518e+00 1.132168785820534040e+01 9.943095247434249586e+02
1.117343066873038859e+00 1.130282615639047528e+01 8.867162422024307489e+02
1.137911756777364669e+00 1.127826739313841209e+01 7.909635010505398895e+02
1.158758863546008877e+00 1.125740240728150710e+01 7.050117451027088009e+02
1.179877411359077088e+00 1.123815546715846558e+01 6.253119297722258807e+02
1.201250603645955373e+00 1.121706192747892672e+01 5.609493501061010647e+02
1.222900766265058836e+00 1.119838659846188555e+01 4.995116563496833919e+02
1.244705354757570603e+00 1.117891588791725255e+01 4.457193128416775494e+02
1.266745171323154784e+00 1.116189395033953424e+01 3.973135936770577246e+02
1.288982487718578707e+00 1.114074208475385319e+01 3.545968334619882398e+02
1.311387482252440950e+00 1.112145126223522773e+01 3.156347443792313925e+02
1.333953227286065024e+00 1.110182044349654618e+01 2.824855139296523134e+02
1.356644326010641999e+00 1.108334174198979127e+01 2.521866798764616817e+02
1.379454704490375327e+00 1.106354299166746102e+01 2.249595738130558118e+02
1.402336121035116401e+00 1.104647299421005968e+01 2.014869326570803594e+02
1.425286516259437475e+00 1.102600871435608454e+01 1.800657331633349827e+02
1.448309322001532395e+00 1.100813777593273279e+01 1.608716277380673318e+02
1.471296243478429355e+00 1.098921534123518740e+01 1.435521862590094031e+02
1.494304030024347085e+00 1.096948406777250185e+01 1.292526356911959056e+02
1.517280111617439253e+00 1.095200691404913762e+01 1.158203033097739052e+02
1.540221746675579650e+00 1.093296191167585540e+01 1.039483682319595630e+02
1.563058516144761434e+00 1.091323939123044973e+01 9.269936305711836155e+01
1.585766570615783522e+00 1.089407019075914107e+01 8.333807307071010939e+01
1.608367713405490118e+00 1.087396842631420313e+01 7.526064575078768826e+01
1.630850206239667255e+00 1.085474281613978498e+01 6.745698993662486487e+01
1.653071593427904773e+00 1.083438530415170042e+01 6.096968963017596366e+01
1.675127880819174742e+00 1.081403365763156366e+01 5.493479074126514661e+01
1.696956930833290800e+00 1.079384177145170831e+01 4.957815047409565068e+01
1.718534423600919681e+00 1.077318226386595335e+01 4.475381064018906585e+01
1.739828776788364229e+00 1.075258496902313254e+01 4.045563537481196903e+01
1.760828912162532678e+00 1.073132110802171013e+01 3.643923218887653803e+01
1.781506396160223549e+00 1.070987979304393711e+01 3.311820176822190831e+01
1.801847929785791669e+00 1.068732287631619471e+01 3.002639465782910477e+01
