2.191799393465098389e-01 1.550982308316407554e+01 3.683535669800713658e+06
2.263249216750809756e-01 1.523038876128303798e+01 3.162056602386341430e+06
2.337256034939280691e-01 1.498245591076202565e+01 2.699746872666205745e+06
2.414223850816339667e-01 1.475028570460158583e+01 2.315842341711516026e+06
2.493744935836263443e-01 1.453152433686954659e+01 1.970764030754671665e+06
2.576240917568778377e-01 1.432875870656588013e+01 1.691375429685173323e+06
2.661669000345412983e-01 1.413640621592231916e+01 1.450506690799648175e+06
2.750101288122931975e-01 1.396849588592059099e+01 1.239635757091966458e+06
2.841606636548111298e-01 1.380216783298570782e+01 1.061708302246458828e+06
2.936359200611396436e-01 1.365079803374870870e+01 9.090218365259858547e+05
3.033928575607371947e-01 1.351356392523631378e+01 7.719075468370367307e+05
3.135005186893908835e-01 1.337971651446290444e+01 6.677766231511685764e+05
3.239024116997408775e-01 1.325775673866956339e+01 5.728080692337322980e+05
3.346588907509824296e-01 1.314329585694876279e+01 4.918749407535507344e+05
3.457340962566266551e-01 1.303705302037849734e+01 4.215587031599170878e+05
3.571694296143402836e-01 1.293951970109307226e+01 3.618613611482739216e+05
3.689403507383259839e-01 1.284658772352666922e+01 3.081119297100052936e+05
3.810673058630312804e-01 1.276299761897470830e+01 2.663749898665121291e+05
3.935195290704275317e-01 1.268367531975899709e+01 2.288542164476659091e+05
4.063432260239945304e-01 1.260678488319285329e+01 1.970469229531212768e+05
4.195147660109109777e-01 1.254292622893857612e+01 1.692675122125114722e+05
4.330565227540409956e-01 1.247682549498155069e+01 1.455235088839778327e+05
4.469604546927901656e-01 1.241583319038760536e+01 1.250034618981567764e+05
4.612289536962905778e-01 1.236273129702985152e+01 1.075109104710324027e+05
4.758358316154598366e-01 1.230924683215606841e+01 9.264351748669239169e+04
4.908061320103569436e-01 1.225910389476803353e+01 7.973246457755431766e+04
5.061262421097675324e-01 1.221525641891049041e+01 6.885269933568591659e+04
5.218150034865389753e-01 1.217407080855547719e+01 5.938946318238387175e+04
5.378606737651980829e-01 1.213368437241239839e+01 5.130412484217267775e+04
5.542634435509162794e-01 1.209771101387460135e+01 4.426223834191570495e+04
5.710024839217552328e-01 1.206376617934572870e+01 3.786436229710599582e+04
5.880147856908517490e-01 1.203114806998046582e+01 3.307775366058949294e+04
6.049925787247610875e-01 1.200029752514498682e+01 2.868382011585961664e+04
6.220179001165765387e-01 1.197056152692681863e+01 2.499310280478681307e+04
6.391255247458326183e-01 1.194333861829113808e+01 2.176642282239846463e+04
6.565562341558967008e-01 1.191555632327171921e+01 1.884314954877191121e+04
6.743909666060443620e-01 1.189012785848205844e+01 1.653259234769358227e+04
6.926704554886545795e-01 1.186459529340835140e+01 1.438855075539509926e+04
7.115377829113155306e-01 1.183847170401043947e+01 1.251203942422500586e+04
7.308759514633907939e-01 1.181476133484410340e+01 1.087876929249527529e+04
7.508916310099685854e-01 1.179493479624760965e+01 9.444076381034868973e+03
7.715905700799363665e-01 1.177351946134211325e+01 8.144630804083665680e+03
7.930110373576482186e-01 1.175389401792746824e+01 7.078793133245944773e+03
8.151799889947846101e-01 1.173389046734737029e+01 6.114488204285585198e+03
8.381191173302801056e-01 1.171742113974582367e+01 5.278280194820593351e+03
8.618536006784357495e-01 1.170112484710860556e+01 4.553292031675407088e+03
8.863405164920523660e-01 1.168797536225480194e+01 3.921683691654585800e+03
9.106298357101595409e-01 1.167390733993113372e+01 3.390178941588755151e+03
9.344504895848175785e-01 1.166026729336296697e+01 2.951584370469395708e+03
9.578832122782848790e-01 1.165045850628702162e+01 2.575839250894988254e+03
9.809772104424161476e-01 1.163633717759338815e+01 2.254162809390590610e+03
1.003812306874303006e+00 1.162209420301348217e+01 1.979833020464465562e+03
1.026415018180563354e+00 1.160772497057107344e+01 1.731946042363857487e+03
1.048824793969239000e+00 1.159164619542591268e+01 1.536045910031328276e+03
1.071095299523604938e+00 1.157674819805269983e+01 1.356174219355648802e+03
1.093245096186240772e+00 1.155773370027557867e+01 1.190638284528705981e+03
1.115302853944190931e+00 1.154045519777318773e+01 1.061656445965677221e+03
1.137241112081303518e+00 1.151907852969220869e+01 9.410711496187585681e+02
1.159147062173362830e+00 1.149858115934414293e+01 8.291463493626077934e+02
1.180980965485621814e+00 1.147854159728097301e+01 7.401724954506616996e+02
1.202782110579330377e+00 1.145439048538115223e+01 6.574607590299875710e+02
1.224682045644787998e+00 1.143492617988395033e+01 5.837128199385294920e+02
1.246254592452439525e+00 1.140846238585378636e+01 5.200888048294589225e+02
1.267929618756419519e+00 1.138423231193216800e+01 4.615315796716246837e+02
1.289567611967602723e+00 1.135950940990977642e+01 4.103853668688943230e+02
1.311155557756469747e+00 1.133272181864013639e+01 3.642321582718099080e+02
1.332688818721900592e+00 1.130851931823665524e+01 3.256931168621352413e+02
1.354159690675911465e+00 1.128044407409391958e+01 2.886460038827180483e+02
1.375627186985779460e+00 1.124934323052253582e+01 2.582616293610555545e+02
1.396845841450662373e+00 1.122099413521229572e+01 2.307543604439056821e+02
1.418045916640994220e+00 1.119125065848495559e+01 2.059564894040365175e+02
1.439120664230352897e+00 1.115966655447397216e+01 1.830552833923805167e+02
1.460183270419437296e+00 1.112883449752117571e+01 1.639822503200590802e+02
1.480843522132749612e+00 1.109680576247343176e+01 1.468230702482375705e+02
1.501453768051340454e+00 1.106414287605889335e+01 1.312092590079100773e+02
1.521867489309623789e+00 1.103040697413277371e+01 1.175150223928031181e+02
1.542067483378267045e+00 1.099700641308698579e+01 1.048219658653608803e+02
1.562027996499910198e+00 1.096200405367645025e+01 9.430190072712228755e+01
1.581739120585428315e+00 1.092733996126041696e+01 8.425506396349106808e+01
1.601166925007473374e+00 1.089166707563064662e+01 7.594388466944553784e+01
1.620293506890291502e+00 1.085549205297903974e+01 6.824059520892993191e+01
1.639103165082972158e+00 1.081862312528646619e+01 6.138596660604284949e+01
1.657562191537599761e+00 1.078159072526753448e+01 5.526165081062497819e+01
1.675657598482392929e+00 1.074420009417588062e+01 4.974898383364636345e+01
1.693379876034480258e+00 1.070561300166273355e+01 4.480527937392233895e+01
1.710693536601507247e+00 1.066669019018556597e+01 4.048234123350623292e+01
1.727575865154928669e+00 1.062745559607305879e+01 3.657875975743607455e+01
1.744022240575184624e+00 1.058680399906435632e+01 3.308383505161346960e+01
1.760010206676292155e+00 1.054664231016539944e+01 2.997485996850267398e+01
1.775536373564340353e+00 1.050566532547168563e+01 2.714084914341876953e+01
1.790550324353338052e+00 1.046398195065774139e+01 2.465494852953349536e+01
1.805070654596143243e+00 1.042229002182164521e+01 2.232246455076212399e+01
1.819070644553195004e+00 1.037994863959438163e+01 2.037500731820544431e+01
1.832542686442639956e+00 1.033728941172217120e+01 1.850107275091983894e+01
1.845470882122758116e+00 1.029426119941529016e+01 1.691989982690963501e+01
1.857846828156729968e+00 1.025039752292550865e+01 1.545936217416825720e+01
1.869673476289554159e+00 1.020682501304495204e+01 1.408135689100962473e+01
1.880920420883107402e+00 1.016251423661926978e+01 1.295072244418902230e+01
1.891601692711093907e+00 1.011787644248660634e+01 1.183633592531106515e+01
1.901703749028666790e+00 1.007327977394010787e+01 1.086851315756591774e+01
