2.191799393465098389e-01 1.550982308316407554e+01 3.683535669800713658e+06
2.253116465584933670e-01 1.528517573466609392e+01 3.226574212124365848e+06
2.316466898900073346e-01 1.508142063128715016e+01 2.813786490140119568e+06
2.381853435792640472e-01 1.484089699718480304e+01 2.471155600615269039e+06
2.449367983579064934e-01 1.464605377108606987e+01 2.152325726331627928e+06
2.518884000206154106e-01 1.445652238904830966e+01 1.882729462683854625e+06
2.590566980986628298e-01 1.429671535154639983e+01 1.646726217353631742e+06
2.664447034291629324e-01 1.413726633998081361e+01 1.445381347579069436e+06
2.740552858049736806e-01 1.397899218231725449e+01 1.261284457484436920e+06
2.818927415871934627e-01 1.384248209667273066e+01 1.106095615282073617e+06
2.899616856642772689e-01 1.370865561798276389e+01 9.646489600860092323e+05
2.982608488775737587e-01 1.358138506597431494e+01 8.452100885312694591e+05
3.067854950695446670e-01 1.346537057900833823e+01 7.402191140144331148e+05
3.155599826360414029e-01 1.335323421155800894e+01 6.503261569261377444e+05
3.245829989123266701e-01 1.324979743847071845e+01 5.673437408453227254e+05
3.338432150126449671e-01 1.315782482466393688e+01 4.977915033910823986e+05
3.433517657902608322e-01 1.306265109964658677e+01 4.358049692232344532e+05
3.531126605441261002e-01 1.297810021412881021e+01 3.790315363794917939e+05
3.631377149043681363e-01 1.289473979755663891e+01 3.352841408709009411e+05
3.734012411591399183e-01 1.281459843202478410e+01 2.937711206429481390e+05
3.839445663227106786e-01 1.274254024545421693e+01 2.571136436472120695e+05
3.947350510044290717e-01 1.267755453893352247e+01 2.254152176571234304e+05
4.057922150401135908e-01 1.261304918875102565e+01 1.978439360214412154e+05
4.171198607813534354e-01 1.255064444664629342e+01 1.735704136702245742e+05
4.286990196723410862e-01 1.249883380771098196e+01 1.523440736526378314e+05
4.405450740760600281e-01 1.244239422419873442e+01 1.337670586824659840e+05
4.526700656425567404e-01 1.239354528094043495e+01 1.176455651518631639e+05
4.650772369949620066e-01 1.234604147654733097e+01 1.035118461971255747e+05
4.777281235229551837e-01 1.230267467060415854e+01 9.104761624820128782e+04
4.906462567646373563e-01 1.225997361678301267e+01 7.994094603636261309e+04
5.038208017505974023e-01 1.222289936368097329e+01 7.025658797533762117e+04
5.172725193232091678e-01 1.218512190548884178e+01 6.204702284953046183e+04
5.309899649934087806e-01 1.214921864414665009e+01 5.457175236442642199e+04
5.449721019698113844e-01 1.211888568569533042e+01 4.809372309218717419e+04
5.592188432096346640e-01 1.208623481409305533e+01 4.230167989109209884e+04
5.736962710628600304e-01 1.205753712896432184e+01 3.735029692506273568e+04
5.882246772740356011e-01 1.203040958664152882e+01 3.301314437396884023e+04
6.018137320458694095e-01 1.200330090430395735e+01 2.944083526122191688e+04
6.145548728615740641e-01 1.197966351652680572e+01 2.645486062535824385e+04
6.266863199917768190e-01 1.195518221121167812e+01 2.390157504390578833e+04
6.383542693253306810e-01 1.192717925471350426e+01 2.165961901969495375e+04
6.496839478700228154e-01 1.190118502575681347e+01 1.966361573986538497e+04
6.607738363362882783e-01 1.187488981947555367e+01 1.790458542689806200e+04
6.717620069435923380e-01 1.184467231741833793e+01 1.632439415081664447e+04
6.825730615716736338e-01 1.181595710381759190e+01 1.488226222338468506e+04
6.933995678806089691e-01 1.178435661334984630e+01 1.357859532291221149e+04
7.042394907260336456e-01 1.175470948007016325e+01 1.237213167898251595e+04
7.151401972535126328e-01 1.172354291789534564e+01 1.127839675290059677e+04
7.261386228511249596e-01 1.169108983393200951e+01 1.027493495407979026e+04
7.372668513104292387e-01 1.165774519207952409e+01 9.276204529585478667e+03
7.485516398617884093e-01 1.162516172682238214e+01 8.512731961067553129e+03
7.600193827870862506e-01 1.158872999037630613e+01 7.740548641121579749e+03
7.717003489342150191e-01 1.155282363970285786e+01 7.026588204207727358e+03
7.836388869766576226e-01 1.152081717526581883e+01 6.376829290011461126e+03
7.961343579148499883e-01 1.149113406456143238e+01 5.763176601011477942e+03
8.092855072102403957e-01 1.144854455341077326e+01 5.198486815243934871e+03
8.231100249561444926e-01 1.141184011803665221e+01 4.664636515152415086e+03
8.376382783146661959e-01 1.137492211009943688e+01 4.177689814937391930e+03
8.528813192608448723e-01 1.134250157414929738e+01 3.730750290308086733e+03
8.688445805395025312e-01 1.130821242899175516e+01 3.323155883065887338e+03
8.855400923264900026e-01 1.127528207650887460e+01 2.951332340746202135e+03
9.029729871509685202e-01 1.124173706731845002e+01 2.617968094143912367e+03
9.211294524479783918e-01 1.121011618207575289e+01 2.317469758494854887e+03
9.400315402772568829e-01 1.118424197014476285e+01 2.045238857339574452e+03
9.596652594301592343e-01 1.115346293269595890e+01 1.805324031449531276e+03
9.800022920502998725e-01 1.112599894833385328e+01 1.589701100777817601e+03
1.001054015242488715e+00 1.109959748287404224e+01 1.399796420303730656e+03
1.022811758668453752e+00 1.107540417850865566e+01 1.228915017541568204e+03
1.045249627403760373e+00 1.105356572590077668e+01 1.078314003338964312e+03
1.068356608197441604e+00 1.103163764343313957e+01 9.477003216831662940e+02
1.092086149202530665e+00 1.101232324944514929e+01 8.254695805311096137e+02
1.116466582286332221e+00 1.099817236887706073e+01 7.281199358189013537e+02
1.141442263300129545e+00 1.097751927853747134e+01 6.371424204591046418e+02
1.166990227232093114e+00 1.096535048529449874e+01 5.592333191394799314e+02
1.193088191877677895e+00 1.094852653482736038e+01 4.898555286987419208e+02
1.219713342563170544e+00 1.093782699005308601e+01 4.295518021600928478e+02
1.246811810973133205e+00 1.092417097925304503e+01 3.768242833753672585e+02
1.274398486939171793e+00 1.091349687836571469e+01 3.297134603427094817e+02
1.302411787420163281e+00 1.090390333515079391e+01 2.895542040075715136e+02
1.330803259784217429e+00 1.089813934305837684e+01 2.526598230575554851e+02
1.359557983903349587e+00 1.088781976901733728e+01 2.235015864850633136e+02
1.388443501052080586e+00 1.088190717584043732e+01 1.962438180951917275e+02
1.417110384085343400e+00 1.087461575562874394e+01 1.729438453241480431e+02
1.445542208202537759e+00 1.086911734481928704e+01 1.521608725839975023e+02
1.473709885040514811e+00 1.086302448600894976e+01 1.354164685680379705e+02
1.501626944200085578e+00 1.085749692935156219e+01 1.200601729312499089e+02
1.529171457076815344e+00 1.085035972280212313e+01 1.067785139350438754e+02
1.556435754130839788e+00 1.084396558195509286e+01 9.512448395009221258e+01
1.583357557073554078e+00 1.083663552376054184e+01 8.482325390559388723e+01
1.609954367736812886e+00 1.082947487028960865e+01 7.578515866616494634e+01
1.636147502600411974e+00 1.082169171417889331e+01 6.783424879706096533e+01
1.661974444517717586e+00 1.081227312308753774e+01 6.084410127940644486e+01
1.687401375282313598e+00 1.080351566874886515e+01 5.440415807626496303e+01
1.712420852911495484e+00 1.079334970282649131e+01 4.906328112113335749e+01
1.737037377062114585e+00 1.078294255825590220e+01 4.413990265122298950e+01
1.761173370609746325e+00 1.077180505108655240e+01 3.982949170509453296e+01
1.784865315433117772e+00 1.076030281653118337e+01 3.596456726072666754e+01
1.808060139918987064e+00 1.074754940627388677e+01 3.247216677553621622e+01
1.830783569506299280e+00 1.073483192619458926e+01 2.943430887482818292e+01
1.853012957678207506e+00 1.072120282825504134e+01 2.663000720287077883e+01
