2.191799393465098389e-01 1.550982308316407554e+01 3.683535669800713658e+06
2.245183674576397004e-01 1.535892287434053216e+01 3.349352133113416377e+06
2.300112578751734582e-01 1.511338782719079887e+01 2.910736433916308451e+06
2.356406016880936427e-01 1.492419689274484185e+01 2.598360743723128457e+06
2.414543251549893521e-01 1.476021365224283066e+01 2.318684930141156539e+06
2.474074330790781984e-01 1.458040386405425082e+01 2.035103520919597009e+06
2.535110722854457821e-01 1.442111778301815050e+01 1.830385217998091830e+06
2.597932402880236413e-01 1.427638899451879873e+01 1.623127660310997162e+06
2.662392842100380630e-01 1.413349682766322246e+01 1.446433599222133635e+06
2.728544658612518381e-01 1.400638467561043399e+01 1.289892372451458592e+06
2.796417662024380801e-01 1.388230445121503998e+01 1.145703557331521297e+06
2.866039235803312102e-01 1.376196012407969782e+01 1.022896664902963326e+06
2.937578101449958012e-01 1.364915778924750711e+01 9.094549877444629092e+05
3.010572723061256117e-01 1.354364579457040385e+01 8.101691099840260576e+05
3.085609044811917778e-01 1.344504576776526328e+01 7.203653896201469470e+05
3.162205508365103501e-01 1.334975142252959479e+01 6.422124058250802336e+05
3.240742183932429632e-01 1.326755880645057317e+01 5.712732780187553726e+05
3.321247108586802277e-01 1.317177534293887042e+01 5.096532898945185589e+05
3.403604990477299697e-01 1.309167692145040363e+01 4.543567329606334679e+05
3.487833876318261472e-01 1.301311375314434038e+01 4.050544042111987947e+05
3.574121568115362080e-01 1.293867890357055650e+01 3.612258269565178198e+05
3.662158394292360231e-01 1.286737583229293591e+01 3.219655778291489696e+05
3.752223445495713183e-01 1.280422030935763367e+01 2.867539359242236242e+05
3.844367459240418672e-01 1.273943584849513222e+01 2.558285509563076776e+05
3.938361274572623194e-01 1.268272288640460488e+01 2.285086363141678739e+05
4.034403242367980424e-01 1.262462603627924906e+01 2.035549576793635497e+05
4.132392988671434453e-01 1.257230241153959049e+01 1.818305296155067044e+05
4.232460820311218508e-01 1.252342307848483571e+01 1.621314128195856465e+05
4.334573258890430658e-01 1.247543855961104775e+01 1.447178851546238584e+05
4.438789326892811915e-01 1.242856327624076762e+01 1.294355949870372569e+05
4.544796845854188749e-01 1.238687149512122865e+01 1.154273052745406312e+05
4.653134817106189813e-01 1.234683914043489317e+01 1.034026900593833852e+05
4.763287715167767722e-01 1.230762693829866095e+01 9.230537822732845962e+04
4.875574002089295145e-01 1.226978121974398483e+01 8.249496180469138199e+04
4.989606575142438438e-01 1.223726016319105625e+01 7.371489000079680409e+04
5.105832660416134150e-01 1.220485087117077505e+01 6.601955453584768111e+04
5.224093922497373699e-01 1.217346560259275634e+01 5.908435505168329837e+04
5.344377113799132495e-01 1.214022220899964744e+01 5.287919873615078541e+04
5.466660996682993767e-01 1.211586018917375540e+01 4.728328323554380040e+04
5.590963734388270101e-01 1.208666847687660706e+01 4.241116378823931154e+04
5.716978335628386532e-01 1.206033327190171711e+01 3.798409755932870758e+04
5.845002814487425535e-01 1.203709015819907258e+01 3.409889129273097205e+04
5.973912134942566121e-01 1.200963429388413672e+01 3.057174281025578966e+04
6.103846446940462966e-01 1.199154607523000848e+01 2.744759140599382226e+04
6.235348440754331367e-01 1.196826480357996125e+01 2.468889980376843232e+04
6.369343889676651882e-01 1.194889959000003188e+01 2.218131165797555877e+04
6.505830498648867977e-01 1.192910904456825527e+01 1.993251606321890358e+04
6.645130092072495387e-01 1.191005481154071433e+01 1.789549148964792403e+04
6.787641121917150633e-01 1.189167627674395966e+01 1.606457615766037634e+04
6.933852683941277295e-01 1.187298779067315024e+01 1.428402932897113897e+04
7.083745478072371871e-01 1.185638159447540119e+01 1.292059108406760788e+04
7.238041201698383054e-01 1.184065472529277763e+01 1.157700984633082953e+04
7.396415793529234062e-01 1.182512031121837026e+01 1.035526597136109740e+04
7.559213139266491854e-01 1.181131898164614924e+01 9.173590899795217410e+03
7.726773110535375411e-01 1.179883086395082792e+01 8.276045754670991300e+03
7.899071873531310350e-01 1.178695827669860563e+01 7.391089971002612401e+03
8.076413659493647534e-01 1.177637496562974206e+01 6.585191633882580390e+03
8.258712403092892673e-01 1.176466372611620237e+01 5.868768490241044674e+03
8.446176348772924669e-01 1.175765611059822291e+01 5.225295501663321375e+03
8.639121361632220442e-01 1.174924056318055321e+01 4.648946062287878704e+03
8.836839526218311924e-01 1.174168728334393563e+01 4.107402879520502211e+03
9.040248168697518905e-01 1.173716846766505206e+01 3.655875520517332916e+03
9.249082026859117844e-01 1.173115382239611826e+01 3.263545163934643369e+03
9.463310524665816681e-01 1.173008996319131647e+01 2.899345865521309406e+03
9.683094688075201129e-01 1.172935641163729237e+01 2.553516891690127977e+03
9.908152717950116095e-01 1.172651397204868751e+01 2.285688880153963510e+03
1.013876864587264226e+00 1.172691255380805941e+01 2.025294985808895490e+03
1.037485910130615308e+00 1.172869572624945889e+01 1.796645325372659727e+03
1.061634744948920295e+00 1.173469706423394854e+01 1.593661868413472575e+03
1.086306718392853865e+00 1.173487882196493537e+01 1.411152256759175543e+03
1.111507047916999058e+00 1.174360727574210195e+01 1.251330077019790906e+03
1.137236417530395727e+00 1.174418103840437233e+01 1.109920986173444135e+03
1.163254136278087714e+00 1.175358326439721779e+01 9.839575428736078493e+02
1.189425445159962402e+00 1.175659542971838434e+01 8.752923350025143918e+02
1.215739816783836025e+00 1.176406491469317217e+01 7.775926447412196012e+02
1.242181610891931909e+00 1.177232193935530979e+01 6.927995943247352670e+02
1.268767672707784788e+00 1.177788074344217506e+01 6.179175728771089098e+02
1.295473150244524030e+00 1.178730373309753610e+01 5.512541747441472353e+02
1.322295498184983709e+00 1.179350557757995865e+01 4.924517342774005897e+02
1.349231042231362032e+00 1.180009602742692287e+01 4.405559244810738733e+02
1.376268297873056934e+00 1.181166005588403145e+01 3.943285427864614121e+02
1.403404123683285931e+00 1.181652063759562665e+01 3.531695603424878982e+02
1.430616040853510240e+00 1.182568949780936762e+01 3.164768116290973126e+02
1.457885662269000848e+00 1.182858460404112044e+01 2.839671072368877844e+02
1.485218845640061458e+00 1.183719330062749187e+01 2.549382211215523171e+02
1.512582853550355599e+00 1.184288375628524648e+01 2.294215472136985738e+02
1.540010960303336285e+00 1.184955849463808697e+01 2.059526476880000132e+02
1.567394290026541182e+00 1.185438719507830285e+01 1.854830605770729619e+02
1.594799087975384388e+00 1.185982729301323779e+01 1.669998280872300995e+02
1.622202459160249521e+00 1.186473458000986625e+01 1.504351637971896878e+02
1.649531324059786419e+00 1.186870599824671579e+01 1.356447553947988638e+02
1.676809855507069846e+00 1.187211884052227795e+01 1.224888217701504090e+02
1.704014492322164287e+00 1.187677195780773332e+01 1.102419143122108665e+02
1.731136016433255875e+00 1.187898170264846343e+01 9.945353858079398890e+01
1.758148940491444545e+00 1.188344561871664062e+01 9.015560667491165248e+01
1.785032990276313569e+00 1.188523779134996872e+01 8.189539262018273291e+01
1.811787032858113378e+00 1.188594566615597969e+01 7.420312892968199492e+01
1.838322714121252144e+00 1.188740586690867929e+01 6.726130691214228818e+01
1.864700824613363395e+00 1.188711299776799990e+01 6.104871295832518285e+01
1.890871851558806327e+00 1.188748153168162780e+01 5.544588633097480113e+01
