2.191799393465098389e-01 1.550982308316407554e+01 3.683535669800713658e+06
2.246131685007435319e-01 1.530463492877872511e+01 3.291212735690146685e+06
2.301971645254038135e-01 1.510272755205748396e+01 2.898058086077232845e+06
2.359420526876870317e-01 1.494059119285292425e+01 2.605382385103039443e+06
2.418605297622405115e-01 1.473486873793495455e+01 2.283610097727592103e+06
2.479221515089781724e-01 1.458054175678689468e+01 2.038238882154324092e+06
2.541588858972895770e-01 1.441009002450983978e+01 1.802870127090578200e+06
2.605654393632008126e-01 1.426520606741874175e+01 1.607504138394339476e+06
2.671453508111962805e-01 1.412436709507039900e+01 1.422570125508695841e+06
2.739010049030404237e-01 1.398617814932763181e+01 1.263947819508436136e+06
2.808345787875878297e-01 1.386249349260420516e+01 1.125754929499562830e+06
2.879492872255721148e-01 1.374519648448419673e+01 9.981180481623485684e+05
2.952375578913905008e-01 1.362464975059575067e+01 8.880851289319200441e+05
3.027220109856849084e-01 1.351956260893212658e+01 7.881634513044451596e+05
3.103837389242625755e-01 1.341407142843112510e+01 7.006675847759594908e+05
3.182469128216348087e-01 1.332277370325660648e+01 6.230447055163623299e+05
3.262850945156744453e-01 1.322932693856790465e+01 5.536305606116816634e+05
3.345355280042354162e-01 1.314373289726942318e+01 4.924047530551884556e+05
3.429705680627931907e-01 1.306720903358959518e+01 4.381021880265971413e+05
3.516067635737558095e-01 1.298740130526282677e+01 3.893065878337273607e+05
3.604317759500242913e-01 1.291295756562755592e+01 3.466882707852219464e+05
3.694680130145530095e-01 1.284670376690921856e+01 3.083518805856905528e+05
3.787144918107245850e-01 1.277859560374342962e+01 2.746855273962085485e+05
3.881516812362422741e-01 1.271549498494851171e+01 2.443002441302265506e+05
3.978269556939477147e-01 1.265888159432308413e+01 2.174431376428773510e+05
4.076600000703378690e-01 1.260460981205261888e+01 1.938000204468660813e+05
4.177226312692249865e-01 1.254651092744779817e+01 1.707336199830584810e+05
4.279975398628545480e-01 1.250017020098739096e+01 1.539471552725033544e+05
4.384717843065123466e-01 1.245331364340074565e+01 1.371249880567818182e+05
4.491860241831692191e-01 1.240806607032001274e+01 1.222037648953500757e+05
4.600961716712139715e-01 1.236592482601535892e+01 1.088589594163872098e+05
4.712097160422473174e-01 1.232872245477965478e+01 9.613349369295960059e+04
4.824998949045886665e-01 1.228770736684658793e+01 8.659391510799224488e+04
4.940435069131896006e-01 1.225145648153570832e+01 7.734181669756174961e+04
5.057788053236098591e-01 1.221628976923143206e+01 6.841267349829064915e+04
5.177257388670677418e-01 1.218568731056994103e+01 6.169584874039285205e+04
5.298831808498863927e-01 1.215365917046124267e+01 5.517010966006784292e+04
5.422480184908512468e-01 1.212431689661446832e+01 4.925996095620435517e+04
5.548220104314935952e-01 1.209672025229331283e+01 4.403071606923492072e+04
5.676045583698356989e-01 1.206940008754961724e+01 3.935750699589686701e+04
5.805431678938888229e-01 1.204430817693882716e+01 3.523176704798269202e+04
5.936221776470189671e-01 1.202027155639002665e+01 3.157123926782719718e+04
6.067792365281414746e-01 1.199532403619174303e+01 2.829351029913811726e+04
6.200720582313831164e-01 1.197512919304952383e+01 2.537406029078162101e+04
6.335714669089959061e-01 1.195471011712938214e+01 2.274199882901378442e+04
6.473010707241911854e-01 1.193221150272077580e+01 2.045329761549136310e+04
6.613482265803651838e-01 1.191228855182031410e+01 1.814305574784728742e+04
6.756636640847508701e-01 1.189387789661391004e+01 1.642558075041965640e+04
6.903448986175808599e-01 1.187640702701256679e+01 1.472269094954650609e+04
7.054488346550258360e-01 1.185646772797908355e+01 1.310663987836336673e+04
7.209125055445907426e-01 1.184160539894830677e+01 1.172836740935737907e+04
7.368039477237887658e-01 1.182435732945413065e+01 1.054912251597536306e+04
7.531803664260215969e-01 1.181260809108018606e+01 9.406637271834610146e+03
7.699744823435948904e-01 1.179680484703966314e+01 8.402314185315746727e+03
7.872857907643904252e-01 1.178394224888611141e+01 7.488731364270134691e+03
8.050880221722005459e-01 1.177232088531046195e+01 6.668485632130077647e+03
8.233995186951846845e-01 1.176230930278224029e+01 5.904064943017810037e+03
8.422426176276411880e-01 1.175269131916291521e+01 5.283412873376555581e+03
8.616337813010505053e-01 1.174448659698318842e+01 4.691200757018061267e+03
8.815131717522091126e-01 1.173632830078918055e+01 4.169876654718726968e+03
9.019669755480601570e-01 1.173020521927841564e+01 3.681302633560962931e+03
9.229710163045524718e-01 1.172636708956924956e+01 3.282160204672005875e+03
9.445288273049025074e-01 1.172163749242973729e+01 2.910564829201121938e+03
9.666367303910471387e-01 1.171937300770154700e+01 2.581016936361595526e+03
9.893098028278807243e-01 1.171794016787330683e+01 2.268580174603752312e+03
1.012530665965473586e+00 1.171676644430493752e+01 2.025035758422150593e+03
1.036303728017645698e+00 1.172184939174768559e+01 1.781657012040867357e+03
1.060630571323654348e+00 1.171892769879960206e+01 1.588712240556752249e+03
1.085497743488599953e+00 1.172290390621808420e+01 1.405566233768223810e+03
1.110906918661557885e+00 1.172703233391850475e+01 1.244846979906373690e+03
1.136838288047083534e+00 1.173353923508670960e+01 1.092928541390555893e+03
1.163285135833419970e+00 1.173811534950281832e+01 9.745670403557547843e+02
1.190237162592100439e+00 1.174281955313138859e+01 8.626478397890800807e+02
1.217682313635734204e+00 1.174996743677354694e+01 7.639731453413361351e+02
1.245607914739312871e+00 1.175741384430622816e+01 6.761190483970231071e+02
1.273994678236528788e+00 1.176675730757059135e+01 5.987139897509160846e+02
1.302825864307834758e+00 1.177735553781588429e+01 5.303965697413350426e+02
1.332086427964483732e+00 1.178984802191092918e+01 4.701671424278803784e+02
1.361755181963807626e+00 1.179960713503959191e+01 4.168081843439063618e+02
1.391802873300417076e+00 1.180863224854745397e+01 3.694104942429461858e+02
1.422223743481702218e+00 1.182078827211768868e+01 3.268087724178732856e+02
1.452884748318884478e+00 1.183492017327238521e+01 2.912896951833213279e+02
1.483459519943821192e+00 1.184742128405162020e+01 2.589000724610343696e+02
1.513923768625196953e+00 1.185630828445822971e+01 2.300139353521088594e+02
1.544247642888583183e+00 1.186727530303920197e+01 2.063616767761465098e+02
1.574434252857979555e+00 1.187762803148308599e+01 1.843868108135533816e+02
1.604479898935976978e+00 1.189185969820077737e+01 1.650418688901531254e+02
1.634336962404770999e+00 1.189921952350426437e+01 1.480352226865207967e+02
1.664061009573420069e+00 1.191091308801594728e+01 1.328282338352813099e+02
1.693542199454457720e+00 1.191762426630138094e+01 1.194042108587406403e+02
1.722817542785512801e+00 1.192571849773460002e+01 1.075749785323480978e+02
1.751903879142697740e+00 1.193379797662462671e+01 9.686996022518431460e+01
1.780732328399391218e+00 1.193981612752318533e+01 8.740156013840034177e+01
1.809326450296649291e+00 1.194637531986954926e+01 7.883464456019683553e+01
1.837659084576681146e+00 1.195327850284261118e+01 7.129746705479797697e+01
1.865693918269128782e+00 1.195598135850385191e+01 6.455789360637714935e+01
1.893438736823700452e+00 1.195965331540775978e+01 5.850162640726283314e+01
1.920875633609651301e+00 1.196253014667627923e+01 5.305463981857097622e+01
1.947999138384574946e+00 1.196553333658916962e+01 4.810739099073852998e+01
1.974768403979226372e+00 1.196620476915192022e+01 4.374592517707380779e+01
