2.191799393465098389e-01 1.550982308316407554e+01 3.683535669800713658e+06
2.254481819289210487e-01 1.527385040566370300e+01 3.212439092925566714e+06
2.319271112937894841e-01 1.504433701569748827e+01 2.806276673177074175e+06
2.386172915467300870e-01 1.485219153722043828e+01 2.463691024841123261e+06
2.455296176785957407e-01 1.463119325979609364e+01 2.129659482192110736e+06
2.526534478626584757e-01 1.444191539409031400e+01 1.857915088668953395e+06
2.600034982209784573e-01 1.426759237002590375e+01 1.619025717497945996e+06
2.675806112572129969e-01 1.410838785028947662e+01 1.413989807932324940e+06
2.753955487054064455e-01 1.398414568502627908e+01 1.231651344925944461e+06
2.834460869946424655e-01 1.381597374474855755e+01 1.076320982543412596e+06
2.917411548079485994e-01 1.367590049822988973e+01 9.390672684866169002e+05
3.002696431717856163e-01 1.355519442507833183e+01 8.185394508649515919e+05
3.090441455715922103e-01 1.343821921472485315e+01 7.149281342338132672e+05
3.180803860214273526e-01 1.332592910529249508e+01 6.250789401896055788e+05
3.273666788194008470e-01 1.322249162337584316e+01 5.419002668244111119e+05
3.368974707235624644e-01 1.312791288685233759e+01 4.758836790486888494e+05
3.466996150029868495e-01 1.302809261829811760e+01 4.166924149979415815e+05
3.567743307204063741e-01 1.294312875110607308e+01 3.645226697115360294e+05
3.670989315179699064e-01 1.286192534689366163e+01 3.182985223166611395e+05
3.777142862437676829e-01 1.278709589444794936e+01 2.779347156790876179e+05
3.885768955982304429e-01 1.271324387311577198e+01 2.432069952690508799e+05
3.997225445966905433e-01 1.264643505745023155e+01 2.131795862093937176e+05
4.111521853030830065e-01 1.258554295223795449e+01 1.860462436788152845e+05
4.228403373129522858e-01 1.252383593319312460e+01 1.629745589718844567e+05
4.348313716046491306e-01 1.246824900710822526e+01 1.427502652354169986e+05
4.470830745164007802e-01 1.241564741712116593e+01 1.237538870177796489e+05
4.596337553079242189e-01 1.236718997109243467e+01 1.093808262544965546e+05
4.724351690466284115e-01 1.232026806656321583e+01 9.613242494263986009e+04
4.855138942358238618e-01 1.228022117755921450e+01 8.416885484839847777e+04
4.988812505486719950e-01 1.223642024345192958e+01 7.380930633650228265e+04
5.125243467842723888e-01 1.219837121563068649e+01 6.484971521615797974e+04
5.264466523403966702e-01 1.216249681685759043e+01 5.685636821954484185e+04
5.406450954135788578e-01 1.212862714602305658e+01 4.991305612277431646e+04
5.551196840934592425e-01 1.209585462230985797e+01 4.396699016864898294e+04
5.698724786319632196e-01 1.206694331060170100e+01 3.858218786763968092e+04
5.848146952254218434e-01 1.203509204987290637e+01 3.393926515847849805e+04
5.996581944091053940e-01 1.200869375980144405e+01 3.003063117845825036e+04
6.143557105953144637e-01 1.198258419496617222e+01 2.654400239961315310e+04
6.290127155751915611e-01 1.195866801400407020e+01 2.335370986624690704e+04
6.437290334962730842e-01 1.193326710785382971e+01 2.093346498730657186e+04
6.586015385866129668e-01 1.190763548166422758e+01 1.864015649817404847e+04
6.736936368486725613e-01 1.188547977677100498e+01 1.656449324299954606e+04
6.890575299331462844e-01 1.186193471061855753e+01 1.470755790275398977e+04
7.047931342444766489e-01 1.183785518197486653e+01 1.306503198544897168e+04
7.208807450759375790e-01 1.181560172665744446e+01 1.159088337079379926e+04
7.372741318705600122e-01 1.179424108317314079e+01 1.028571452238280472e+04
7.539719921267882263e-01 1.177293292023378690e+01 9.041863272311604305e+03
7.706485201021533449e-01 1.175158779078238425e+01 8.110629219914464556e+03
7.873047451645639461e-01 1.173167222481366245e+01 7.233809156129565963e+03
8.040156477319275741e-01 1.171024260429141606e+01 6.435578952725935778e+03
8.207879973456440048e-01 1.169070004871744040e+01 5.737465038225016542e+03
8.376836982368436324e-01 1.166991095031909964e+01 5.122283871421989716e+03
8.546989616483253727e-01 1.164990351465451823e+01 4.537496529166252913e+03
8.718859593383443407e-01 1.162903688856683182e+01 4.085370551676274317e+03
8.892587154811687489e-01 1.160795023658602609e+01 3.628936696457989456e+03
9.068430260450514035e-01 1.159060933198364651e+01 3.255736440340990612e+03
9.246355733936999499e-01 1.156465533451935990e+01 2.908943535334984517e+03
9.426757033503833094e-01 1.154682627282134888e+01 2.593797196002617511e+03
9.609554787360040651e-01 1.152503777999261558e+01 2.317791783045017837e+03
9.794628717839645171e-01 1.150434302190348745e+01 2.069717180819831356e+03
9.983203571359807738e-01 1.148475313852520507e+01 1.844421052069739517e+03
1.017295704032751935e+00 1.146358481129625417e+01 1.646049558721620542e+03
1.036615007098062202e+00 1.144433163540765008e+01 1.469734322390243960e+03
1.056276995338694791e+00 1.142186289719568748e+01 1.311353615485845467e+03
1.076131483126937738e+00 1.140241863774367204e+01 1.160149487082194128e+03
1.096185579441492974e+00 1.138168430860220148e+01 1.041708242120384512e+03
1.116575468638843827e+00 1.136133560419085953e+01 9.286344516782826304e+02
1.137204560479713189e+00 1.133894555431251483e+01 8.283332808840182224e+02
1.158091583398860314e+00 1.131974446364710651e+01 7.390483553793178544e+02
1.179196010104946790e+00 1.130123113587136352e+01 6.583467275621228509e+02
1.200558304893092565e+00 1.127973568959011175e+01 5.872858013329563391e+02
1.222182659511190428e+00 1.126309348424277879e+01 5.232820278488306940e+02
1.243950430518352412e+00 1.124045046607354337e+01 4.665258844813451446e+02
1.265853568818491093e+00 1.122054103688082982e+01 4.161918568196651904e+02
1.287979341411855216e+00 1.120248720270924103e+01 3.688644566534513274e+02
1.310254797852267394e+00 1.118026173000002110e+01 3.312986158914238786e+02
1.332664293990296400e+00 1.116245119260628549e+01 2.959841388270985476e+02
1.355199240330315025e+00 1.114348929279115907e+01 2.626374953936254428e+02
1.377829746272524192e+00 1.112174507189684824e+01 2.358529301094982031e+02
1.400517942198161725e+00 1.110061079402306028e+01 2.108133136131368985e+02
1.423281491154167133e+00 1.108159193444865842e+01 1.883913946822405308e+02
1.446094149822864328e+00 1.106077933270918656e+01 1.685065665632207867e+02
1.468845029176132577e+00 1.104357091840844873e+01 1.506908062653773754e+02
1.491610170885772302e+00 1.102297690087266169e+01 1.349541475423889665e+02
1.514334922875510525e+00 1.100003985920305638e+01 1.209988447583823330e+02
1.536997221875798791e+00 1.097965171153014552e+01 1.085339041666013316e+02
1.559567563900197573e+00 1.095860172054598536e+01 9.728900031370550039e+01
1.582072578903186422e+00 1.093771916862668192e+01 8.718601145104868522e+01
1.604336493586492107e+00 1.091603105942279761e+01 7.822160273974296274e+01
1.626491300860315681e+00 1.089418069469760297e+01 7.054675336990314349e+01
1.648446854513202720e+00 1.087273673230248505e+01 6.362040495578000332e+01
1.670191217828774999e+00 1.085071885105314493e+01 5.708724721498884946e+01
1.691697877676819672e+00 1.082813645000834946e+01 5.164449275270876427e+01
1.712945861152817661e+00 1.080527268029988974e+01 4.659859194001808191e+01
1.733909666242912540e+00 1.078290140408749842e+01 4.210108297590888782e+01
1.754566618859220384e+00 1.075927181060652771e+01 3.804916122488135244e+01
1.774894445250573272e+00 1.073500729296700840e+01 3.448609640083545003e+01
1.794875772143943671e+00 1.071132589265685375e+01 3.120065184132661784e+01
1.814487026328921893e+00 1.068722886709895370e+01 2.829503624940748452e+01
1.833712194722056488e+00 1.066204078004685840e+01 2.572748453543373159e+01
