2.191799393465098389e-01 1.550982308316407554e+01 3.683535669800713658e+06
2.254781349113671451e-01 1.528606554582810340e+01 3.208502296634403057e+06
2.319862952175704152e-01 1.504199504393329256e+01 2.800992263522881549e+06
2.387095574403513276e-01 1.482942999655234040e+01 2.443921669716776814e+06
2.456554726704997249e-01 1.462355486120871362e+01 2.121794078971710522e+06
2.528160814264835410e-01 1.444016026892376736e+01 1.853243391913510859e+06
2.602041374504816540e-01 1.426504016511355388e+01 1.614420850906335516e+06
2.678250409056999737e-01 1.410378438925816269e+01 1.408192477674919879e+06
2.756805496133513667e-01 1.395468071136542498e+01 1.229193666244865861e+06
2.837765645759163791e-01 1.380920975263175343e+01 1.070484716615040321e+06
2.921207423578273676e-01 1.367468050551415359e+01 9.319392115686304169e+05
3.007175177971407876e-01 1.354944683504733227e+01 8.064662581424859818e+05
3.095275357278032269e-01 1.342699926354250906e+01 7.094252496590905357e+05
3.186121294759166611e-01 1.331557521596539218e+01 6.191465044610096375e+05
3.279577799690736040e-01 1.321010982878155637e+01 5.372166301102302969e+05
3.375493636752806559e-01 1.311804139777466816e+01 4.726960330166456988e+05
3.474139405198543029e-01 1.302075555072433843e+01 4.129638332953802892e+05
3.575531019100107177e-01 1.293771342744837050e+01 3.600563018610550207e+05
3.679468563378273660e-01 1.285376076577934157e+01 3.151268432277403190e+05
3.786230372331750305e-01 1.277769184544880154e+01 2.753187309178709984e+05
3.895663901905555560e-01 1.270733486227531372e+01 2.401482408707195136e+05
4.007914133784901689e-01 1.264008706034469576e+01 2.108524073453654419e+05
4.122855954596943429e-01 1.257815904800393270e+01 1.838810626370154205e+05
4.240735471069837503e-01 1.251763493493347390e+01 1.608770707432997879e+05
4.361384928927900528e-01 1.246337718165856323e+01 1.405288316155307693e+05
4.484837224839253178e-01 1.241135698954219180e+01 1.231558382372553751e+05
4.611133652584303855e-01 1.236165829438599673e+01 1.080248841282235808e+05
4.740080651215788365e-01 1.231426636179438994e+01 9.444259689531674667e+04
4.872008920166669421e-01 1.227176178077833590e+01 8.273598841581612942e+04
5.006424605809637329e-01 1.223058672133813651e+01 7.253707939462376817e+04
5.143837018500058145e-01 1.219351889981066606e+01 6.369521856211502018e+04
5.284067785735481193e-01 1.215596423971582674e+01 5.590805808538103884e+04
5.427083527769005489e-01 1.212243511879863256e+01 4.904995623937451455e+04
5.572887011789976475e-01 1.209094871725209508e+01 4.309282016903797921e+04
5.721175176381325667e-01 1.206068735016226334e+01 3.787639373067362612e+04
5.871569340977758067e-01 1.203059105931302675e+01 3.332771011861937586e+04
6.018003925033824641e-01 1.200493664339642841e+01 2.914740926854365898e+04
6.161250521447294570e-01 1.197968426823318744e+01 2.617879365079486161e+04
6.302597198531287859e-01 1.195343865422676188e+01 2.330771804847686144e+04
6.443373997832338995e-01 1.192879311290800892e+01 2.060889801536759478e+04
6.584143932860927473e-01 1.190312671924840693e+01 1.859239680628821588e+04
6.725893978336978662e-01 1.187777046937953962e+01 1.658968482154142112e+04
6.869294381070925049e-01 1.185417600399416393e+01 1.482568365952586100e+04
7.015338859145859862e-01 1.182872932576012026e+01 1.324598491656969600e+04
7.162903812842639217e-01 1.180240277370717727e+01 1.182935853360217698e+04
7.314024889197899837e-01 1.177441037847192185e+01 1.059221398015422164e+04
7.468498193818315922e-01 1.175033592463866938e+01 9.405256157818885185e+03
7.626573131097947877e-01 1.172842831453346690e+01 8.377265952764906615e+03
7.788585064020075999e-01 1.170401351068773899e+01 7.457150651342611127e+03
7.954808251963858545e-01 1.168035020995223228e+01 6.629010442131825585e+03
8.125453581459578523e-01 1.165707214081286658e+01 5.883993357813908915e+03
8.300677895803796336e-01 1.163464532238679716e+01 5.221718465283872320e+03
8.480634127074494488e-01 1.161118851583128375e+01 4.632948371532545934e+03
8.665514961265919913e-01 1.158854097796335303e+01 4.097254154700111030e+03
8.855407915486422921e-01 1.156661265071983280e+01 3.625094194770077593e+03
9.050413914947335048e-01 1.154827194796988010e+01 3.184014348973640608e+03
9.250545314762085303e-01 1.152997379045114812e+01 2.829579077125684762e+03
9.455968646065193717e-01 1.151616658620270961e+01 2.500103762805657425e+03
9.666407461424895153e-01 1.149331549997558710e+01 2.205529238984360745e+03
9.879632581912581868e-01 1.147587143450726543e+01 1.941228754395287751e+03
1.009442125922874745e+00 1.145971575996633973e+01 1.718481647339041047e+03
1.031078642703059156e+00 1.144259105192576875e+01 1.521258221620112863e+03
1.052870409755732650e+00 1.142800645251907632e+01 1.344824591264867195e+03
1.074819756652011238e+00 1.141271512435414692e+01 1.192257572915932542e+03
1.096933275413948250e+00 1.139691318582871205e+01 1.056178458952063011e+03
1.119231201241176255e+00 1.138475413075429898e+01 9.308270953384991344e+02
1.141648765660295384e+00 1.136919812169299782e+01 8.322920353497318047e+02
1.164238759479371943e+00 1.135595654200562876e+01 7.390188792091363439e+02
1.186963372403188943e+00 1.133993142630352224e+01 6.566886872577026679e+02
1.209862361848693446e+00 1.132116129961596229e+01 5.841266600942785772e+02
1.232863684484241107e+00 1.130565437366937331e+01 5.189846176814174896e+02
1.256000988319314837e+00 1.129145737287744033e+01 4.617412556994621582e+02
1.279227628533076810e+00 1.127828738038065381e+01 4.113353411804514508e+02
1.302561621371563394e+00 1.126243053811982087e+01 3.664287940485037325e+02
1.326001969484199794e+00 1.124499115694826834e+01 3.263083560734451680e+02
1.349445400248471483e+00 1.122738244871957036e+01 2.910011451924721655e+02
1.373039333288545549e+00 1.121590373555931031e+01 2.595459091025550720e+02
1.396550521941330336e+00 1.119684155851134477e+01 2.305896988213651468e+02
1.420207185772413228e+00 1.118108066053284233e+01 2.070324856743114879e+02
1.443665319397622770e+00 1.116421915057683911e+01 1.852059460864737730e+02
1.467189069421319880e+00 1.114636638577751704e+01 1.656339875310412992e+02
1.490673376954740892e+00 1.112901887005983426e+01 1.481418600806982226e+02
1.514174159743575832e+00 1.111115109509173138e+01 1.328145574850924504e+02
1.537506880769857309e+00 1.109378200594351149e+01 1.189009828896100487e+02
1.560614782329114103e+00 1.107473478113002407e+01 1.067863801337439611e+02
1.583680335630186731e+00 1.105592843085090315e+01 9.583312613569857774e+01
1.606671105962808488e+00 1.103763499562120209e+01 8.602750197537633881e+01
1.629403005453407660e+00 1.101762770443517425e+01 7.727900407326507093e+01
1.651842969787804760e+00 1.099781195291160252e+01 6.962163337951172082e+01
1.674141541871265737e+00 1.097755708356068105e+01 6.245695323377248798e+01
1.696184084426965111e+00 1.095672213303224396e+01 5.647176110835838614e+01
1.717963070151282468e+00 1.093572534828920695e+01 5.095046359398226343e+01
1.739475030472600547e+00 1.091460139305051058e+01 4.603866645464751883e+01
1.760590684481252888e+00 1.089265041222798125e+01 4.144578896577336735e+01
1.781481478722971135e+00 1.087039367254406841e+01 3.761484944866630542e+01
1.801894256055103449e+00 1.084679951169115775e+01 3.407532944648492901e+01
1.821984143977175785e+00 1.082420417714851979e+01 3.090892968780890016e+01
1.841678566041637932e+00 1.079967110068993108e+01 2.805805822000685623e+01
1.861017444381450003e+00 1.077570418246751061e+01 2.548304033151263681e+01
1.879883749642993207e+00 1.075061418267053348e+01 2.317300036267277363e+01
