2.191799393465098389e-01 1.550982308316407554e+01 3.683535669800713658e+06
2.241970287180338195e-01 1.534884517176286067e+01 3.341209666268559173e+06
2.293682702349550406e-01 1.512167837788683578e+01 2.951061925857053138e+06
2.346389382704484050e-01 1.498375147271734598e+01 2.644700402178027667e+06
2.400703716757056072e-01 1.478494864063361369e+01 2.371411603571171872e+06
2.456376982059571279e-01 1.462092247518606491e+01 2.126267903395395260e+06
2.513507796608195344e-01 1.448232086368072480e+01 1.888598715573872672e+06
2.571947681053833867e-01 1.434083203437117859e+01 1.707747209278328111e+06
2.631940358002717306e-01 1.420346354294041902e+01 1.530264507888757857e+06
2.693415268240765270e-01 1.407965086804600219e+01 1.374182723681336269e+06
2.756394999884494990e-01 1.395649278080204070e+01 1.227295461701412452e+06
2.820920305347436319e-01 1.384154993177036985e+01 1.099546681719740620e+06
2.886987438139961837e-01 1.373027617800884670e+01 9.859163178817571606e+05
2.954538143917067594e-01 1.362173736118360523e+01 8.830077278703668853e+05
3.023721205550414237e-01 1.352247311391863072e+01 7.930205147822465515e+05
3.094601522541639560e-01 1.343046984807478239e+01 7.107150761849854607e+05
3.167015044481610309e-01 1.333990913896809261e+01 6.374399639650366735e+05
3.240974530366740325e-01 1.325106269513046975e+01 5.723522724535752786e+05
3.316705211875645154e-01 1.317568770970589398e+01 5.131187812256207108e+05
3.394054989255885224e-01 1.309591693192287387e+01 4.604141874787455308e+05
3.473161034552489923e-01 1.302782465636479614e+01 4.082742679118243395e+05
3.554022378679407845e-01 1.295328111610505673e+01 3.706952944736703066e+05
3.636467263381304993e-01 1.289262791533313468e+01 3.325561869289501337e+05
3.720560006901950656e-01 1.282395441155422233e+01 2.988355069732266711e+05
3.806725581628451760e-01 1.276419846411845782e+01 2.676440275772932800e+05
3.894239599237169780e-01 1.270718985223575181e+01 2.407005235698405013e+05
3.983776000053811384e-01 1.265337096612296719e+01 2.136589441820093780e+05
4.074985983989494742e-01 1.260420945294920081e+01 1.942852226655021659e+05
4.168199121439050692e-01 1.255586952448048521e+01 1.742584162375115557e+05
4.262889966757238969e-01 1.250975992778987766e+01 1.565345218494173896e+05
4.359535248735199597e-01 1.246397680333739544e+01 1.411215505171114346e+05
4.457887660780422423e-01 1.242756302268351476e+01 1.265612790204318007e+05
4.558022651119228996e-01 1.237978758831318693e+01 1.139436773293130973e+05
4.660174523618585973e-01 1.234721596748374672e+01 1.024215935210349271e+05
4.763932767972578475e-01 1.230764651985745672e+01 9.211221362948394381e+04
4.869619378602047521e-01 1.227076241486620312e+01 8.302931571496956167e+04
4.976779582758353859e-01 1.223952080591894287e+01 7.461850362602031964e+04
5.085912489019340788e-01 1.220830077561468663e+01 6.733717366409236274e+04
5.196859974674256089e-01 1.217999820096642161e+01 6.058827955453058530e+04
5.309597974563551315e-01 1.215062050508162450e+01 5.457732816110454587e+04
5.424115258823332120e-01 1.212312515844927496e+01 4.917981679951656406e+04
5.540413910121264607e-01 1.209751661721514537e+01 4.433333617873870389e+04
5.658504647297211143e-01 1.207256439780672252e+01 3.993375100429237500e+04
5.777923261933978205e-01 1.204775149724117433e+01 3.613242843032805104e+04
5.899353147275572251e-01 1.202521160375482268e+01 3.256662065854768662e+04
6.022994571267829000e-01 1.200548425899519778e+01 2.938984822450421052e+04
6.149216144592128952e-01 1.198401925357328857e+01 2.649886052052687228e+04
6.278440685908097674e-01 1.196513491265316276e+01 2.386828709633312974e+04
6.410942208911908358e-01 1.194555235303614182e+01 2.152357993200732381e+04
6.546921887008387841e-01 1.192766079936714441e+01 1.936515968769831670e+04
6.687018506543286334e-01 1.191037560319663946e+01 1.739466389211497153e+04
6.830919182646052468e-01 1.189416167078228348e+01 1.564391700350522478e+04
6.979222414294722343e-01 1.187894920162738721e+01 1.404890830635323255e+04
7.132015045005741793e-01 1.186647440408201781e+01 1.260960621428265586e+04
7.289464435347493554e-01 1.185380620698387233e+01 1.129391441891682553e+04
7.451701608455520986e-01 1.184087934591514468e+01 1.013293398123739462e+04
7.618918592236777476e-01 1.183002553477697205e+01 9.047238211079908069e+03
7.791289357963223638e-01 1.182270884138781675e+01 8.082147208641911675e+03
7.968797985475651879e-01 1.181343627066133983e+01 7.225113212586116788e+03
8.151728125568256100e-01 1.180920581534575220e+01 6.442250712546063369e+03
8.339905004282029966e-01 1.180233611502936064e+01 5.742291575960121918e+03
8.533600681461590565e-01 1.179988964412167007e+01 5.120248069089546334e+03
8.732838108095822838e-01 1.179866453572350515e+01 4.557329200010928616e+03
8.937674898092292652e-01 1.179573991635572128e+01 4.058564278622069196e+03
9.148143231668729447e-01 1.179718541827911338e+01 3.609389495614133466e+03
9.364302035751401743e-01 1.180003018063336384e+01 3.211245109846194737e+03
9.586011512754588626e-01 1.180346341944334476e+01 2.854484890991737757e+03
9.813250910963082774e-01 1.180771885081754746e+01 2.538266626913626624e+03
1.004308906637508381e+00 1.181049479544183889e+01 2.258099539436982013e+03
1.027529289889217656e+00 1.181929064466161527e+01 2.011740514922209286e+03
1.050968639960658813e+00 1.182911341920722315e+01 1.793668863494140851e+03
1.074648041213260186e+00 1.183274252769148305e+01 1.601035947182478367e+03
1.098564635187591954e+00 1.184020276474307742e+01 1.431049134710066937e+03
1.122706609685055534e+00 1.184889041403899057e+01 1.279213177603185159e+03
1.147083735881588185e+00 1.186014251439422118e+01 1.144834045834363224e+03
1.171703484262090367e+00 1.186574867781618892e+01 1.020899752148931952e+03
1.196547455954020123e+00 1.187592083716742231e+01 9.137998059397282304e+02
1.221614110556348054e+00 1.188437046312094125e+01 8.235888042462761405e+02
1.246910622168711624e+00 1.189432167424342879e+01 7.384580507882969869e+02
1.272410490424016105e+00 1.190839098702824650e+01 6.625686548931843163e+02
1.298118940873364657e+00 1.191435177360606801e+01 5.952638918464538165e+02
1.324041178014782938e+00 1.192418490299390932e+01 5.350299128750331192e+02
1.350136355361109208e+00 1.193502595535405852e+01 4.805758681528623697e+02
1.376459013778507767e+00 1.194367838890241273e+01 4.318818149711613046e+02
1.402872224087310382e+00 1.195390422611534298e+01 3.885182589559853454e+02
1.429482321673330336e+00 1.196374824140486304e+01 3.506913565501419043e+02
1.456250591669107752e+00 1.197401298928879321e+01 3.155631479523947291e+02
1.483146823710840501e+00 1.198309103270982234e+01 2.846114022253352687e+02
1.510153829921211166e+00 1.199341896717800005e+01 2.564741552447230220e+02
1.537280776340059329e+00 1.200192179521946123e+01 2.316253955574570114e+02
1.564495428947630051e+00 1.201433398445341538e+01 2.088267500168115873e+02
1.591753649007690674e+00 1.201960696274820251e+01 1.889938115334647932e+02
1.619123936592863355e+00 1.202931188924893391e+01 1.706015410600178939e+02
1.646467011859767959e+00 1.203894653732324471e+01 1.543902396951377796e+02
1.673888221137241006e+00 1.204830978854485402e+01 1.389174862550417799e+02
1.701282963428595973e+00 1.205384476395235538e+01 1.265679272911509514e+02
1.728688877335614826e+00 1.206184285426608938e+01 1.146455918644158629e+02
1.756194514609116908e+00 1.206907838567387259e+01 1.037924407028314562e+02
1.783463671367553571e+00 1.207572774131729076e+01 9.429404444867903123e+01
1.810637545610324972e+00 1.208095898372579313e+01 8.560370990714106654e+01
