2.191799393465098389e-01 1.550982308316407554e+01 3.683535669800713658e+06
2.253070239332918279e-01 1.529259383500367342e+01 3.241623963476441335e+06
2.316373509197747760e-01 1.505215630590641496e+01 2.822843646758208051e+06
2.381701404750868334e-01 1.486078515867598959e+01 2.486421021395311691e+06
2.449163271451970103e-01 1.465191344965550435e+01 2.155041059790619649e+06
2.518666979035558695e-01 1.446628776795950344e+01 1.867835692904600175e+06
2.590260261864001379e-01 1.429637933583381049e+01 1.639466235684446990e+06
2.664052841127654281e-01 1.413393451538808776e+01 1.442090928874741076e+06
2.740091053774461050e-01 1.398972229753563390e+01 1.261652342919629533e+06
2.818391958254198859e-01 1.384348696392427058e+01 1.103851928851558361e+06
2.899002964735908905e-01 1.371127496808397872e+01 9.651896814039860619e+05
2.981906183729700621e-01 1.358287876882994460e+01 8.463738377460519550e+05
3.067083131118432671e-01 1.347203096095950769e+01 7.410276180645435816e+05
3.154731452181278040e-01 1.335406525516351550e+01 6.495962945699376287e+05
3.244859270872961221e-01 1.324882829598674405e+01 5.679685259664895711e+05
3.337377179656897397e-01 1.315194597863909820e+01 4.982384982882005861e+05
3.432373752812311607e-01 1.306023426963195888e+01 4.363875962935341522e+05
3.529869252194234308e-01 1.297878411398568055e+01 3.796691607976088999e+05
3.630009746521803415e-01 1.289516023804868361e+01 3.352226182170939283e+05
3.732532077578712970e-01 1.281700562925615294e+01 2.940039188383023138e+05
3.837853279445613275e-01 1.274648454152638521e+01 2.574948685755397601e+05
3.945627660067524412e-01 1.267560083129793824e+01 2.262233127682501217e+05
4.056134177643930250e-01 1.261561151288285032e+01 1.962842803809214383e+05
4.169291672362315238e-01 1.255432056285206777e+01 1.742298553534488892e+05
4.284887114881552606e-01 1.249775539191790408e+01 1.527881825879343087e+05
4.403206886803801012e-01 1.244533492107015071e+01 1.343284929081097071e+05
4.524306948281283658e-01 1.239499781610055251e+01 1.181526728220132209e+05
4.648243664823384913e-01 1.234777003416149022e+01 1.036899756362195767e+05
4.774597263810123615e-01 1.230318497152394031e+01 9.114583302259689663e+04
4.903657401396203097e-01 1.226130621434145773e+01 7.949510194962356763e+04
5.035218791102712421e-01 1.222280550080375150e+01 7.062741983710225031e+04
5.169567004354539419e-01 1.218734026985957541e+01 6.208739338896867412e+04
5.306579429739622933e-01 1.215218508639311601e+01 5.472857208481062844e+04
5.446232664953851721e-01 1.211999071491181645e+01 4.819629252767417347e+04
5.588525922472871166e-01 1.208721586259744640e+01 4.246924202390516439e+04
5.733135390792548636e-01 1.205841245747047275e+01 3.749351736166414776e+04
5.879544654316299912e-01 1.203077222536595947e+01 3.307622731995610229e+04
6.023642882131581278e-01 1.200524811890421262e+01 2.932241635469207176e+04
6.165766915948133198e-01 1.197949844994125002e+01 2.610155886757898043e+04
6.307079678139378975e-01 1.195269205564831694e+01 2.325433475267008180e+04
6.448909258137542899e-01 1.192951055058738774e+01 2.073594004918745850e+04
6.591618538870508415e-01 1.190289693022217499e+01 1.855198020180953972e+04
6.736162882037858290e-01 1.188287998721124161e+01 1.652923744746034936e+04
6.882802369586121793e-01 1.185957476295482316e+01 1.475433944009443439e+04
7.032183793747980305e-01 1.183372657503164227e+01 1.317422495095936392e+04
7.184751550724538527e-01 1.181315976705076842e+01 1.173588305258829132e+04
7.339205998428776079e-01 1.178854154501749818e+01 1.048638215504362961e+04
7.493783040266667195e-01 1.176645611683531456e+01 9.358047304181791333e+03
7.648716410261193754e-01 1.174566955447025229e+01 8.363942170016260206e+03
7.804532137939155234e-01 1.172445201589621888e+01 7.487461234101127957e+03
7.961492031285518634e-01 1.170147617158581532e+01 6.708067481293664059e+03
8.120013897104467748e-01 1.168230654446078631e+01 6.008687328161449841e+03
8.280155365817931656e-01 1.166069150231762031e+01 5.379110092295123650e+03
8.442376855743507491e-01 1.163780629174551073e+01 4.816750719211062460e+03
8.606975141113196726e-01 1.161470749878440145e+01 4.311348177875416695e+03
8.773564621790894691e-01 1.159295941114406148e+01 3.859557947011958731e+03
8.943064928768368338e-01 1.157293823250922138e+01 3.451671695792759238e+03
9.114882311413635696e-01 1.155619253138274516e+01 3.090548770696748761e+03
9.289748313623459319e-01 1.152862089199642348e+01 2.763617062177053413e+03
9.467497906654898099e-01 1.151105907821807328e+01 2.470242341308126925e+03
9.647783674923489095e-01 1.148687017741718819e+01 2.208806663134805603e+03
9.832097707502214234e-01 1.146466575865096438e+01 1.973381658972965624e+03
1.001786318329735748e+00 1.144408714556783657e+01 1.762861132080024845e+03
1.020753706163518348e+00 1.142484307859983339e+01 1.572748006880017329e+03
1.040015277201165711e+00 1.140230345465626627e+01 1.404790999329164606e+03
1.059657955958811293e+00 1.138139568658394474e+01 1.253479287539325014e+03
1.079459722640965680e+00 1.136154247602426004e+01 1.110685142069513404e+03
1.099632501847619404e+00 1.134633202341549740e+01 9.971154415634364341e+02
1.120065418887495223e+00 1.132236049224811758e+01 8.901820746613457231e+02
1.140795368215813177e+00 1.130656867081004435e+01 7.938310617781928613e+02
1.161796012375073683e+00 1.128720151932839677e+01 7.035942076820126658e+02
1.183061471669672571e+00 1.126763264304637069e+01 6.313167314632271427e+02
1.204625308200634182e+00 1.124598420243840025e+01 5.594426265927983195e+02
1.226309618179478811e+00 1.122620549066293449e+01 5.023626669129686206e+02
1.248270145169185330e+00 1.120807425802173007e+01 4.479664336410762644e+02
1.270436951297602812e+00 1.118947797674780453e+01 3.982834502533270324e+02
1.292827602063332693e+00 1.117160941624273462e+01 3.568945525563223100e+02
1.315341618982210248e+00 1.115634281214743417e+01 3.184356209199831937e+02
1.338007279669417127e+00 1.113542569287507433e+01 2.842346035154074002e+02
1.360775795931166599e+00 1.111718001090496166e+01 2.544073818185697178e+02
1.383694327504892962e+00 1.109869947327125672e+01 2.269545032970451359e+02
1.406661275965532365e+00 1.108115613924604759e+01 2.019409658314513649e+02
1.429714343862175108e+00 1.106246037127292681e+01 1.817738280664685533e+02
1.452809195738207659e+00 1.104499062437303358e+01 1.624964372092593408e+02
1.475918412444954475e+00 1.102829411008040417e+01 1.454224228548475253e+02
1.499022366657503547e+00 1.100847408671814520e+01 1.303941960389128667e+02
1.522091920127295106e+00 1.099029966507491096e+01 1.168952077896443740e+02
1.545131284863157761e+00 1.097199595402902972e+01 1.043756059126427829e+02
1.568039790962810098e+00 1.095330045172837963e+01 9.419895564573440083e+01
1.590872995000454759e+00 1.093441024328985378e+01 8.451842818890823139e+01
1.613567868827272767e+00 1.091540036952569537e+01 7.608723815884152941e+01
1.636111668646800910e+00 1.089616877891642233e+01 6.845591744117936628e+01
1.658476123141273684e+00 1.087661831224239428e+01 6.169020952780572742e+01
1.680636735393426395e+00 1.085726631705954404e+01 5.543141781523421940e+01
1.702569357263581606e+00 1.083759973483696371e+01 5.016018296634619134e+01
1.724271259504739140e+00 1.081782126515667919e+01 4.505947976283220413e+01
1.745675930778507912e+00 1.079775819948724980e+01 4.094125733219069474e+01
1.766771972934812585e+00 1.077592265057148424e+01 3.706311514337813406e+01
1.787566273712186904e+00 1.075493812834989349e+01 3.355740532971807966e+01
1.808040160605308477e+00 1.073391945397334979e+01 3.039697210757155688e+01
