2.191799393465098389e-01 1.550982308316407554e+01 3.683535669800713658e+06
2.256884104277187830e-01 1.525412100488019362e+01 3.193925765091245994e+06
2.324168371291876201e-01 1.502062998318598552e+01 2.767572111633159220e+06
2.393755757288527908e-01 1.480006497468816917e+01 2.403819491026829462e+06
2.465681281095194743e-01 1.459916278493746589e+01 2.089593226321462775e+06
2.539937919032100311e-01 1.441958156696695426e+01 1.814869683303872589e+06
2.616631215550890843e-01 1.422956850468425216e+01 1.578635383497257950e+06
2.695802312211000307e-01 1.406622796306718293e+01 1.364032468140045181e+06
2.777492437908151701e-01 1.391658859094171063e+01 1.185837818945609964e+06
2.861763438940156390e-01 1.376920709939744114e+01 1.026760811467888299e+06
2.948539898613495858e-01 1.363186477846357292e+01 8.929439470640553627e+05
3.037980441439444013e-01 1.350948770397019594e+01 7.747643761058233213e+05
3.130125449698100693e-01 1.338313758041938328e+01 6.733444870627149940e+05
3.224970413549866910e-01 1.326994062294997079e+01 5.856758541627723025e+05
3.322594350727453016e-01 1.317201529606921895e+01 5.083514522839198471e+05
3.422974388081844732e-01 1.307025508474683662e+01 4.421090771482532728e+05
3.526166620174946975e-01 1.297917080012988755e+01 3.840486229953769362e+05
3.632325931643465289e-01 1.289488051056332196e+01 3.346447460143186036e+05
3.741214489056565173e-01 1.281066014835464806e+01 2.878773501369318110e+05
3.853097255484843053e-01 1.273576129965866599e+01 2.532078927526651532e+05
3.967958882734495263e-01 1.266485153759503213e+01 2.202853766760215512e+05
4.085644052602417364e-01 1.259733715610233062e+01 1.918404375997752359e+05
4.206263505545700387e-01 1.253768557936627559e+01 1.672376070035163139e+05
4.330011247427977272e-01 1.247580397572403932e+01 1.455215310931197891e+05
4.456784489242102687e-01 1.242282634500289262e+01 1.269098712388698623e+05
4.586648946787080239e-01 1.237125565243780123e+01 1.103961883176096162e+05
4.719214723397948674e-01 1.232226349293726386e+01 9.658335260596410080e+04
4.854772463000237015e-01 1.227570576141525827e+01 8.443778837473521708e+04
4.993427453883866884e-01 1.223342386229866996e+01 7.373732485827295750e+04
5.135049968687891431e-01 1.219694377324072398e+01 6.429756109076668508e+04
5.279670217392498088e-01 1.215885546070455270e+01 5.610672422474599443e+04
5.427261478652756210e-01 1.212399525650776155e+01 4.905252622801234975e+04
5.577825741703977824e-01 1.209051294292689427e+01 4.290035205972904805e+04
5.731035739342518198e-01 1.205876452458317161e+01 3.758115677465832414e+04
5.886638093030017727e-01 1.202857561126496222e+01 3.291449131160732941e+04
6.041771177336785481e-01 1.200168545636430473e+01 2.891289961901769857e+04
6.197477536991244929e-01 1.197397866762131358e+01 2.548675523068458642e+04
6.354107183575209428e-01 1.194970523436974652e+01 2.243218573057970207e+04
6.513293365267088797e-01 1.192569269828626410e+01 1.978717561497909992e+04
6.675634352619564948e-01 1.189926306669998546e+01 1.743616822672029957e+04
6.841944154538071032e-01 1.187695883934041241e+01 1.536010899892666566e+04
7.012213720584147270e-01 1.185465667758802333e+01 1.352072370963236426e+04
7.187857978555444172e-01 1.183194146362292187e+01 1.188057264126663358e+04
7.367655779285090523e-01 1.181223146865114870e+01 1.043412068997769347e+04
7.553490104492072144e-01 1.179196183434062917e+01 9.088974025777262796e+03
7.745106258915699371e-01 1.177294209842012052e+01 8.027046878183894478e+03
7.942858209956400461e-01 1.175572179903373460e+01 7.036488217448716568e+03
8.147039508205018432e-01 1.173971540113221756e+01 6.097367519396248099e+03
8.357656596132220228e-01 1.172383560329633134e+01 5.376666299971524495e+03
8.575074049755131433e-01 1.171041218135827044e+01 4.693241034407495135e+03
8.799452340633513447e-01 1.169545599071262920e+01 4.095105704690393395e+03
9.030682488623582582e-01 1.168565735367463354e+01 3.565463052337358477e+03
9.269103790031791856e-01 1.167557949740788459e+01 3.105883290123125335e+03
9.514681422589553739e-01 1.166712400578355791e+01 2.702094089115146744e+03
9.767362415374102325e-01 1.166305864006133675e+01 2.346390799188491656e+03
1.002720455101586028e+00 1.165419432945379086e+01 2.041663458718925312e+03
1.029426395120587312e+00 1.164983260315656111e+01 1.771257268088129422e+03
1.056831583025651167e+00 1.165001810899315515e+01 1.538695202790450367e+03
1.084939716984146374e+00 1.164480113340374778e+01 1.334587742630237926e+03
1.113732404381630792e+00 1.164722689938837163e+01 1.158853391431573527e+03
1.143203113630999912e+00 1.164633677992043204e+01 1.004994483502957905e+03
1.173331362137382872e+00 1.164622401338795221e+01 8.727070103887605228e+02
1.204094882220169138e+00 1.165086533726443818e+01 7.573291283094195023e+02
1.235463707181165383e+00 1.165347262950676388e+01 6.574385485271617426e+02
1.267425866843919113e+00 1.165865727384345440e+01 5.674435150385970701e+02
1.299952448915500103e+00 1.166078053929997616e+01 4.934720807935313474e+02
1.333003696273566296e+00 1.166822254769932599e+01 4.309308726328484909e+02
1.366553977699656253e+00 1.167711322267427931e+01 3.746634571498184982e+02
1.400568599222568933e+00 1.168503757012017452e+01 3.259109478121820302e+02
1.435001037851541650e+00 1.168993237336641045e+01 2.839422573296816381e+02
1.469827365254747997e+00 1.169776012700304513e+01 2.474435927710166538e+02
1.505002860343796822e+00 1.170730277990240431e+01 2.155756450696415527e+02
1.540438351944264816e+00 1.171877807992398424e+01 1.879684426290215526e+02
1.575333639713576206e+00 1.172675098100895141e+01 1.637733440148087709e+02
1.609376477819721263e+00 1.173222000739300341e+01 1.444390866400684672e+02
1.642582634402729891e+00 1.173929213633195623e+01 1.276839332551069930e+02
1.674959333069989009e+00 1.174556667995721071e+01 1.131218548676675510e+02
1.706521105930669524e+00 1.174791858859247284e+01 9.995111098421489260e+01
1.737290245699719238e+00 1.174790911110858538e+01 8.942753548903505134e+01
1.767260425941569180e+00 1.174929311126025411e+01 7.981560942527525526e+01
1.796470804108053709e+00 1.174632079584587530e+01 7.141570460219591610e+01
1.824905410907305514e+00 1.174291879299471297e+01 6.399510534909602200e+01
1.852586145246840177e+00 1.173776569306239459e+01 5.748478017614103663e+01
1.879514460754159844e+00 1.173116404387293876e+01 5.176466592832841229e+01
1.905700301033668831e+00 1.172292219527895973e+01 4.660559881719004949e+01
1.931146650621100358e+00 1.171297149944982152e+01 4.211804928026311501e+01
1.955844355297978510e+00 1.170146387177914171e+01 3.807837677764381823e+01
1.979793428724067494e+00 1.168831306284416272e+01 3.440639582603867552e+01
2.003016577681643096e+00 1.167394126269340937e+01 3.128981314243051770e+01
2.025506455801597827e+00 1.165809424578890585e+01 2.842066027259832595e+01
2.047263908530601917e+00 1.164084071517015317e+01 2.578759043755820457e+01
2.068287583395740814e+00 1.162233928574868358e+01 2.355252972328568717e+01
2.088598462169334091e+00 1.160260022541117841e+01 2.150517311426038702e+01
2.108146747024081336e+00 1.158077070294408450e+01 1.963571542611907361e+01
2.126983946890578903e+00 1.155871542062865309e+01 1.795611335829792310e+01
2.145099930140044187e+00 1.153477686602682439e+01 1.645075897334122317e+01
2.162490245970602576e+00 1.151050718285641494e+01 1.509768911544307635e+01
2.179159236628651630e+00 1.148339199074034056e+01 1.385706596738968699e+01
2.195111724821988020e+00 1.145642093679864360e+01 1.275554431334959027e+01
2.210342363194554682e+00 1.142795986512831341e+01 1.173896611357117514e+01
