2.191799393465098389e-01 1.550982308316407554e+01 3.683535669800713658e+06
2.249559783945476732e-01 1.527482530476784106e+01 3.213200915086218156e+06
2.308779075844072104e-01 1.507476699784289842e+01 2.859708678176151123e+06
2.369975493600623428e-01 1.487943215254578888e+01 2.520421564435945824e+06
2.433075333339386193e-01 1.469291047218858282e+01 2.221478801339562982e+06
2.497878713662439742e-01 1.452648371730941079e+01 1.968048650855628308e+06
2.564613090295387310e-01 1.435453463674934227e+01 1.731878592284858925e+06
2.633262080308347852e-01 1.420105057346038357e+01 1.524689841975090560e+06
2.703873901307872196e-01 1.405497539011208374e+01 1.344297326165837934e+06
2.776472578446175787e-01 1.391924818267796837e+01 1.186798473116562003e+06
2.851113508134870966e-01 1.378643516141301006e+01 1.045442848952865927e+06
2.927849846091781782e-01 1.365921386322226461e+01 9.226901999928993173e+05
3.006491140850474086e-01 1.354934496920660969e+01 8.133979960913780378e+05
3.087296423692357794e-01 1.343741928530536001e+01 7.189279675868245540e+05
3.170225049698047748e-01 1.333616256950461931e+01 6.338773998500385787e+05
3.255240229862377821e-01 1.323932506563233602e+01 5.597818560539233731e+05
3.342542759240148542e-01 1.314871270544886883e+01 4.943622748145915102e+05
3.431962614739113571e-01 1.306498119106842282e+01 4.368271094987242250e+05
3.523669752617202833e-01 1.298203129951161117e+01 3.820160256702676415e+05
3.617576257302756448e-01 1.290293262416983033e+01 3.411266376714957296e+05
3.713617908584096461e-01 1.283089467685077700e+01 2.990020710366251878e+05
3.812401890728047138e-01 1.276020885719003140e+01 2.662175674762418494e+05
3.913013496908173128e-01 1.269849711791767710e+01 2.354612738734711020e+05
4.016224224139211540e-01 1.263367138536943024e+01 2.081948572114269773e+05
4.121533677179187172e-01 1.257884799687414024e+01 1.838815774114574597e+05
4.229315557956364602e-01 1.252651909844605882e+01 1.625384148290593585e+05
4.339521673465621121e-01 1.247500234467952573e+01 1.438365381004617375e+05
4.452144666361997349e-01 1.242466565959289859e+01 1.260423323796710029e+05
4.566869920821908235e-01 1.237860523333425178e+01 1.129849295849163609e+05
4.684215086879979228e-01 1.233451554630888225e+01 9.997201105818663200e+04
4.803668433978805496e-01 1.229481778357827793e+01 8.839698302444255387e+04
4.925632625167952194e-01 1.225431518140095832e+01 7.860793131225014804e+04
5.049829089642804414e-01 1.221725654574567876e+01 6.976830592022827477e+04
5.176446287030102011e-01 1.218574594925245513e+01 6.175426090098057466e+04
5.305417867936955689e-01 1.215147772991531561e+01 5.479366080369600240e+04
5.436723864437360554e-01 1.212013373967746688e+01 4.865175601777057454e+04
5.570371928833364183e-01 1.209327770805770186e+01 4.314147419368627016e+04
5.706133238875219504e-01 1.206305563030288042e+01 3.836383700302127545e+04
5.844077749792166987e-01 1.203578271846805592e+01 3.410849309445328254e+04
5.982682249310404821e-01 1.201084741867174621e+01 3.035586438856960376e+04
6.122380506680544787e-01 1.198684306580926240e+01 2.705003429726573086e+04
6.263696687347946046e-01 1.196314432885604795e+01 2.413318342630526240e+04
6.407262100223714008e-01 1.194233941553411071e+01 2.152208341750541877e+04
6.553260497060011680e-01 1.192098306054483636e+01 1.921289214819424888e+04
6.702817609940556753e-01 1.189958217813562413e+01 1.714008051700543001e+04
6.856104620630629753e-01 1.188025731671797480e+01 1.523912909277036488e+04
7.013339594736672788e-01 1.186067871467645674e+01 1.356189382229752846e+04
7.175302712783437897e-01 1.184343011766569020e+01 1.205307676197071123e+04
7.341260295928043744e-01 1.182591178836269030e+01 1.072450065458184508e+04
7.512519031751692111e-01 1.180950814113062641e+01 9.520688184462374920e+03
7.688702451100580815e-01 1.179534707052052589e+01 8.433221582257323462e+03
7.870267240075722315e-01 1.177998929970561015e+01 7.481975596906868304e+03
8.057443663236583120e-01 1.177084659589511872e+01 6.588505433450282908e+03
8.249873255001168859e-01 1.175655919190088916e+01 5.858601128365224213e+03
8.448327052825375105e-01 1.174555236513674039e+01 5.175164620095612918e+03
8.652564977183794248e-01 1.173643223760101328e+01 4.567581839397594194e+03
8.862811968165537069e-01 1.172922539357078797e+01 4.033377569603106167e+03
9.079057139241437646e-01 1.171893903345666388e+01 3.557583522128607456e+03
9.301392963555751292e-01 1.171507683419484813e+01 3.134498305601694028e+03
9.529836378851322953e-01 1.171022685828068255e+01 2.760770480985471750e+03
9.764419263848863606e-01 1.171005638213405575e+01 2.429494447559503897e+03
1.000516012438133373e+00 1.170442116915716113e+01 2.139851242270163311e+03
1.025204939151720174e+00 1.170883304873907171e+01 1.882914488536497402e+03
1.050496890335757216e+00 1.170647891470014912e+01 1.657162506833812813e+03
1.076391642915911939e+00 1.171039993504409260e+01 1.455857922896655055e+03
1.102881931727718978e+00 1.170949019264885038e+01 1.279567319349788249e+03
1.129955278062774182e+00 1.171455864185111828e+01 1.124751864391453637e+03
1.157598341431794076e+00 1.171948139151738211e+01 9.894534699766787753e+02
1.185802821135611085e+00 1.172505721840946791e+01 8.696882324057843334e+02
1.214552954810944829e+00 1.173152987832848559e+01 7.649876597261485358e+02
1.243828558241259596e+00 1.174060594814353387e+01 6.726082072703138692e+02
1.273616586221094193e+00 1.174783845711196228e+01 5.919099051340160713e+02
1.303787325881356374e+00 1.175726643433462115e+01 5.174723025531292251e+02
1.333873316914838458e+00 1.176547000245663632e+01 4.598242989488907710e+02
1.363829924685550532e+00 1.177658053072708810e+01 4.066511243699926013e+02
1.393664025346026847e+00 1.178509939970012965e+01 3.603950218449720637e+02
1.423343105816893717e+00 1.179565552064040546e+01 3.199062205300926394e+02
1.452875692430460886e+00 1.180211849996761408e+01 2.844966178073834158e+02
1.482271536039385218e+00 1.180752460658375291e+01 2.533455252809561671e+02
1.511487023928183460e+00 1.181783836477902305e+01 2.261434419578582435e+02
1.540546182276510745e+00 1.182138518139378824e+01 2.019334390726385777e+02
1.569430792868541813e+00 1.182626984140195425e+01 1.809475153028598413e+02
1.598141379356117220e+00 1.183158760295641088e+01 1.619005621133452166e+02
1.626641523739130069e+00 1.183540863993859560e+01 1.443628744822785279e+02
1.654930174502155182e+00 1.183873958900377055e+01 1.303815238599470661e+02
1.683019032046083163e+00 1.184098080102808837e+01 1.172147238845180794e+02
1.710838574990861005e+00 1.184225515565059084e+01 1.053847911973802098e+02
1.738418630474435789e+00 1.184430215874227166e+01 9.500975820311431619e+01
1.765729218242374499e+00 1.184329869829795889e+01 8.559150666550620201e+01
1.792792457150038210e+00 1.184256305157981792e+01 7.722841172420505984e+01
1.819508028386290110e+00 1.184081326740629336e+01 6.981987459102687410e+01
1.845946499304355504e+00 1.183831744553444665e+01 6.308648129245090530e+01
1.872054205166839180e+00 1.183454931986706882e+01 5.710342099929664528e+01
1.897818862573191767e+00 1.183092251641076409e+01 5.156213479888025120e+01
1.923225496446274274e+00 1.182550185016620858e+01 4.696583136863502972e+01
1.948268384781690621e+00 1.181988082306994414e+01 4.262698715161006646e+01
1.972929773011553145e+00 1.181221983817752097e+01 3.876083363300401174e+01
1.997156964803834978e+00 1.180442582705930832e+01 3.524599464446120578e+01
2.021027014320282422e+00 1.179650445837101991e+01 3.209237741975018565e+01
2.044391852513893770e+00 1.178662621112017739e+01 2.926218227917363635e+01
