2.191799393465098389e-01 1.550982308316407554e+01 3.683535669800713658e+06
2.254404505308398032e-01 1.527365269668690040e+01 3.216126462800451089e+06
2.319094854711711284e-01 1.505751256004494110e+01 2.824290494654388167e+06
2.385904932359992625e-01 1.482637271865436546e+01 2.442667345524487551e+06
2.454927647998321749e-01 1.463068393474346429e+01 2.140107890004335437e+06
2.526040246444325454e-01 1.445734668995687144e+01 1.863321004999706056e+06
2.599440706642237586e-01 1.427169238349028824e+01 1.620489943338454003e+06
2.675106780843977128e-01 1.410914281755477084e+01 1.413916741066664690e+06
2.753117887906176842e-01 1.395732094014589997e+01 1.236271866988037946e+06
2.833494090149383804e-01 1.381645923739816872e+01 1.076790890731571009e+06
2.916300720565083160e-01 1.368344412808331434e+01 9.412624737206435530e+05
3.001443698389376080e-01 1.355505650283663321e+01 8.193067691395760048e+05
3.089064162968681582e-01 1.343726347085775608e+01 7.161488356684191385e+05
3.179245164782941169e-01 1.332958192937568853e+01 6.271288672765246592e+05
3.271903032079015450e-01 1.322729896663896199e+01 5.462129552197210724e+05
3.367072775305460230e-01 1.312207425048027254e+01 4.772964498648478184e+05
3.464912134076266192e-01 1.303060974768405522e+01 4.182854290149997105e+05
3.565470282700386462e-01 1.294581840062015310e+01 3.647118376000873977e+05
3.668516850373600424e-01 1.286711463127648614e+01 3.189095528835359146e+05
3.774389063827977564e-01 1.278726132449196307e+01 2.787727283384740003e+05
3.882876932343356513e-01 1.271574766600116746e+01 2.439619675656233449e+05
3.994093393019984006e-01 1.264797035678942727e+01 2.137530407651778078e+05
4.108348819256332773e-01 1.258534657501320631e+01 1.868236080053989426e+05
4.224814767320073106e-01 1.252774562005848580e+01 1.636720083801157889e+05
4.344455835073219863e-01 1.246966985670178474e+01 1.432729184788670682e+05
4.466777437820565466e-01 1.241828867436346684e+01 1.242443735554274317e+05
4.592015490983837878e-01 1.236901750084179241e+01 1.100445829133557127e+05
4.719760378918427257e-01 1.232179398382405644e+01 9.659493677423425834e+04
4.850254266334276254e-01 1.227856262427993705e+01 8.463189388029740076e+04
4.983671765779502660e-01 1.223812147202566436e+01 7.413712195050640730e+04
5.119809475043919367e-01 1.219978161777511794e+01 6.512976386774551065e+04
5.258737122031929001e-01 1.216252104872724438e+01 5.722253364004250761e+04
5.400415153934443602e-01 1.212761158831083463e+01 5.040252926585147361e+04
5.544860574886769644e-01 1.209656414212601305e+01 4.416339396790334285e+04
5.692066614543139780e-01 1.206827735982996153e+01 3.883641414015159535e+04
5.841131583405509975e-01 1.203783940879517544e+01 3.418603328104620596e+04
5.986515611074841869e-01 1.201011545236343458e+01 3.027301834369078642e+04
6.126699547165586068e-01 1.198480887983425447e+01 2.693897978103346759e+04
6.263534470252338782e-01 1.195959283396134687e+01 2.405086103000884032e+04
6.397977636778513499e-01 1.193206480857091023e+01 2.152915861368949845e+04
6.531708093510104618e-01 1.190854388392135021e+01 1.931290661855980215e+04
6.665230263117540854e-01 1.188348272691935215e+01 1.733119281149982271e+04
6.799207450919777518e-01 1.185285382423556655e+01 1.560062773027363255e+04
6.934400176350159484e-01 1.183060178887801506e+01 1.398999637926428841e+04
7.071212326892447608e-01 1.180287752778242094e+01 1.256140614051494958e+04
7.210794629653075605e-01 1.177457190637099416e+01 1.116378612595900813e+04
7.352445510868845790e-01 1.175039674383229560e+01 1.010226430944134154e+04
7.495596538608695347e-01 1.172180967579176247e+01 9.058210847478052528e+03
7.642829554534452674e-01 1.169623717921050421e+01 8.101604390997608789e+03
7.793376553148526620e-01 1.166928808278759178e+01 7.248193127443380945e+03
7.947593259960205048e-01 1.164170663072427914e+01 6.486607269930609618e+03
8.105645559358828356e-01 1.161473972692873069e+01 5.785995296701446023e+03
8.267763985502849522e-01 1.158929310587470418e+01 5.159320725075828705e+03
8.433817427401905098e-01 1.156176633933279696e+01 4.600037367219144471e+03
8.604352975797032732e-01 1.153763080633828153e+01 4.093150949059147479e+03
8.779265981498017846e-01 1.151276437731174696e+01 3.639656259857176337e+03
8.958606995925405547e-01 1.148860241106782176e+01 3.232314712895589764e+03
9.142566851155995433e-01 1.146537020560531239e+01 2.871532482526640706e+03
9.331155326308568920e-01 1.144109631547486927e+01 2.547966468268989047e+03
9.524354695580204977e-01 1.142214168486037629e+01 2.255193662760785173e+03
9.722241607552659648e-01 1.139695937324307273e+01 2.000339327592525933e+03
9.924753174669594946e-01 1.137677683973487852e+01 1.756605354925958181e+03
1.013194876240241404e+00 1.135539425802623015e+01 1.568372973773085960e+03
1.034362946964437757e+00 1.133530899734851261e+01 1.375347831178717115e+03
1.055980788335674658e+00 1.131507619834557232e+01 1.224421530501270809e+03
1.078043382479175083e+00 1.129711055436736444e+01 1.083020551043659680e+03
1.100540434890791452e+00 1.127928368190740827e+01 9.566363544603515265e+02
1.123450561405711534e+00 1.126241653829515244e+01 8.443989906128881557e+02
1.146772715228228323e+00 1.124607159102627740e+01 7.454908261204907376e+02
1.170469495249568226e+00 1.122997394170623231e+01 6.584554618776153347e+02
1.194553082148444467e+00 1.121525416571150480e+01 5.820729689917446876e+02
1.218980358889220295e+00 1.120274928026900518e+01 5.140371182238350229e+02
1.243743439814176455e+00 1.118526341698321147e+01 4.515191863353065855e+02
1.268819314529627373e+00 1.117089586141507596e+01 4.014265712343774908e+02
1.294180277247020339e+00 1.115897751537887039e+01 3.549719028945610830e+02
1.319808542391382566e+00 1.114744000574785154e+01 3.135176376100452558e+02
1.345663166364501340e+00 1.113508927018891015e+01 2.767397619590668114e+02
1.371735488353339028e+00 1.111942076496221965e+01 2.458202912029720721e+02
1.397988197470286797e+00 1.110691329006006711e+01 2.177015513978320200e+02
1.424404477558074200e+00 1.109560245166529846e+01 1.928709478864761309e+02
1.450933735704266647e+00 1.108287625807598431e+01 1.710751673842657397e+02
1.477558320691124472e+00 1.107204674297170222e+01 1.518107644916852905e+02
1.504249617204944434e+00 1.106192195273494860e+01 1.347728050651784031e+02
1.530970067882519547e+00 1.104815185621519547e+01 1.192524933867249786e+02
1.557693751120734493e+00 1.103749418210399647e+01 1.066179857015940229e+02
1.584384663922196790e+00 1.102565884786155337e+01 9.477005808398895681e+01
1.611011733651648070e+00 1.101361618262243702e+01 8.452805666567267906e+01
1.637541485425195065e+00 1.100232234520179375e+01 7.531420260889582607e+01
1.663943090881241149e+00 1.099077613131032294e+01 6.720533377758425786e+01
1.690155802627456794e+00 1.097776352092962426e+01 5.996080845072911814e+01
1.715968993297086076e+00 1.096593106282448993e+01 5.376591066158366772e+01
1.741302727818540674e+00 1.095266127933798828e+01 4.825930890879407542e+01
1.766161887939463826e+00 1.093944749780485282e+01 4.316185696247953274e+01
1.790474497983389757e+00 1.092544019475718642e+01 3.886026237253386739e+01
1.814297662954144741e+00 1.091088253795857099e+01 3.514490029068029742e+01
1.837562182576793157e+00 1.089588711752004713e+01 3.170327212754759572e+01
1.860262949641882546e+00 1.087967556005789227e+01 2.857609292354731423e+01
1.882443612520904974e+00 1.086329964283311256e+01 2.583808057130417524e+01
1.903996829221005660e+00 1.084612343938784562e+01 2.355113011596002792e+01
1.924976037062456680e+00 1.082776426618111287e+01 2.138303074594387354e+01
