2.191799393465098389e-01 1.550982308316407554e+01 3.683535669800713658e+06
2.254612974460694086e-01 1.527029650919605075e+01 3.210311117409597151e+06
2.319515115661455462e-01 1.507649090696737382e+01 2.795275792432015296e+06
2.386565129068251856e-01 1.484380065473597021e+01 2.455730572200187948e+06
2.455826996647017257e-01 1.463767264264381041e+01 2.136226685446426272e+06
2.527221599040733180e-01 1.445651878689179526e+01 1.863986543634167640e+06
2.600881321390886569e-01 1.426650239591631752e+01 1.616536739137782948e+06
2.676833897271130303e-01 1.411432798876171013e+01 1.411029634196923813e+06
2.755156004620795684e-01 1.395593841385258749e+01 1.229706862910175230e+06
2.835854162507726595e-01 1.381399345273855950e+01 1.074659311233009677e+06
2.919004466608518533e-01 1.368087270500797459e+01 9.389357971298057819e+05
3.004498921889166008e-01 1.355374025608301025e+01 8.161894559136708267e+05
3.092425498436707221e-01 1.343356706799492351e+01 7.132686662744157948e+05
3.183043299637596801e-01 1.332115510077445109e+01 6.233004905035680858e+05
3.276135238259599847e-01 1.322620837368305047e+01 5.426952434671787778e+05
3.371731015904667617e-01 1.311919779767881344e+01 4.751065054257272277e+05
3.470008062457712872e-01 1.302001769655629104e+01 4.144748715771668358e+05
3.571031601868494554e-01 1.294103986299722742e+01 3.634154128405909287e+05
3.674555338087782674e-01 1.285749577397554511e+01 3.166809942962336936e+05
3.780932418962544839e-01 1.278368965202179020e+01 2.762853362514135661e+05
3.889936512290095849e-01 1.271098793430671314e+01 2.434674673443639476e+05
4.001753852890707064e-01 1.264485593596264934e+01 2.114807227784754068e+05
4.116285713070024221e-01 1.258046815560710030e+01 1.847603044198815478e+05
4.233594186110894997e-01 1.252152517541979471e+01 1.620666872050161764e+05
4.353766473619885558e-01 1.246679701404516472e+01 1.417246797614758543e+05
4.476743135681967023e-01 1.241541177546866237e+01 1.240426618195419287e+05
4.602563223947379045e-01 1.236388727102512775e+01 1.089520229329690483e+05
4.730981454256687480e-01 1.231912636320437215e+01 9.504952101293878513e+04
4.862185000203261831e-01 1.227739749419385085e+01 8.348136908470766502e+04
4.996247571122051645e-01 1.223393433406763187e+01 7.256014452067788807e+04
5.133075577269227141e-01 1.219497172754170755e+01 6.432979394492455322e+04
5.272720798281645971e-01 1.215878001330360014e+01 5.641421101841349446e+04
5.415141735847230908e-01 1.212624090487720530e+01 4.959748610921554791e+04
5.560332464971555755e-01 1.209331753710371515e+01 4.355756527896135231e+04
5.708069465226280892e-01 1.206320827823202713e+01 3.832272319852221699e+04
5.858189998666412102e-01 1.203412536674467859e+01 3.370612005435414903e+04
6.008517819108754043e-01 1.200740552168687003e+01 2.967533410090212055e+04
6.159421850218363970e-01 1.198201034151883704e+01 2.625909064750190737e+04
6.311648181648528144e-01 1.195801235838249887e+01 2.298193428478457281e+04
6.466115488331309891e-01 1.193115682096668451e+01 2.053683105058099318e+04
6.623643606285986030e-01 1.190838182223131270e+01 1.817198902915019789e+04
6.784823965436568294e-01 1.188631433983085195e+01 1.604554875838647240e+04
6.949985561331525341e-01 1.186430490272592309e+01 1.409787684491191430e+04
7.120219905813623962e-01 1.184358657787189451e+01 1.251289743377488594e+04
7.294306185370432738e-01 1.182281390945776067e+01 1.103353342349218474e+04
7.474152541183880505e-01 1.180404461356716261e+01 9.721601789918946452e+03
7.659585208980425053e-01 1.178673562244507345e+01 8.557206477086318046e+03
7.850781041522275627e-01 1.176939722440208058e+01 7.515173890141761149e+03
8.048043739864680912e-01 1.175485182205211210e+01 6.534769762979906773e+03
8.251603048435766086e-01 1.173913820849011991e+01 5.793684532564614528e+03
8.461420945957193185e-01 1.172531844994846217e+01 5.080037648116746823e+03
8.677926694317141809e-01 1.171451362776417859e+01 4.436894730208284273e+03
8.900998754077656949e-01 1.170827721602265648e+01 3.880919359032279772e+03
9.130891990091674071e-01 1.169569187704101232e+01 3.390635379025474776e+03
9.366922359357983119e-01 1.169628182698023089e+01 2.965184963736936879e+03
9.603527351476541796e-01 1.167778045708659462e+01 2.595592906311095248e+03
9.839372855969854559e-01 1.167969783574351439e+01 2.280315416895007729e+03
1.007496184498505976e+00 1.166746580670366207e+01 2.006960603130470190e+03
1.031040180239236603e+00 1.166146750010468836e+01 1.770676599812711174e+03
1.054602653227674880e+00 1.165945050318307885e+01 1.564327809868012309e+03
1.078180993556861589e+00 1.164887268708914192e+01 1.382591281522670897e+03
1.101801926491675188e+00 1.164304195349640203e+01 1.225677581386963539e+03
1.125479382633740144e+00 1.163792325247267812e+01 1.085451768689787286e+03
1.149210302561328279e+00 1.162810994469498915e+01 9.639663507352576062e+02
1.172998292540540000e+00 1.162083672147409352e+01 8.559068974035842530e+02
1.196854150635409342e+00 1.161755055412761628e+01 7.602452548364675522e+02
1.220756791782136919e+00 1.160443222886211956e+01 6.759616079724753490e+02
1.244721560659014292e+00 1.159665904221801291e+01 6.021584500190763265e+02
1.268749666587887015e+00 1.159087183676215815e+01 5.328556792411372953e+02
1.292842740168225646e+00 1.158036496427280504e+01 4.780309809593899217e+02
1.316963817524935187e+00 1.156733097676973721e+01 4.261816829690711756e+02
1.341131479313510289e+00 1.155821751510310058e+01 3.800026305173548735e+02
1.365329285194251563e+00 1.154718344517181094e+01 3.397728360434513775e+02
1.389548052135094247e+00 1.153495897485543331e+01 3.034704170575622015e+02
1.413767540900804587e+00 1.152381746897208892e+01 2.714430053065516972e+02
1.437964936192950072e+00 1.151143723184673462e+01 2.418888296248358358e+02
1.462157710044933889e+00 1.150128081751120668e+01 2.171588024210313392e+02
1.486298268159999658e+00 1.148527949246754964e+01 1.943436550268203575e+02
1.510396291065199792e+00 1.147120428919537716e+01 1.744580664473961065e+02
1.534386169054228422e+00 1.145646296540101616e+01 1.562062186890387352e+02
1.558293763927928177e+00 1.144198807956543007e+01 1.397632573907945641e+02
1.582096097914099442e+00 1.142601024514161878e+01 1.258540540227190547e+02
1.605757683326955565e+00 1.140991739291737339e+01 1.130575008949044786e+02
1.629266117362202282e+00 1.139403638499128313e+01 1.016308443504857166e+02
1.652599635426375890e+00 1.137622834906134628e+01 9.144418466078678875e+01
1.675734186589634467e+00 1.135870374719311116e+01 8.238115550627902905e+01
1.698761567793581895e+00 1.134078145697097284e+01 7.420491501472609741e+01
1.721480255968756756e+00 1.132229867060476280e+01 6.675251938671459584e+01
1.743761856222790563e+00 1.130194480080441188e+01 6.014953174200067565e+01
1.765905796137454686e+00 1.128225881707593281e+01 5.433954957038530154e+01
1.787741987289257262e+00 1.126086965927103201e+01 4.939931864009552953e+01
1.809262980606931581e+00 1.123957715152626236e+01 4.467476270676754524e+01
1.830446879995499598e+00 1.121803753174887675e+01 4.043296971420188157e+01
1.851266889185712472e+00 1.119585658464050049e+01 3.668473441342032260e+01
1.871710191954101932e+00 1.117295867334764736e+01 3.328250211492891708e+01
1.891751918110767816e+00 1.114880008104560893e+01 3.026411649458645670e+01
1.911379736598463941e+00 1.112510546342436157e+01 2.749240737105930776e+01
1.930582802838954226e+00 1.110008215015994537e+01 2.503875538463579531e+01
1.949333355934050216e+00 1.107541460640733177e+01 2.271015200484321994e+01
1.967622892346677865e+00 1.104911956893123559e+01 2.080280402834097941e+01
