2.191799393465098389e-01 1.550982308316407554e+01 3.683535669800713658e+06
2.253710606444394027e-01 1.529323559624513607e+01 3.244515844098233618e+06
2.317713430434300281e-01 1.508768494357362933e+01 2.836131817583213095e+06
2.383725523139961500e-01 1.484191544413955555e+01 2.450236422726071440e+06
2.451944390102028248e-01 1.464706562683907620e+01 2.148172731122440659e+06
2.522241195126688207e-01 1.447159704529587820e+01 1.864396801937823882e+06
2.594677270497326438e-01 1.431106938758654756e+01 1.633493414866288891e+06
2.669387636427481558e-01 1.412261414959249706e+01 1.428877710178017151e+06
2.746368751042870260e-01 1.396973785790470579e+01 1.249345410481734900e+06
2.825668038053576470e-01 1.383193244977874947e+01 1.090862393643827410e+06
2.907328361650980963e-01 1.369674615831911169e+01 9.528473212013894226e+05
2.991482375123097337e-01 1.357339018123523822e+01 8.248588736018562922e+05
3.077732252925660661e-01 1.345181204051054458e+01 7.296300077555457829e+05
3.166562153014464420e-01 1.333856789376128305e+01 6.374782256168145686e+05
3.257876888125520454e-01 1.323422642504349156e+01 5.575481738660744159e+05
3.351646360274980752e-01 1.313572447897109896e+01 4.884084537292021560e+05
3.448004913724888598e-01 1.304608596126227660e+01 4.266996437789906049e+05
3.547002165022452580e-01 1.295383753481560873e+01 3.735500740583071020e+05
3.648601760207610400e-01 1.287927239028252124e+01 3.276494767761597759e+05
3.752633498329556172e-01 1.280086430679601328e+01 2.868537933482541121e+05
3.859497646297126439e-01 1.272910455027777310e+01 2.514252611949871061e+05
3.969055400609259876e-01 1.266590977606206003e+01 2.198636297458964982e+05
4.081129218275197923e-01 1.259958057008465104e+01 1.929388602451604966e+05
4.195889000691661042e-01 1.254121044351426306e+01 1.686615160261004348e+05
4.313484194562378082e-01 1.247856487549190518e+01 1.481075386289801972e+05
4.433786244383070563e-01 1.243059220025905809e+01 1.300119958819704188e+05
4.556769082114631719e-01 1.238429453027675464e+01 1.143291816790781450e+05
4.682611347654854206e-01 1.233453661723049777e+01 1.002202155995548092e+05
4.810896977501978866e-01 1.229123952990969570e+01 8.799115695583213528e+04
4.942095545622607333e-01 1.224979228798457243e+01 7.727725570383857121e+04
5.075922409567027449e-01 1.221287407537846725e+01 6.722763551849729265e+04
5.212435184388907183e-01 1.217424576645532142e+01 5.970240547457853245e+04
5.351692799129807998e-01 1.213984055471937751e+01 5.254794589908848138e+04
5.493636504829044753e-01 1.210908915670002983e+01 4.626689345081605279e+04
5.638297594787542444e-01 1.207656335604342779e+01 4.071245225604231382e+04
5.785267225439741923e-01 1.204868168743563928e+01 3.553003221531135205e+04
5.932157716334958142e-01 1.202141436023916121e+01 3.136501228741179148e+04
6.075211921362670964e-01 1.199392634099718791e+01 2.809578019058039717e+04
6.216019372626053752e-01 1.196988097864160672e+01 2.504861910926888231e+04
6.355665055949183406e-01 1.194334918572431015e+01 2.233773651838306614e+04
6.495134425707173031e-01 1.192036512980234342e+01 1.996110300776202348e+04
6.635484518652127184e-01 1.189462226155976232e+01 1.782702634103842865e+04
6.776928857884670920e-01 1.187038682278194557e+01 1.596192293629736741e+04
6.920396679350849789e-01 1.184559471430326916e+01 1.428442360390593240e+04
7.066984733815098174e-01 1.182210564637840378e+01 1.275380580136388016e+04
7.214709552447897689e-01 1.179678714843558751e+01 1.140260050553815381e+04
7.366402454881957329e-01 1.177294196045529695e+01 1.016069227048008725e+04
7.521684774895887049e-01 1.174969233876058894e+01 9.081759671678382801e+03
7.680520615461058354e-01 1.172495121834686138e+01 8.052487144804517811e+03
7.843520892565460922e-01 1.170293209977318405e+01 7.206808279202845370e+03
8.010767255831424682e-01 1.168059734482562284e+01 6.409357394349442984e+03
8.182543075897051876e-01 1.165555494175905693e+01 5.646645801412815672e+03
8.358809476055856225e-01 1.163435222602635299e+01 5.052244026406101511e+03
8.539738770975845439e-01 1.161624551746964151e+01 4.484793501156545062e+03
8.725732861281956243e-01 1.159265578390972884e+01 3.973552524454516515e+03
8.916598682457296254e-01 1.157371792648719300e+01 3.518201439929571734e+03
9.112538123836816384e-01 1.155873989232312127e+01 3.113446450065841418e+03
9.313706988235562756e-01 1.153917835558572236e+01 2.752608851491503628e+03
9.519977877755718687e-01 1.152212602153111476e+01 2.431572202813140393e+03
9.731338201597660165e-01 1.150516918244227149e+01 2.146301715468793191e+03
9.948041638503648532e-01 1.148980500942072602e+01 1.895146802656057162e+03
1.016987043920004830e+00 1.147490304881572420e+01 1.670936715729903199e+03
1.039674805561657589e+00 1.146149567112620282e+01 1.472876336298130809e+03
1.062869886586240931e+00 1.144773912226695778e+01 1.298178717021206239e+03
1.086556729020643264e+00 1.143821174689693976e+01 1.143214705912753743e+03
1.110723112001205770e+00 1.142491222303988430e+01 1.007939784496822085e+03
1.135369734174481948e+00 1.141332446971798653e+01 8.879034747081511796e+02
1.160480540231720203e+00 1.140585648168232780e+01 7.818366340786252522e+02
1.186031961352385089e+00 1.139780527187753023e+01 6.890367227918989101e+02
1.212003631789067670e+00 1.138899702924511459e+01 6.064816779445926613e+02
1.238381363380436584e+00 1.137780546172171015e+01 5.340401385992126961e+02
1.265148265568954988e+00 1.137015548156155553e+01 4.710146492556800695e+02
1.292271386700574620e+00 1.136546949979697096e+01 4.147317575654312236e+02
1.319739867964703439e+00 1.135860994679158331e+01 3.658101241236305441e+02
1.347453117003196255e+00 1.135036510678356159e+01 3.226240508607834840e+02
1.375100704831958343e+00 1.134384331888118247e+01 2.853693016425053770e+02
1.402605509727049116e+00 1.134077651523919705e+01 2.527096201470904759e+02
1.429983588452011789e+00 1.133455519247626420e+01 2.238494224274840576e+02
1.457160995169071604e+00 1.132570806041211497e+01 1.990376972232928949e+02
1.484165008636063599e+00 1.131926492808774398e+01 1.770491670855622601e+02
1.510977584984726452e+00 1.131137208477411882e+01 1.579902537853266153e+02
1.537605739003802041e+00 1.130404464069007098e+01 1.408355460522667215e+02
1.563983794264480531e+00 1.129567832560674923e+01 1.257081499907422284e+02
1.590077762917195381e+00 1.128749723025627283e+01 1.125786076485111238e+02
1.615961034986545863e+00 1.127713108933952135e+01 1.007595512409415761e+02
1.641544853268693815e+00 1.126738820694468401e+01 9.037291498931904243e+01
1.666856352829134913e+00 1.125716913820620491e+01 8.109981858626811402e+01
1.691851390077041550e+00 1.124529192868771332e+01 7.287954077231144367e+01
1.716508971244564696e+00 1.123316920462882962e+01 6.558336085109208113e+01
1.740828985997873390e+00 1.122057457001382019e+01 5.908915784461462550e+01
1.764782207999998853e+00 1.120669190700099271e+01 5.304896705301236182e+01
1.788386970669534559e+00 1.119251966189131942e+01 4.809208584357085670e+01
1.811578159534797727e+00 1.117761626387901508e+01 4.332636782250945373e+01
1.834338389403350256e+00 1.116200895375518698e+01 3.933895241859440262e+01
1.856776362084741061e+00 1.114555852728212315e+01 3.561817142825455562e+01
1.878697666967759750e+00 1.112873591493776182e+01 3.217880939308422228e+01
1.900058514180836156e+00 1.111067540886967286e+01 2.933954798359250304e+01
1.921053346907360071e+00 1.109213395519417311e+01 2.666335316141647027e+01
1.941554831158530892e+00 1.107296759225100224e+01 2.427651769836707629e+01
1.961578574834963451e+00 1.105269542530150062e+01 2.210544155417967715e+01
