2.191799393465098389e-01 1.550982308316407554e+01 3.683535669800713658e+06
2.258284999339967292e-01 1.528454301819795802e+01 3.230395374239263590e+06
2.326885072342378680e-01 1.501978146490973565e+01 2.755992815447948407e+06
2.397990403238722534e-01 1.480022602525597186e+01 2.364662764167955145e+06
2.471462014035182009e-01 1.458871283833904009e+01 2.063989540026576724e+06
2.547415439554938099e-01 1.439706750287812476e+01 1.786401660476967227e+06
2.625894711923436042e-01 1.421837360404035699e+01 1.544197901075289585e+06
2.706963115481062498e-01 1.405028844470925264e+01 1.337380618997395271e+06
2.790653874142668411e-01 1.389240266868034013e+01 1.157110305054994300e+06
2.877023180379585932e-01 1.374384773853258856e+01 1.000319829873513081e+06
2.966007174405683733e-01 1.360859927442546002e+01 8.678722036008079303e+05
3.057821396743991560e-01 1.348175924634690936e+01 7.517222487544573378e+05
3.152378319500904191e-01 1.336583390319310993e+01 6.509199732942522969e+05
3.249824809994659169e-01 1.324848172620594688e+01 5.646025742056828458e+05
3.350085144794320846e-01 1.313847280691926933e+01 4.892772066572404001e+05
3.453277663982533552e-01 1.304385600578513049e+01 4.242434259841787862e+05
3.559680027073968689e-01 1.295259877277626259e+01 3.675631641688238597e+05
3.668527176215099495e-01 1.286576209049051833e+01 3.193833721908782027e+05
3.780728233117567894e-01 1.278479101761766401e+01 2.764744879528013989e+05
3.895832319731697413e-01 1.270602008652408799e+01 2.404391704658081871e+05
4.014203043299030549e-01 1.263817062378649325e+01 2.082819897522029059e+05
4.135351748939897210e-01 1.257268731216402635e+01 1.793109564696743328e+05
4.259866038271919453e-01 1.251265135947710583e+01 1.572707421989237773e+05
4.387204663324711373e-01 1.245201550012963132e+01 1.367199149266107706e+05
4.517923948851215732e-01 1.239755816627210194e+01 1.188953992001195584e+05
4.651788437057638448e-01 1.234524236459715674e+01 1.034107807289122284e+05
4.788608706786129376e-01 1.230090458994333957e+01 8.982818933900863340e+04
4.928490323087185709e-01 1.225362280874024457e+01 7.838110733973555034e+04
5.071470325635388798e-01 1.221211845551569830e+01 6.811745142974107875e+04
5.217620692216473621e-01 1.217456247767917610e+01 5.934798344476406055e+04
5.366874270485710863e-01 1.213668608986301578e+01 5.183427936188806780e+04
5.519209339777376711e-01 1.210393115367910077e+01 4.511727108554021106e+04
5.674643641083754186e-01 1.207016504743317142e+01 3.947558806445933442e+04
5.832768519153638254e-01 1.203804199564082289e+01 3.441378950161233661e+04
5.987273418554618365e-01 1.200985387951247851e+01 2.991589639572933811e+04
6.137376171925286172e-01 1.198171677038851968e+01 2.669825649367957521e+04
6.284374618291045378e-01 1.195671831725253398e+01 2.366508208092771019e+04
6.430056688362996153e-01 1.192677460302910397e+01 2.099966097685552813e+04
6.575408131511466525e-01 1.190200182331857093e+01 1.867188478732408475e+04
6.721316583072630690e-01 1.187611978285745096e+01 1.662719751625732897e+04
6.868607840545234433e-01 1.184837765920554808e+01 1.478137978151206516e+04
7.018767742934169940e-01 1.182103986794151318e+01 1.313841788002437715e+04
7.169744798135960773e-01 1.179427123137263145e+01 1.170607874736263693e+04
7.324670261905117385e-01 1.176710166181505457e+01 1.041032414061065538e+04
7.482971304901135934e-01 1.174075404591779836e+01 9.247015193300954707e+03
7.645063341908869825e-01 1.171414425701436457e+01 8.190512085880738596e+03
7.811303816120334087e-01 1.168588730294246147e+01 7.259524781382518086e+03
7.981999268750926690e-01 1.166073494045730108e+01 6.428909239115967466e+03
8.157289591687142405e-01 1.163441972665616220e+01 5.683340760005101401e+03
8.337405703360948328e-01 1.160745816137112740e+01 5.018532826350093274e+03
8.519673951620944097e-01 1.158392145470540235e+01 4.437330891641617200e+03
8.702657625052283574e-01 1.155936703308478819e+01 3.925932436402318672e+03
8.886454693331846677e-01 1.153557836637285483e+01 3.474879775615053404e+03
9.071426318345564566e-01 1.150918628802424948e+01 3.085627870471495498e+03
9.257623834221664350e-01 1.148720551371450327e+01 2.735801712060289447e+03
9.445345437945785738e-01 1.146335925588573978e+01 2.427960045970578449e+03
9.634668087202217235e-01 1.143941333034149110e+01 2.155515735221269097e+03
9.825909400063800314e-01 1.141527795183308847e+01 1.914634363794077217e+03
1.001878626368248204e+00 1.139123036303216274e+01 1.700941009949876616e+03
1.021363489834967053e+00 1.137095859214936056e+01 1.510013466028299945e+03
1.041057426577745693e+00 1.134773560285182903e+01 1.342100790366453566e+03
1.060960009477925015e+00 1.131837724107978183e+01 1.191959947350455195e+03
1.081021240214610213e+00 1.129386414504869940e+01 1.060198071607896964e+03
1.101297704421126511e+00 1.127414644789790366e+01 9.417489110962970926e+02
1.121778442024151001e+00 1.124551479288809475e+01 8.321426679840891438e+02
1.142431338541588737e+00 1.122254196578203533e+01 7.439673134328627384e+02
1.163281236575999911e+00 1.119780311819938312e+01 6.607962443342289589e+02
1.184281976559787841e+00 1.117246918368650554e+01 5.879820443162836909e+02
1.205457685887736385e+00 1.114951661012849904e+01 5.230659161173631446e+02
1.226787308011690891e+00 1.112274500365278485e+01 4.648990561600044202e+02
1.248241228121667490e+00 1.109822063537406756e+01 4.135811676645989792e+02
1.269896059866368665e+00 1.107395948517181949e+01 3.677269365736570421e+02
1.291507922382039153e+00 1.104906051912545806e+01 3.259296192257933171e+02
1.313278326043306965e+00 1.102229310693192588e+01 2.916829273453014935e+02
1.335109055089007013e+00 1.099850105909439435e+01 2.600618194248888813e+02
1.357051652407850195e+00 1.097285663673622125e+01 2.315241483487873779e+02
1.379013546113854627e+00 1.094639491811546073e+01 2.063176857057542293e+02
1.400799743553024168e+00 1.092055295062900910e+01 1.844210245943125983e+02
1.422687658937606736e+00 1.089473917483993937e+01 1.644025458513687852e+02
1.444531677798262637e+00 1.086917314398607459e+01 1.468303783398090729e+02
1.466367555429599845e+00 1.084245979918329539e+01 1.311809371160437934e+02
1.488049737771021341e+00 1.081654540198250558e+01 1.174340863843034555e+02
1.509568966976617022e+00 1.078903521875514748e+01 1.051211671961576428e+02
1.531011713648330552e+00 1.076281405419767445e+01 9.398163829015248893e+01
1.552264069456914752e+00 1.073477863797502962e+01 8.443746325558198862e+01
1.573384642536960865e+00 1.070780018937388434e+01 7.556573854161955239e+01
1.594201781663226791e+00 1.067939625705471407e+01 6.784774933894220794e+01
1.614820124665154788e+00 1.065132607115283037e+01 6.107307171432180581e+01
1.635171316241164519e+00 1.062260854870190130e+01 5.490787409084324366e+01
1.655239860311264133e+00 1.059424054230899870e+01 4.947891815907141222e+01
1.675010621236885600e+00 1.056552265803690815e+01 4.431623491292111794e+01
1.694426739876261356e+00 1.053505112191146864e+01 4.017108069434132034e+01
1.713499919720269382e+00 1.050576891656406353e+01 3.613112959692606552e+01
1.732197043645117951e+00 1.047543090767036489e+01 3.278392613934552458e+01
1.750499700706385164e+00 1.044439292319522927e+01 2.956701491708894025e+01
1.768385771340412083e+00 1.041480311354302657e+01 2.688506218457076713e+01
1.785864233667912693e+00 1.038252820656847319e+01 2.432991921851633776e+01
1.802846744569141402e+00 1.035055567132007326e+01 2.214601378233759377e+01
1.819419127069962672e+00 1.031884344318630298e+01 2.004743399422666883e+01
1.835446341496262068e+00 1.028591696009353385e+01 1.828302973310095325e+01
