2.191799393465098389e-01 1.550982308316407554e+01 3.683535669800713658e+06
2.268390548322792577e-01 1.525404713244870436e+01 3.107105434620695654e+06
2.348024754257907465e-01 1.495221574820715027e+01 2.640882376743837725e+06
2.430955111423479531e-01 1.469945555656957126e+01 2.230095796827846672e+06
2.517049602826390009e-01 1.447213056292772926e+01 1.872150603938148124e+06
2.606330944974867836e-01 1.426657045602629381e+01 1.604399791467404692e+06
2.699105421057195198e-01 1.406411348347929824e+01 1.354974895987228490e+06
2.795359586512253247e-01 1.388275765713399856e+01 1.146187779334489256e+06
2.895154532247531942e-01 1.371641924686145408e+01 9.721893323959547561e+05
2.998500652630717855e-01 1.356720160481596515e+01 8.236379549775214400e+05
3.105553383523991240e-01 1.341131470017552374e+01 7.004299166027591564e+05
3.216203961377095411e-01 1.328995291113358057e+01 5.928330756372360047e+05
3.330748766289148288e-01 1.315934522122970485e+01 5.033626552226902568e+05
3.449070904512257507e-01 1.304619595940979693e+01 4.264542860105661093e+05
3.571412637899197273e-01 1.294156955402473841e+01 3.625595283570419415e+05
3.697533879369049314e-01 1.284009979696841697e+01 3.077444938742469531e+05
3.827875600638601106e-01 1.275011107045907188e+01 2.615207253590787295e+05
3.962073163009305343e-01 1.266941457145945904e+01 2.216330991150897171e+05
4.100428457586098863e-01 1.259110862063616310e+01 1.886727403408695245e+05
4.242755637553084491e-01 1.251988211996864919e+01 1.602202825248092122e+05
4.389145457101676362e-01 1.245005389297953258e+01 1.365063534491177998e+05
4.539832699224244927e-01 1.239050138736621065e+01 1.161574704186523304e+05
4.694737891705904609e-01 1.233199527875518342e+01 9.891119723103237629e+04
4.853490213064087233e-01 1.227797203711549834e+01 8.424493223690819286e+04
5.016472818602277783e-01 1.222782317103705374e+01 7.195015743899589870e+04
5.183554845671274336e-01 1.218357096336594125e+01 6.125916240474610822e+04
5.354753925866899689e-01 1.214026243928724647e+01 5.243204347029043856e+04
5.530038708983049389e-01 1.210062248129445273e+01 4.478838726416974532e+04
5.709219427941190084e-01 1.206445549864005073e+01 3.788762976148488815e+04
5.892192009318626411e-01 1.202707621350972644e+01 3.270812928667702363e+04
6.079602405002991761e-01 1.199519871490476852e+01 2.802997441970440195e+04
6.272544540154985082e-01 1.196521259307008478e+01 2.399561722730660767e+04
6.472497983486794615e-01 1.193603639336546252e+01 2.049531277365683127e+04
6.680062435225579964e-01 1.191135554527198437e+01 1.748535147671890809e+04
6.896836373764886341e-01 1.188362042239616123e+01 1.474778727237859857e+04
7.122878368237303137e-01 1.186371028058640498e+01 1.266236632336826369e+04
7.359121056438316932e-01 1.184402807246805089e+01 1.065481880910504515e+04
7.606102353366557267e-01 1.182566901820685423e+01 9.096611805501073832e+03
7.864169274893453299e-01 1.181268354957905409e+01 7.679269770351394982e+03
8.133970616400285625e-01 1.180326226291462000e+01 6.422246144883575653e+03
8.415553252977601151e-01 1.179403485803928575e+01 5.458379602133682056e+03
8.709336018933909740e-01 1.178843289474365008e+01 4.589320483357902958e+03
9.015436168848383058e-01 1.178485229220602548e+01 3.853798858117874715e+03
9.334076380252180893e-01 1.178629985134364055e+01 3.231116686726094485e+03
9.665254451995445306e-01 1.179018014700647754e+01 2.707851429365842250e+03
1.000218226425878765e+00 1.179405060698305796e+01 2.275415153609160825e+03
1.032504917297311975e+00 1.179773393022202299e+01 1.934898618030598982e+03
1.063467690109145769e+00 1.180314070275934668e+01 1.658303119437078067e+03
1.093292038545244704e+00 1.180495892801985569e+01 1.433067410582909361e+03
1.122125866086178370e+00 1.180601937585504757e+01 1.233074171923803533e+03
1.150090667436539427e+00 1.180260879126352336e+01 1.083094379716113053e+03
1.177284653794480995e+00 1.179785987511091960e+01 9.485143350686868189e+02
1.203744894287783307e+00 1.179082867613749208e+01 8.262522536033413871e+02
1.229600732826605425e+00 1.178108072314668675e+01 7.330076392465570052e+02
1.254884267858296765e+00 1.177193846864898497e+01 6.472087005708740435e+02
1.279653140485664142e+00 1.175640762232307424e+01 5.720344012349034983e+02
1.303936387571377420e+00 1.173939985081394255e+01 5.068163636585273935e+02
1.327786493550175750e+00 1.172385726956748542e+01 4.499005356372068718e+02
1.351221852756381292e+00 1.170258619032123626e+01 3.993817084089650393e+02
1.374269488340439160e+00 1.167962719969066754e+01 3.551092007535260109e+02
1.396920673981342675e+00 1.165752668170229711e+01 3.146099011711125968e+02
1.419226063760274714e+00 1.162932926455551552e+01 2.818418363007658627e+02
1.441159115472102181e+00 1.160550714391391658e+01 2.514915411237234935e+02
1.462763075073824526e+00 1.157285794144493174e+01 2.244156546654316458e+02
1.484016135351517551e+00 1.154375291620639921e+01 2.004799350971479441e+02
1.504928720105529916e+00 1.151136324700917513e+01 1.794528492266590263e+02
1.525480371905741483e+00 1.147871280697747309e+01 1.599101791333653182e+02
1.545681845543542821e+00 1.144263905930414715e+01 1.437212313296854802e+02
1.565520505424553566e+00 1.140631479116327363e+01 1.288686847749067113e+02
1.584995756453668081e+00 1.136870373359213282e+01 1.155202535269540220e+02
1.604089456786560675e+00 1.133061758735433422e+01 1.036235584860671111e+02
1.622787232304082616e+00 1.129025623421361679e+01 9.269793994271050508e+01
1.641081291093311245e+00 1.124827864612935890e+01 8.373767677516663355e+01
1.658966491038809998e+00 1.120613607009368273e+01 7.530738812128771542e+01
1.676429785919638427e+00 1.116351523015018188e+01 6.774497826849984961e+01
1.693429598511103862e+00 1.111934598667145835e+01 6.108375831213858476e+01
1.709978226625028297e+00 1.107465890104972139e+01 5.508988113969940770e+01
1.726063142325532596e+00 1.102804355299357475e+01 4.971548370038760112e+01
1.741661610875169464e+00 1.098082039384524222e+01 4.491967172496133998e+01
1.756761660168364880e+00 1.093335852507097705e+01 4.063601675879817066e+01
1.771344767290500499e+00 1.088448142283510478e+01 3.678298221266651069e+01
1.785407355364460269e+00 1.083448391252321485e+01 3.322100287846549804e+01
1.798930309088069057e+00 1.078472667873042923e+01 3.027528018785755037e+01
1.811910263609303184e+00 1.073437087907898935e+01 2.749411821792046240e+01
1.824328139602832577e+00 1.068310525675499179e+01 2.501656296696780402e+01
1.836188217895466934e+00 1.063092276956574445e+01 2.273431163164470803e+01
1.847448847678718975e+00 1.057753692669006540e+01 2.076672218830512762e+01
1.858132770240473963e+00 1.052477096208226115e+01 1.893937520761030058e+01
1.868232653216392869e+00 1.047043951292514663e+01 1.729547865031792497e+01
1.877724327426361750e+00 1.041655738522389463e+01 1.582872646390146976e+01
1.886628186652197448e+00 1.036198276068237156e+01 1.450901873624430571e+01
1.894919297753968612e+00 1.030703635168299570e+01 1.331245936528871709e+01
1.902602128251211111e+00 1.025160105363848473e+01 1.221490609625051604e+01
1.909687783447485687e+00 1.019613243214038967e+01 1.121588543716652886e+01
1.916155420109570739e+00 1.014025227954876485e+01 1.034530324678485158e+01
1.922028190164119188e+00 1.008393638869140041e+01 9.536839818584558870e+00
1.927298509104945268e+00 1.002754504686878967e+01 8.836203958045954820e+00
1.931970725782957032e+00 9.971029063546824389e+00 8.154925537952481207e+00
1.936058793230091668e+00 9.914711234789601590e+00 7.576652823356591071e+00
1.939559038656818224e+00 9.858286254492796274e+00 7.017141534143569004e+00
