2.191799393465098389e-01 1.550982308316407554e+01 3.683535669800713658e+06
2.259887403588051735e-01 1.524244895429303348e+01 3.172014756764345802e+06
2.330370998254554238e-01 1.500478537849456018e+01 2.734040336633776780e+06
2.403380753884419296e-01 1.477299908327146127e+01 2.359535370900085196e+06
2.478903949875950197e-01 1.457145861839055279e+01 2.041782465738206403e+06
2.557029553726405391e-01 1.437568863043740741e+01 1.756296750442644116e+06
2.637827669271563535e-01 1.418721639822340563e+01 1.512723145874227164e+06
2.721337352732258186e-01 1.402070277294861533e+01 1.305593868552363710e+06
2.807620017665582446e-01 1.386206539274827243e+01 1.126053658919233130e+06
2.896719562251133806e-01 1.371459191824506441e+01 9.717470582969073439e+05
2.988757438130596467e-01 1.357470551642192724e+01 8.378643708039863268e+05
3.083431048715677414e-01 1.344812238461306286e+01 7.224719632078538416e+05
3.181242122035101705e-01 1.332124930345399072e+01 6.248166160824081162e+05
3.281972585524765007e-01 1.321173907641398060e+01 5.397870492180575384e+05
3.385672539631502387e-01 1.310430548195539835e+01 4.660673924604746280e+05
3.492514942639336484e-01 1.300914690351155834e+01 4.024290919517680886e+05
3.602568812821172473e-01 1.291683525696398682e+01 3.475565727985761478e+05
3.715556460559018559e-01 1.282868706664482694e+01 3.002510556951626786e+05
3.831949300630171362e-01 1.275020452511866154e+01 2.595413091304064146e+05
3.951366310090074774e-01 1.267331806477494638e+01 2.246939959638835862e+05
4.074023887889868245e-01 1.260437769194803437e+01 1.941336469606728642e+05
4.199878716882274321e-01 1.253812123653187172e+01 1.680676237937169208e+05
4.329120895629349208e-01 1.247847125769777499e+01 1.457027175129079260e+05
4.461649587688412133e-01 1.241963688530950805e+01 1.262359839988084568e+05
4.597548816877473632e-01 1.236658137037865579e+01 1.093367481168864033e+05
4.736451575275171799e-01 1.231580040555518885e+01 9.480132453902617272e+04
4.878785846444857466e-01 1.226955658360269119e+01 8.227591013849472802e+04
5.024119277043455067e-01 1.222646091502318910e+01 7.145393188736987941e+04
5.172893515121229635e-01 1.218416042909291619e+01 6.210983486254872696e+04
5.324931842230986589e-01 1.214751654845767703e+01 5.384151216573594866e+04
5.480213898512574788e-01 1.210981847571878944e+01 4.679174572386151704e+04
5.638748021354285100e-01 1.207546453259906905e+01 4.063535786334880686e+04
5.800024696020362747e-01 1.204418242593642674e+01 3.540725075927640137e+04
5.957619014350986619e-01 1.201583287688966450e+01 3.094836828033812708e+04
6.105759740686713677e-01 1.198828014703475553e+01 2.736664391811495443e+04
6.246393816363514651e-01 1.195839445887994756e+01 2.436197253483345412e+04
6.382784356654620517e-01 1.193197376618134342e+01 2.172927675577416085e+04
6.516021615153092528e-01 1.189934586492433688e+01 1.931618692833183377e+04
6.647817990214810457e-01 1.187359057281420149e+01 1.743817579447673779e+04
6.777889753672290407e-01 1.184269776954851494e+01 1.549741767518191955e+04
6.908287114857432076e-01 1.181233878919193181e+01 1.405644591896241764e+04
7.040342166467953300e-01 1.177955051603518299e+01 1.260092622854378351e+04
7.171772159638637456e-01 1.174808971076977926e+01 1.131195637452816300e+04
7.305906589815391872e-01 1.171349335434509698e+01 1.008182124813007977e+04
7.442215491907024916e-01 1.167994187678825035e+01 9.098014690780477395e+03
7.581134953917619823e-01 1.164659358953753099e+01 8.134841726230905806e+03
7.723065599321708996e-01 1.161110711476098345e+01 7.219651895753129793e+03
7.868077030581740461e-01 1.157590862266091847e+01 6.502581644364056046e+03
8.016707213844518343e-01 1.154129555072946367e+01 5.794981250525247560e+03
8.169050454439062969e-01 1.150580744265201538e+01 5.165698450624659017e+03
8.325338900539961395e-01 1.146850041640267825e+01 4.594402387088142859e+03
8.485683576944542672e-01 1.143613225219892904e+01 4.084232298578608152e+03
8.650318120434901115e-01 1.140245352692330449e+01 3.624344116195751212e+03
8.819309146455038828e-01 1.136780183695408653e+01 3.212837397005123421e+03
8.992793722012115687e-01 1.133326273877046475e+01 2.846251640642851271e+03
9.170705364580149510e-01 1.130048141793135130e+01 2.516478050007326146e+03
9.353290091524634198e-01 1.126655516883484331e+01 2.224650764470106424e+03
9.540352413519948005e-01 1.123359562269043721e+01 1.964618052037289772e+03
9.732078347010463260e-01 1.120343739816228101e+01 1.733941658223809554e+03
9.928260372113297816e-01 1.117517772847684832e+01 1.528322135603675179e+03
1.012891099729549493e+00 1.113947906526489184e+01 1.338221686546457249e+03
1.033397455411917853e+00 1.111119624003752371e+01 1.186937319845215825e+03
1.054334115571138319e+00 1.108034922119227517e+01 1.037855045134474722e+03
1.075691545043513386e+00 1.105104883892609280e+01 9.188983851849239954e+02
1.097448432633280957e+00 1.102327587422376531e+01 8.082662424228255986e+02
1.119598106726537257e+00 1.099513980923457268e+01 7.108348962337769308e+02
1.142114676938812856e+00 1.096933857649317012e+01 6.251791537267198464e+02
1.164974735366775649e+00 1.094231611178508601e+01 5.497138796259130231e+02
1.188165668655977614e+00 1.091702137639212111e+01 4.808828176411105915e+02
1.211660337807811683e+00 1.089067741055863969e+01 4.252675240058347867e+02
1.235438428726783222e+00 1.086839992349070982e+01 3.744234211476492646e+02
1.259459413635246827e+00 1.084125195409004583e+01 3.293853063268251162e+02
1.283706513492746115e+00 1.081658904081522721e+01 2.901030828977121701e+02
1.308148360420434919e+00 1.079482993497990151e+01 2.553677446530213899e+02
1.332751087204228746e+00 1.077047138569896312e+01 2.251686261068839769e+02
1.357483438342031112e+00 1.074644562809638160e+01 1.974650687115732524e+02
1.382318696048755458e+00 1.072419659906026190e+01 1.750027943062208351e+02
1.407216984882709410e+00 1.070145993127574968e+01 1.547018506019555844e+02
1.432143720616615212e+00 1.067869397399203457e+01 1.362027514250225693e+02
1.457076671850111804e+00 1.065691099313631263e+01 1.203496975687126707e+02
1.481971249532854751e+00 1.063389627379597080e+01 1.069760578969704881e+02
1.506789184209104793e+00 1.061151636885816885e+01 9.452872034996643436e+01
1.531500212789507875e+00 1.058881800619270130e+01 8.403146998319741101e+01
1.556072804614418548e+00 1.056714631037366736e+01 7.433311579988973961e+01
1.580469748862457502e+00 1.054444274098519152e+01 6.628637611437407884e+01
1.604544233338127457e+00 1.052164870518215878e+01 5.898355846035344285e+01
1.628113778773689457e+00 1.049919801243382800e+01 5.262689178466003881e+01
1.651145277649607834e+00 1.047638287423729508e+01 4.701944290169578977e+01
1.673597272882610287e+00 1.045261924707286738e+01 4.206026229822557383e+01
1.695513990069967170e+00 1.042826638752879553e+01 3.778908527450742838e+01
1.716791609307770194e+00 1.040379555455021077e+01 3.385160416903224956e+01
1.737527670990901330e+00 1.037820684607343225e+01 3.046246730777679446e+01
1.757593651781728994e+00 1.035375923250301788e+01 2.757255663172379201e+01
1.777054643959778302e+00 1.032629914130208348e+01 2.491559139094661290e+01
1.795874009479300870e+00 1.029863118966100544e+01 2.255378684123226662e+01
1.814084251389925795e+00 1.027061451023762295e+01 2.042440966686542581e+01
1.831653493694734847e+00 1.024197409721132068e+01 1.848431981521293466e+01
1.848551029393381784e+00 1.021279196567271796e+01 1.685530663891121961e+01
1.864790351248796441e+00 1.018321228870493300e+01 1.534593845749980012e+01
1.880378906124975602e+00 1.015225415735439896e+01 1.396752015174733685e+01
