2.191799393465098389e-01 1.550982308316407554e+01 3.683535669800713658e+06
2.250010676381382080e-01 1.532275364681910546e+01 3.271791229826374911e+06
2.309858281089259002e-01 1.506746380844763245e+01 2.852076040745723061e+06
2.371634778095052243e-01 1.486734785958998550e+01 2.517368413413117174e+06
2.435349390439010830e-01 1.468281506936914127e+01 2.213726524998676032e+06
2.500801795025792695e-01 1.450936093308505015e+01 1.949206525738722878e+06
2.568232223792977775e-01 1.434518637978784561e+01 1.717298831228887197e+06
2.637605805622250665e-01 1.418590804112625392e+01 1.515494879224325530e+06
2.708982687968983227e-01 1.404381289985999715e+01 1.333752459979868960e+06
2.782379425725777233e-01 1.390725293755537173e+01 1.172779065614519874e+06
2.857895018016001765e-01 1.377788528753683117e+01 1.024017993416054174e+06
2.935537803059147799e-01 1.364882015557936157e+01 9.115760491247106111e+05
3.015091216014175735e-01 1.353757602246392189e+01 8.038186485631755786e+05
3.096705599084822458e-01 1.342393137510405055e+01 7.083855474534981186e+05
3.180715944215617985e-01 1.332407671439130681e+01 6.251345841899055522e+05
3.266771808080427553e-01 1.322675256750725303e+01 5.521002179857321316e+05
3.355084007056260975e-01 1.313490465842566834e+01 4.859725406873090542e+05
3.445655234143039647e-01 1.304983387729544653e+01 4.286256795438730624e+05
3.538516049105004391e-01 1.297159274931879658e+01 3.783172797940436285e+05
3.633751366997021170e-01 1.289359507496254587e+01 3.339667873530900106e+05
3.731095649225751876e-01 1.281667888320632009e+01 2.944210273067409871e+05
3.831032429481042167e-01 1.275079124614759962e+01 2.578872588680755580e+05
3.933046620635963775e-01 1.268321069783374178e+01 2.296531592262549384e+05
4.037510015435539779e-01 1.262131541371836541e+01 2.031562037980938912e+05
4.144373866768699122e-01 1.256442281212141765e+01 1.793412678913752316e+05
4.253825501800819198e-01 1.251440596302690977e+01 1.582294755902169272e+05
4.365372334699267332e-01 1.246120486959590679e+01 1.401473120107215946e+05
4.479510341265415807e-01 1.241325548663610867e+01 1.237905168237678299e+05
4.596116748550176934e-01 1.236656007972076665e+01 1.082871242098489456e+05
4.714858073818977702e-01 1.232448534294259623e+01 9.667869434504238598e+04
4.835973752567647166e-01 1.228399940482922581e+01 8.482844524100593117e+04
4.959667753800756640e-01 1.224627006346083924e+01 7.600717823707329808e+04
5.085672439893822450e-01 1.220972005892644674e+01 6.730822292066970840e+04
5.214107060317926257e-01 1.217574851849505890e+01 5.952312204029207351e+04
5.344930246306538457e-01 1.214195239036457963e+01 5.284968293334742339e+04
5.478128098714974969e-01 1.211228376006586949e+01 4.688155209323751478e+04
5.613717722663255083e-01 1.208184080753005318e+01 4.161053905402521195e+04
5.751312211633893279e-01 1.205308709692465463e+01 3.689284875137802737e+04
5.891021065296546677e-01 1.202807187216079932e+01 3.275288281042077506e+04
6.031665793023464062e-01 1.200403893127005261e+01 2.883661202849998153e+04
6.173899848779300648e-01 1.197965327869924224e+01 2.591713051236685715e+04
6.318590656552766083e-01 1.195408287897606314e+01 2.312345784924961845e+04
6.466040819262642847e-01 1.193548516964782813e+01 2.054381646826594078e+04
6.616886259485428301e-01 1.191261102801086302e+01 1.829720578452180052e+04
6.771441193335712150e-01 1.189157778444797486e+01 1.626479644646746056e+04
6.930244860352156033e-01 1.187031067062017975e+01 1.446830060013010007e+04
7.092007980567633929e-01 1.185465786069374516e+01 1.283080082552430576e+04
7.252870722463954367e-01 1.183839793399679330e+01 1.145637142039598984e+04
7.413429940636581117e-01 1.182203379346909244e+01 1.022261604942393205e+04
7.574568689970974100e-01 1.180556511363257322e+01 9.126672811130078117e+03
7.736476522379712728e-01 1.178834390681913113e+01 8.162048974372297380e+03
7.899372118225370665e-01 1.177021991202974149e+01 7.310852935301563775e+03
8.063635493404150978e-01 1.175739106193017847e+01 6.542816594564281331e+03
8.229752396927506597e-01 1.174108926011340159e+01 5.859360789990475496e+03
8.397542547879014441e-01 1.172577999958730999e+01 5.258555241191226742e+03
8.567635643495163933e-01 1.170977934802064091e+01 4.707759732266516039e+03
8.739693146794762502e-01 1.169614572097627381e+01 4.221871489033371290e+03
8.914318453796841180e-01 1.167976931346457548e+01 3.781947816773994873e+03
9.092446672629599380e-01 1.166193555577706498e+01 3.388487921692634700e+03
9.271704194999431659e-01 1.164926855745978784e+01 3.011185132504252124e+03
9.454405227749527185e-01 1.163380930875602104e+01 2.719517174029444050e+03
9.640985802609303157e-01 1.161999223364349021e+01 2.433426547313050833e+03
9.829061070821363266e-01 1.160951985985565393e+01 2.180099064879093021e+03
1.002129783464837720e+00 1.159161831557393185e+01 1.949147856614605189e+03
1.021543812766020132e+00 1.157727293165785198e+01 1.744884726413169119e+03
1.041304429323377967e+00 1.156328068472364734e+01 1.561256520550766027e+03
1.061392321636340341e+00 1.155269621975874017e+01 1.396751806272077374e+03
1.081787095318802461e+00 1.153622838327668099e+01 1.249125164678705460e+03
1.102476926292170978e+00 1.152361263387457058e+01 1.110116133465884786e+03
1.123463020320325523e+00 1.151487485685209222e+01 9.985787469632780358e+02
1.144747693611156247e+00 1.149850329129200510e+01 8.930732653231526683e+02
1.166298938472044355e+00 1.148577959206074084e+01 7.991703106072142191e+02
1.188152942104224952e+00 1.147354828512056812e+01 7.140792102513610189e+02
1.210251752252460289e+00 1.146448081709933220e+01 6.392145858692009597e+02
1.232613699851131006e+00 1.145134850707572483e+01 5.712567649285016387e+02
1.255245235546007088e+00 1.143762805160188023e+01 5.109118801882738694e+02
1.278034965083437058e+00 1.142517571956135036e+01 4.572325114817558642e+02
1.301083880580238716e+00 1.141613896006842133e+01 4.066458076680354452e+02
1.324327408252949256e+00 1.140171460639549395e+01 3.657517376925181338e+02
1.347744084641180340e+00 1.139178105707462940e+01 3.277328941175966293e+02
1.371332011748236823e+00 1.137975252685101424e+01 2.935839072046412639e+02
1.395063865666086977e+00 1.137160638173001281e+01 2.626719821751068480e+02
1.418921679053378293e+00 1.136051656866899506e+01 2.353365189378725120e+02
1.442886570956439130e+00 1.134545707723084718e+01 2.100460593641448952e+02
1.466937456468041301e+00 1.133484800840368045e+01 1.894368039694483059e+02
1.491052055108519792e+00 1.132356115618283532e+01 1.698729390219319271e+02
1.515212838260833417e+00 1.131166872294552661e+01 1.525551786090316568e+02
1.539399869112682007e+00 1.130094119908198635e+01 1.369419267283618069e+02
1.563566587023641707e+00 1.128817497974893058e+01 1.231877886860560238e+02
1.587763463631947758e+00 1.127806658037620124e+01 1.104384934481669234e+02
1.611817684530449934e+00 1.126495480683855277e+01 9.977572190266411667e+01
1.635848818007304306e+00 1.125288093501153242e+01 8.938707132102246078e+01
1.659781003362488461e+00 1.123988994318222190e+01 8.066831533221642303e+01
1.683593356543492403e+00 1.122714546853002204e+01 7.303088198587313684e+01
1.707265531745664200e+00 1.121453505902964665e+01 6.596602640999230971e+01
1.730772626159569283e+00 1.120135886920635926e+01 5.959559447977711244e+01
1.754093833742622177e+00 1.118708880150238016e+01 5.381186746811496846e+01
1.777195579282511817e+00 1.117342316252067569e+01 4.873660075712516004e+01
1.800067250550792641e+00 1.115871900333996436e+01 4.414846277175487188e+01
1.822681389132667862e+00 1.114419655784424279e+01 4.001093119705709000e+01
