2.191799393465098389e-01 1.550982308316407554e+01 3.683535669800713658e+06
2.261357884340479962e-01 1.527225126463689797e+01 3.157949784996219911e+06
2.333273216620869450e-01 1.498964207307023777e+01 2.724861174989494029e+06
2.408095279522513288e-01 1.477285468819377101e+01 2.319942581326717045e+06
2.485126999613264942e-01 1.455081124422371808e+01 2.012657650818646653e+06
2.565077017757836919e-01 1.435255398927575499e+01 1.727104103202330647e+06
2.647815884263877151e-01 1.416514476641225251e+01 1.484198280934158247e+06
2.733377455599170225e-01 1.400261394399045578e+01 1.281983064907375025e+06
2.821840519753327503e-01 1.383750463997194124e+01 1.098811681943980511e+06
2.913271546675355594e-01 1.369111487162138729e+01 9.444802040923786117e+05
3.007615792382846154e-01 1.354552733590945479e+01 8.129116728560766205e+05
3.104949100840251885e-01 1.341557303075114405e+01 7.008125383406656329e+05
3.205547735901462247e-01 1.330335200284480379e+01 6.010721718715948518e+05
3.308907207970078201e-01 1.318850019055352796e+01 5.186930477968860650e+05
3.415870377296346683e-01 1.307817476549280400e+01 4.461536822438486270e+05
3.525544246123379355e-01 1.298220497021623743e+01 3.836150860220983159e+05
3.639004249832005766e-01 1.288839594814623979e+01 3.309773842382136500e+05
3.755165914553086348e-01 1.279931128444819599e+01 2.860975749062020914e+05
3.874965483259722454e-01 1.271925854294341285e+01 2.465389424524658243e+05
3.998068354975370942e-01 1.264672267177083675e+01 2.134319952463641530e+05
4.124509989169163893e-01 1.257599566689036052e+01 1.832677202103253803e+05
4.254545513001196655e-01 1.251157736220130090e+01 1.582980170232775272e+05
4.387592905553162059e-01 1.245201571414976982e+01 1.368614404247259372e+05
4.524282643666396320e-01 1.239709401835100699e+01 1.180308116702382831e+05
4.664540981052581747e-01 1.234122670964118029e+01 1.020981427589133382e+05
4.807861140626822904e-01 1.229243305145240051e+01 8.809506628614799411e+04
4.954744605201849006e-01 1.224670125388880670e+01 7.628908111156123050e+04
5.104950900576581407e-01 1.220330158866475223e+01 6.605907160372822545e+04
5.258591205600282592e-01 1.216254653423083454e+01 5.722900042944146116e+04
5.415609958369033139e-01 1.212425936114031977e+01 4.957817734426389507e+04
5.576009279594502654e-01 1.209107670857304129e+01 4.298715771032063640e+04
5.739440048183634957e-01 1.205698569503675266e+01 3.724933543711900711e+04
5.906077642468697819e-01 1.202433405076121176e+01 3.238409313122718595e+04
6.075853048402798384e-01 1.199529894891258053e+01 2.812287376747143935e+04
6.249910679443347883e-01 1.196774613930216447e+01 2.442706721268635374e+04
6.428881430467866531e-01 1.194199811404333289e+01 2.120078322983964244e+04
6.613401413382878902e-01 1.191670993069225837e+01 1.839857436956389574e+04
6.805109335787767888e-01 1.189294461559888205e+01 1.591772327163850969e+04
7.003576208405104531e-01 1.187336149661504692e+01 1.375796012686556423e+04
7.210083075735300717e-01 1.185204466371616938e+01 1.187716010409971932e+04
7.424835673567278249e-01 1.183508745287764619e+01 1.024242940821683624e+04
7.648152113851072187e-01 1.181941433890672677e+01 8.835323038034672209e+03
7.880325833680997816e-01 1.180464443378978245e+01 7.575063822111546870e+03
8.121713648348285464e-01 1.179325769191558138e+01 6.498984104765821940e+03
8.372465317545547681e-01 1.178768434111093732e+01 5.568244236058314527e+03
8.632988447163630896e-01 1.177916318270688478e+01 4.768517109280113800e+03
8.903510091907804735e-01 1.177457780187756597e+01 4.077259501433432888e+03
9.183786631776041931e-01 1.177323327121912300e+01 3.480860074660526152e+03
9.474217291848527900e-01 1.177290463913358387e+01 2.972291301535023194e+03
9.774669134172064844e-01 1.177549154851944735e+01 2.534742123375427582e+03
1.008516257809452199e+00 1.177905389509050416e+01 2.159975456534294153e+03
1.040584847939167057e+00 1.178915859373304897e+01 1.839006784749531107e+03
1.073625919152897623e+00 1.179509183423448349e+01 1.567542073418887639e+03
1.107660751892454609e+00 1.180800123071391461e+01 1.335521320326302884e+03
1.142648374332940309e+00 1.181759042817292205e+01 1.138340483743251298e+03
1.178593512706681334e+00 1.183106173032832587e+01 9.688222395900633046e+02
1.215443339996135519e+00 1.184735595755198467e+01 8.252264402922039608e+02
1.253182326640177591e+00 1.186468987342288628e+01 6.994494220026056155e+02
1.291761794421013798e+00 1.188369806367241210e+01 6.000099244332967601e+02
1.331126154498025960e+00 1.190279660936204387e+01 5.130050676100103146e+02
1.369736229562783736e+00 1.192275162392418686e+01 4.395380654240096305e+02
1.406964906232930135e+00 1.194346144596680048e+01 3.800823498691751183e+02
1.442891951337495371e+00 1.195573832561564842e+01 3.307086039544516325e+02
1.477628944411544021e+00 1.196883755112014391e+01 2.873866719731822172e+02
1.511246649424198063e+00 1.197908006527973690e+01 2.540132216305773625e+02
1.543812062678260988e+00 1.199038922978666477e+01 2.239664142301557490e+02
1.575380108198664031e+00 1.199341735785835539e+01 1.980718972034924832e+02
1.606009011970097156e+00 1.199632623093078365e+01 1.758101934152325327e+02
1.635742238827030848e+00 1.199928415165912376e+01 1.556262625957806733e+02
1.664600112539056154e+00 1.199561947581556431e+01 1.395098118332199988e+02
1.692636756601867409e+00 1.199028531151280497e+01 1.247759504121895873e+02
1.719862145521974695e+00 1.198472420260905480e+01 1.116606795178634428e+02
1.746310122826036038e+00 1.197629638758252746e+01 9.984804909016280305e+01
1.772028656559542004e+00 1.196508245619175348e+01 9.007429583779682503e+01
1.796932207496540590e+00 1.195271453055504018e+01 8.113039149018987928e+01
1.821140673325989834e+00 1.193643729134075926e+01 7.317818413842795167e+01
1.844621861013547637e+00 1.191930360536778899e+01 6.611054259406820677e+01
1.867391276815894896e+00 1.190029351186360174e+01 5.978164119290408252e+01
1.889458817478816277e+00 1.187971000638234464e+01 5.410378461386919469e+01
1.910821907335480629e+00 1.185745918306761126e+01 4.905147446050752791e+01
1.931520903020716995e+00 1.183304029036800387e+01 4.452153569691313351e+01
1.951469917089219130e+00 1.180704499998507906e+01 4.048579492864593021e+01
1.970764911904462346e+00 1.177989353322475985e+01 3.684408455431684359e+01
1.989364956646769489e+00 1.175061694993939021e+01 3.356649760997863297e+01
2.007284316137887270e+00 1.172015898240326592e+01 3.063235614568299070e+01
2.024518020976884713e+00 1.168865808707179710e+01 2.783652520202740277e+01
2.041071786848912328e+00 1.165543496231149234e+01 2.546724686578519226e+01
2.056945236855337367e+00 1.162151999755868381e+01 2.340107210851207498e+01
2.072140952844220507e+00 1.158556114745133847e+01 2.142365376675447664e+01
2.086654849812767498e+00 1.154882685103870443e+01 1.967375316586338840e+01
2.100488215423280902e+00 1.151079252508146311e+01 1.805725141700485281e+01
2.113652148139746778e+00 1.147140115610260480e+01 1.655020822592535978e+01
2.126140895030283140e+00 1.143167486835924684e+01 1.528434119386466250e+01
2.137964631558657569e+00 1.139089677530201783e+01 1.408691688387657948e+01
2.149109399518295049e+00 1.134844227454744114e+01 1.299688561581017865e+01
2.159807753807341690e+00 1.130720237354596769e+01 1.195848021556934881e+01
2.169424002876035651e+00 1.126275309623622967e+01 1.110731699114921511e+01
2.178587987773019208e+00 1.121787667612653649e+01 1.029047822395458844e+01
2.187109882633512914e+00 1.117295834888999728e+01 9.536702337951703967e+00
2.194987384279612819e+00 1.112666299588183527e+01 8.858818582949011144e+00
