2.191799393465098389e-01 1.550982308316407554e+01 3.683535669800713658e+06
2.255174283048502759e-01 1.529929118053336623e+01 3.203043153230044525e+06
2.320670565446550648e-01 1.503914643593583200e+01 2.800516502356840298e+06
2.388351956008999133e-01 1.482526264632650381e+01 2.437849324010620825e+06
2.458268626586275485e-01 1.462130986864887205e+01 2.113518665837137029e+06
2.530376593646582739e-01 1.444494487599236265e+01 1.845994715575320879e+06
2.604785641145538344e-01 1.426082051999898681e+01 1.608622635327123106e+06
2.681548637204368424e-01 1.409358920614821642e+01 1.397788200784489047e+06
2.760691953118113440e-01 1.394827599471835278e+01 1.218323488025729312e+06
2.842276370270649943e-01 1.379996847938310900e+01 1.061513274252242176e+06
2.926380955772710513e-01 1.366782214680358010e+01 9.243346265321881510e+05
3.012864628186170401e-01 1.354013420646289489e+01 8.069822468322201166e+05
3.101806404445785481e-01 1.342123254897820672e+01 7.021301488166801864e+05
3.193349916285165291e-01 1.330760996836087173e+01 6.141052243752091890e+05
3.287611577341260083e-01 1.321261485151565118e+01 5.343361410659961402e+05
3.384386935033372734e-01 1.310519815289624468e+01 4.661280717446422204e+05
3.483896287191798891e-01 1.301351181545938118e+01 4.082832037362472620e+05
3.586120348252040402e-01 1.292691369461062934e+01 3.548077402494587586e+05
3.691070491822202038e-01 1.284736828753982607e+01 3.100039674400985241e+05
3.798746472372274141e-01 1.277170305199900824e+01 2.704980419676653692e+05
3.909192221551752167e-01 1.269881801878885419e+01 2.344348056803426880e+05
4.022551150860082525e-01 1.263255182467218241e+01 2.063324811710955983e+05
4.138469979356377837e-01 1.257016633461736710e+01 1.802899742257146863e+05
4.257522791195812450e-01 1.251336316687131855e+01 1.575769060997659690e+05
4.379098413278982305e-01 1.245087690818156645e+01 1.378172926473921980e+05
4.503848403453331595e-01 1.240304109410914357e+01 1.206776764319300273e+05
4.631337371714476236e-01 1.235365338282483627e+01 1.056065819127913128e+05
4.761552385145882971e-01 1.230699478009621828e+01 9.237101394720490498e+04
4.894668623050624223e-01 1.226403645094387507e+01 8.094347543756253435e+04
5.030469190635563637e-01 1.222480858699612050e+01 7.103240206413395936e+04
5.169234798150964538e-01 1.218553952441823363e+01 6.220491462514665909e+04
5.310838910532461599e-01 1.214904982165915293e+01 5.452437653519969172e+04
5.455261592492602896e-01 1.211692406289122559e+01 4.780603936278439505e+04
5.602509264136708023e-01 1.208574200707383817e+01 4.197627099193217146e+04
5.752203309526859876e-01 1.205471140480119807e+01 3.685294011179299559e+04
5.902344809589430419e-01 1.202475011705849894e+01 3.245827266823396349e+04
6.045106414915115689e-01 1.199995767104185695e+01 2.884062441087288607e+04
6.182188599250811878e-01 1.197214312570033812e+01 2.569762465072384657e+04
6.315283287994495343e-01 1.194753415760942694e+01 2.303083883987987792e+04
6.445927722906085178e-01 1.192195885140919032e+01 2.067107318784269228e+04
6.575011284276566226e-01 1.189523614453792355e+01 1.859434785383403869e+04
6.703597239078330494e-01 1.186871448353838865e+01 1.671233501069760678e+04
6.832594569495740178e-01 1.184060065756606228e+01 1.507358454864801570e+04
6.961529390538652162e-01 1.180965296480326288e+01 1.358123875409758875e+04
7.093072330117220492e-01 1.178473513836020281e+01 1.221619197867741423e+04
7.224431787244351977e-01 1.175502650463438137e+01 1.099599203217486502e+04
7.358770725722586503e-01 1.172487633214696601e+01 9.896158435532912335e+03
7.495497794882920450e-01 1.169609738442816038e+01 8.902264753789426322e+03
7.635016594765328124e-01 1.166592385468612747e+01 7.993310466005616945e+03
7.777561371624340802e-01 1.163795180023372389e+01 7.161595529354765858e+03
7.923303164805490795e-01 1.160646832160295361e+01 6.419126334179910373e+03
8.072577308888801983e-01 1.157637331605098829e+01 5.748831822950171045e+03
8.225458294391464475e-01 1.154730804996787796e+01 5.138870063576481698e+03
8.382145171314034915e-01 1.151562270665766263e+01 4.589201581706392972e+03
8.542777662531655380e-01 1.148791300779854119e+01 4.094708160251443587e+03
8.707505496162952774e-01 1.145715684518041755e+01 3.652721683582743935e+03
8.876399473137027707e-01 1.143157285953588165e+01 3.252862091306113598e+03
9.049610087499416755e-01 1.140316912982163267e+01 2.872216602997739301e+03
9.226987497809757688e-01 1.137473925225511806e+01 2.572487176317953072e+03
9.408702770633236012e-01 1.134804857993940530e+01 2.285302200109927526e+03
9.594843502746296382e-01 1.132161270659687169e+01 2.031083564858275849e+03
9.785279599721208310e-01 1.130020249135023036e+01 1.801387177319848433e+03
9.979986113396790426e-01 1.127130816666800861e+01 1.585361159175059811e+03
1.017900159783246439e+00 1.124576015575060417e+01 1.414417583391865492e+03
1.038222257368961676e+00 1.122111345071895627e+01 1.254762497936613727e+03
1.058961036255655630e+00 1.119788504783062422e+01 1.109564339173870167e+03
1.080095755969098015e+00 1.117541254275067253e+01 9.807482699039173895e+02
1.101629291798612131e+00 1.115341498894174421e+01 8.685765247749334321e+02
1.123546204381952851e+00 1.113050257829349832e+01 7.682996177133991296e+02
1.145813243975317697e+00 1.110894873749670353e+01 6.802239747040464408e+02
1.168440613951351459e+00 1.108932346608124320e+01 6.013402425759943526e+02
1.191391290890146282e+00 1.107275383037621097e+01 5.321429582515287393e+02
1.214652889935507352e+00 1.104967511079694020e+01 4.707893792834528881e+02
1.238200330421571849e+00 1.103090885122211873e+01 4.166769888978550966e+02
1.262020807549498747e+00 1.101211206052212610e+01 3.687018649045539291e+02
1.286090139428051948e+00 1.099372960746787165e+01 3.264975716673821466e+02
1.310372495430837114e+00 1.097774941623962164e+01 2.893732156899723691e+02
1.334850537304404172e+00 1.095739301006204514e+01 2.564244892069710318e+02
1.359493477744270429e+00 1.094009279757045050e+01 2.272374443549563807e+02
1.384282578409344655e+00 1.092363978495444954e+01 2.016306897207301176e+02
1.409179658506509059e+00 1.090628080233910957e+01 1.790205797336251976e+02
1.434161079220390711e+00 1.089177037804594050e+01 1.581410122457010345e+02
1.459197186551906888e+00 1.087458624437155308e+01 1.405650691606890348e+02
1.484254834027327163e+00 1.085685292538368962e+01 1.256749139683227554e+02
1.509303665731470678e+00 1.084065785651367975e+01 1.118808662457658727e+02
1.534320538626412267e+00 1.082372711526395470e+01 9.963125525528793958e+01
1.559271412077990915e+00 1.080706769456916305e+01 8.884163947777689430e+01
1.584100470006956085e+00 1.079084690400689972e+01 7.897261059952289486e+01
1.608447246458597490e+00 1.077397628492281179e+01 7.093986002034525029e+01
1.632183374466039671e+00 1.075674871811788869e+01 6.363458589868059789e+01
1.655288530297985838e+00 1.073914915553221761e+01 5.714969803570259188e+01
1.677747683198781647e+00 1.072066756079560967e+01 5.149297271883693128e+01
1.699620270917272302e+00 1.070218124232779999e+01 4.647152098546342103e+01
1.720757024742511909e+00 1.068269304780641704e+01 4.197244780187585178e+01
1.741250779476586796e+00 1.066178705080361944e+01 3.791548693012969551e+01
1.761154738351356164e+00 1.064136355851638349e+01 3.456406507737655431e+01
1.780372574266440466e+00 1.061811679215938042e+01 3.143697752932481393e+01
1.798989861952186464e+00 1.059568556906159031e+01 2.861718186981601519e+01
1.816913652010658131e+00 1.057098345890500113e+01 2.611540646590101744e+01
1.834219733213003023e+00 1.054707199290291975e+01 2.386638670485458391e+01
