2.191799393465098389e-01 1.550982308316407554e+01 3.683535669800713658e+06
2.251927850184618218e-01 1.527552197283791102e+01 3.239104272143087815e+06
2.314035750710894124e-01 1.505768762525899085e+01 2.828318987624418456e+06
2.378091492706460031e-01 1.486208260609906695e+01 2.486570021605221555e+06
2.444195595587767278e-01 1.466589474659185299e+01 2.184587821671396028e+06
2.512222097628760697e-01 1.451185104837665740e+01 1.925375554110154044e+06
2.582317113984237689e-01 1.432167230790503432e+01 1.679617231611090014e+06
2.654537840244570734e-01 1.416100025087824221e+01 1.473137274126451463e+06
2.728979624675567095e-01 1.400390626632647439e+01 1.276064648536628578e+06
2.805429817010672289e-01 1.386927528647254526e+01 1.128711755674759159e+06
2.884179873744280864e-01 1.373133082687575701e+01 9.916934339746665210e+05
2.965075287800405524e-01 1.360927846587488332e+01 8.683225317444875836e+05
3.048312809092248443e-01 1.348801594317522401e+01 7.625843265856010839e+05
3.133906730466166635e-01 1.337848805448560618e+01 6.696590105344606563e+05
3.221652030293055136e-01 1.327747058446366424e+01 5.882359946214350639e+05
3.311882367900284008e-01 1.317859416803499073e+01 5.159027329444898642e+05
3.404494227546677187e-01 1.308967789725110542e+01 4.537276223260366241e+05
3.499465508303187256e-01 1.299893392897927491e+01 3.983241618624832481e+05
3.596933468953568691e-01 1.292144469966413389e+01 3.499540049522600602e+05
3.696822266416079916e-01 1.284429533575920246e+01 3.079495355454247911e+05
3.799259864780790696e-01 1.276947046018466736e+01 2.703782976456460892e+05
3.904149230860716746e-01 1.270220589594922700e+01 2.377976275703223946e+05
4.011812010016792551e-01 1.263745797022749962e+01 2.100569514362727932e+05
4.121524541947396147e-01 1.257687643760986873e+01 1.840092958954037458e+05
4.234072692744079158e-01 1.252331915521805605e+01 1.618103189518581785e+05
4.349284099661082648e-01 1.246885066080005799e+01 1.426475725875209610e+05
4.466898135378089552e-01 1.241783171457120893e+01 1.253616610580667184e+05
4.587302078311409903e-01 1.237306406226160327e+01 1.104350657433112065e+05
4.709981151614437977e-01 1.232796489343371249e+01 9.721857501433590369e+04
4.835150411763744493e-01 1.228263423282350253e+01 8.593897455077630002e+04
4.963145720013694695e-01 1.224304698096837818e+01 7.575485355863397126e+04
5.093586670156738938e-01 1.220662898485338488e+01 6.686604804531497939e+04
5.226619897170354800e-01 1.217011979610926353e+01 5.883296993426962581e+04
5.362200818613075404e-01 1.213694182144869060e+01 5.207091306347019417e+04
5.500324746163968159e-01 1.210682467378029337e+01 4.599882976927085110e+04
5.641014584700470014e-01 1.207809391377231911e+01 4.060394827408040874e+04
5.783868530669502572e-01 1.204945686339437216e+01 3.552691913672115334e+04
5.927281700881963378e-01 1.201963437627187226e+01 3.183591293354333538e+04
6.068858436139384915e-01 1.199538050836198266e+01 2.827947049315306140e+04
6.208935737155812928e-01 1.197171556603120912e+01 2.519347480707561408e+04
6.349154728100795397e-01 1.194874170864184393e+01 2.252135593227952995e+04
6.490306451426440804e-01 1.192339321493034454e+01 2.008431659029578441e+04
6.632989108278253276e-01 1.190125986327996266e+01 1.796019596469767930e+04
6.777714122274441921e-01 1.187873966178814555e+01 1.600975025584280775e+04
6.925244945705351096e-01 1.185518760466012722e+01 1.432101047290938368e+04
7.075713976237367753e-01 1.183390291081235368e+01 1.278376482416551880e+04
7.229196477264354659e-01 1.181103771576689354e+01 1.140027533177317491e+04
7.386109318256015577e-01 1.179113206202203656e+01 1.017704961939581699e+04
7.547326438629232692e-01 1.176773982152054643e+01 8.977593175511030495e+03
7.712733082341064472e-01 1.174779740668652650e+01 8.061365596014295988e+03
7.882618558101147643e-01 1.172856669096396054e+01 7.168055196222303493e+03
8.057025084327379405e-01 1.171053465016378503e+01 6.370836255071832966e+03
8.236384608943665420e-01 1.169103649885706275e+01 5.645790112803986631e+03
8.420600245513847337e-01 1.167215874986846735e+01 5.008414224540562827e+03
8.610444981321749847e-01 1.165644766549818101e+01 4.436422817701030908e+03
8.804647384382180419e-01 1.164191796629350861e+01 3.925215066181347538e+03
9.004474235395234505e-01 1.162633910882811250e+01 3.474462836613560739e+03
9.209787237027015072e-01 1.161134113404671098e+01 3.072290368497059262e+03
9.420412743466985983e-01 1.160044836789200851e+01 2.711691518904656277e+03
9.636515462029271450e-01 1.158848777239349737e+01 2.395471274707350403e+03
9.858088984331402349e-01 1.157760247823033062e+01 2.096367399257869238e+03
1.008506487889813785e+00 1.156721115053729676e+01 1.862101352277683191e+03
1.031698970992630304e+00 1.155796968320128570e+01 1.642081306944900007e+03
1.055088399341460370e+00 1.155172683732404515e+01 1.448670541592923428e+03
1.078611958322356346e+00 1.154175068398579995e+01 1.281573637684477717e+03
1.102275235060738545e+00 1.153494685820928112e+01 1.126538193829943111e+03
1.126066136004715279e+00 1.152910317865185519e+01 1.004680975866847007e+03
1.149984718827517849e+00 1.151956550886894348e+01 8.912251338888682994e+02
1.174021430487019124e+00 1.151363242709986956e+01 7.917862454331811932e+02
1.198204625483460850e+00 1.150921931533409648e+01 7.025790060876933012e+02
1.222485385163555538e+00 1.150254097210847704e+01 6.253164883128940801e+02
1.246925516972342773e+00 1.149474853173289901e+01 5.525738085760458489e+02
1.271412337178944529e+00 1.148456528535869658e+01 4.950551461851742943e+02
1.296018622826625277e+00 1.147682374433123620e+01 4.391517852436400631e+02
1.320744499125019678e+00 1.147294754317807630e+01 3.929828389128373374e+02
1.345496669332633566e+00 1.146237621629927439e+01 3.511009620165290244e+02
1.370365419667682438e+00 1.145336320627096605e+01 3.134371276607790833e+02
1.395206634765109310e+00 1.144688911751102900e+01 2.784872057082706078e+02
1.420103094073608352e+00 1.143736836542612068e+01 2.502474911999055394e+02
1.445032218533077728e+00 1.142784773432143197e+01 2.226558588048592355e+02
1.469976214244060442e+00 1.141875526021734899e+01 2.003922559887467685e+02
1.494850006152845801e+00 1.141055814644583322e+01 1.795921591934819617e+02
1.519726225693797117e+00 1.140003813701228985e+01 1.611915613677862495e+02
1.544519289239576265e+00 1.138941782048426354e+01 1.444476454163665551e+02
1.569247731807348778e+00 1.137941790371520767e+01 1.296904695439764623e+02
1.593877357214073198e+00 1.136753184567744590e+01 1.165520087163884995e+02
1.618399406665565810e+00 1.135669276060502497e+01 1.047825629535181378e+02
1.642865609646467329e+00 1.134505787642627261e+01 9.415442589564163711e+01
1.666991211938696926e+00 1.133260809738961683e+01 8.489864476092002121e+01
1.691033164054387417e+00 1.131932473044884269e+01 7.645161483088915588e+01
1.714855335253713031e+00 1.130611870072360681e+01 6.893170985660779593e+01
1.738462683355437521e+00 1.129241134479208952e+01 6.226474608583173875e+01
1.761916429711412491e+00 1.127811600634619360e+01 5.634030515062467259e+01
1.785044977823164514e+00 1.126370224945053522e+01 5.080204760556993904e+01
1.807743880769296929e+00 1.124749347881788708e+01 4.604548704785693758e+01
1.830254938674455767e+00 1.123157300803231351e+01 4.169487129141199233e+01
1.852447371580398405e+00 1.121498738982157128e+01 3.764309732551004828e+01
1.874271310879393582e+00 1.119815998685740155e+01 3.432942889571267386e+01
1.895746356996101278e+00 1.118069273912825778e+01 3.118870778231738683e+01
1.916840292090935316e+00 1.116251667344651288e+01 2.835619855447353999e+01
