2.191799393465098389e-01 1.550982308316407554e+01 3.683535669800713658e+06
2.257096253006642961e-01 1.525514106491294442e+01 3.194560785496925469e+06
2.324592066492151832e-01 1.503440459031391541e+01 2.776427893144605681e+06
2.394408783384542327e-01 1.480310273457189929e+01 2.400703869554584846e+06
2.466577817052896249e-01 1.460789807958722264e+01 2.088951873188370606e+06
2.541095526928376369e-01 1.441075633474686946e+01 1.807886529024979798e+06
2.618071133785219162e-01 1.422935650364441251e+01 1.569692881786273094e+06
2.697536297776225167e-01 1.406760181716105329e+01 1.359146482612991240e+06
2.779538989207704369e-01 1.391114581661334704e+01 1.177850509959137067e+06
2.864123888649115490e-01 1.376761874641121075e+01 1.025059570254802122e+06
2.951231718580085150e-01 1.362861383354817946e+01 8.882359556799491402e+05
3.041056098891549153e-01 1.350042623459978230e+01 7.729907981704227859e+05
3.133650626281166973e-01 1.337712782694415736e+01 6.701255124821453355e+05
3.228804955074826011e-01 1.326445989434721007e+01 5.827297209574583685e+05
3.326869063349945366e-01 1.316722428153567925e+01 5.048933415204252815e+05
3.427784014339189111e-01 1.306743984091117738e+01 4.397503789807180292e+05
3.531331986106890919e-01 1.297408377046709660e+01 3.791018372691292898e+05
3.638141317801336094e-01 1.289000481050847213e+01 3.320725025057984167e+05
3.747275850797997521e-01 1.280540444982221260e+01 2.883823172951966408e+05
3.859698697969399794e-01 1.272911120460708645e+01 2.511994395224787004e+05
3.975189268051314562e-01 1.265827761540830565e+01 2.185805209513380541e+05
4.093379432530576678e-01 1.259237648336086224e+01 1.885405052997858147e+05
4.214542377694092123e-01 1.253216093920514673e+01 1.653583904229840555e+05
4.338888616889294281e-01 1.247282543008678424e+01 1.441492499090928177e+05
4.466232710972042885e-01 1.241786530812681733e+01 1.255364686251386884e+05
4.596738043126390449e-01 1.236958052177016043e+01 1.081245100570713694e+05
4.729937328233158045e-01 1.231865165707890242e+01 9.558180998240808549e+04
4.866388892967926649e-01 1.227876511863058617e+01 8.310794736083578027e+04
5.005486931842972886e-01 1.223305589558740181e+01 7.260665135761081183e+04
5.147831979885088005e-01 1.219996156531825626e+01 6.270300612709832058e+04
5.293142860383384107e-01 1.215503410227159620e+01 5.544000933443972463e+04
5.441470115571478416e-01 1.212072633677883715e+01 4.842508693759900052e+04
5.592785297818841928e-01 1.208577984212013945e+01 4.229057225727813056e+04
5.746724043468067755e-01 1.205397951841160697e+01 3.704242077257141500e+04
5.902773816113102701e-01 1.202605435586437643e+01 3.247691160153847159e+04
6.058388997632648820e-01 1.199934098342387223e+01 2.848686872641164518e+04
6.214288244843717557e-01 1.197188486773696958e+01 2.509480543802799002e+04
6.370941334571285086e-01 1.194584114338290703e+01 2.211160797918450407e+04
6.530423817241638451e-01 1.192174831202961549e+01 1.950732897533936557e+04
6.692872359607112687e-01 1.189667530773673754e+01 1.719487606132609289e+04
6.859703432831327774e-01 1.187290878995760757e+01 1.514763809568665602e+04
7.029751427633036398e-01 1.185150528683509563e+01 1.334805189972615881e+04
7.204943659783734633e-01 1.183066259625551453e+01 1.172391286048557959e+04
7.385349691242927284e-01 1.180746097760549773e+01 1.029231648609639342e+04
7.571137847479413319e-01 1.178769278687409106e+01 9.034635388859205705e+03
7.762840603710892129e-01 1.177066945715943369e+01 7.873267635197010350e+03
7.960544612523144936e-01 1.175135446799385086e+01 6.942811122578661525e+03
8.164663184311160560e-01 1.173247870710365426e+01 6.073477565067107207e+03
8.375334368187666856e-01 1.171967358846857898e+01 5.303308166842884930e+03
8.589317188150298321e-01 1.170541345325242233e+01 4.641193046780505028e+03
8.801915793290241430e-01 1.169095502388791807e+01 4.067745959553718421e+03
9.013364351418374776e-01 1.167839017794477741e+01 3.578462268659034180e+03
9.224042747766282302e-01 1.166309330040676073e+01 3.155479451489363328e+03
9.434624359721941467e-01 1.164984233223032639e+01 2.788546405777988184e+03
9.645023225025799452e-01 1.163878088745402017e+01 2.466742235518838243e+03
9.855647536321505697e-01 1.162690796464732124e+01 2.182444173008419511e+03
1.006675890974557896e+00 1.161141688255184690e+01 1.935569865658717163e+03
1.027887609347114317e+00 1.159777068014193091e+01 1.717947844596587629e+03
1.049140992287716401e+00 1.158301517456713547e+01 1.524011010967170250e+03
1.070489806656061749e+00 1.156777855187510617e+01 1.353348289677781167e+03
1.091942445904647396e+00 1.155254585475216089e+01 1.204488873336597635e+03
1.113517822914325661e+00 1.153861134151440204e+01 1.062207316324616841e+03
1.135201261212608781e+00 1.152229090556223667e+01 9.532625495177086350e+02
1.157001531927438709e+00 1.150467755696795003e+01 8.481721707191128417e+02
1.178917554267510326e+00 1.148897209532163899e+01 7.488568289543704850e+02
1.200947160966988836e+00 1.147120984418953249e+01 6.718873422487316702e+02
1.223209698474796436e+00 1.145683607720576092e+01 5.977239328186734610e+02
1.245338188049646355e+00 1.143660214029236322e+01 5.327505965389497078e+02
1.267686120868389166e+00 1.141858099554390726e+01 4.749931243026103402e+02
1.290119614800532721e+00 1.139832688482270484e+01 4.238256123735030201e+02
1.312625834696374394e+00 1.138141463102332729e+01 3.776999698293988672e+02
1.335201943852651008e+00 1.136159213844361560e+01 3.369792270701073562e+02
1.357822921454616694e+00 1.134427331262089567e+01 3.010134535736810903e+02
1.380480254877610058e+00 1.132241484395274078e+01 2.672996912530341547e+02
1.403245671884792545e+00 1.130113651585130619e+01 2.398250538959115374e+02
1.425841265706136785e+00 1.128191994420214073e+01 2.142891195767456338e+02
1.448477295468225234e+00 1.125942332111151600e+01 1.919622801736118731e+02
1.471086558942102496e+00 1.123853193875854828e+01 1.717799191903204417e+02
1.493641862649448981e+00 1.121568011182189650e+01 1.537114785953973524e+02
1.516208292937773816e+00 1.119419883505008784e+01 1.376321655220862965e+02
1.538487671590757833e+00 1.117085345260244544e+01 1.234057988295514718e+02
1.560791591783898591e+00 1.114823926444896429e+01 1.104506338197266615e+02
1.582830091099128422e+00 1.112411454841525149e+01 9.941155167238053991e+01
1.604763889523977305e+00 1.109971290352481788e+01 8.925033921285390193e+01
1.626499758897931969e+00 1.107526193762970834e+01 8.019183221696751218e+01
1.648021390478917825e+00 1.105012261222594816e+01 7.212813342090328206e+01
1.669304474612241407e+00 1.102456269906902797e+01 6.494978527590480155e+01
1.690326064990341992e+00 1.099853661926302451e+01 5.853526495185324308e+01
1.711068752370726420e+00 1.097210842264349395e+01 5.265939860558502517e+01
1.731499966953755409e+00 1.094568066668421658e+01 4.763007612215717046e+01
1.751606728517597800e+00 1.091868453292238428e+01 4.307128657642463310e+01
1.771367247219456820e+00 1.089102636507508137e+01 3.892414205038339503e+01
1.790756244882519832e+00 1.086322297414932159e+01 3.527751883442230252e+01
1.809756786982601451e+00 1.083443813454143800e+01 3.193504618684539764e+01
1.828352984603438536e+00 1.080439167839363179e+01 2.895408616712609629e+01
1.846532368818306180e+00 1.077541040835000175e+01 2.628546988619316593e+01
1.864259517072998529e+00 1.074518336647841998e+01 2.381041779348243281e+01
1.881529227559852302e+00 1.071428616792841026e+01 2.178692319090900398e+01
1.898334353326656343e+00 1.068365470765827929e+01 1.983305313955056448e+01
1.914648302213479480e+00 1.065186493296935311e+01 1.809083332174056125e+01
