2.191799393465098389e-01 1.550982308316407554e+01 3.683535669800713658e+06
2.268858543217501800e-01 1.524656130835103873e+01 3.108838552652064711e+06
2.349021777146723389e-01 1.496659371370712677e+01 2.653486889953918289e+06
2.432507063640833023e-01 1.469525153343440138e+01 2.224319072910877410e+06
2.519115201529080195e-01 1.448787488217456598e+01 1.880064214674055111e+06
2.609126783400781413e-01 1.425177904654833760e+01 1.591257058580671670e+06
2.702594084610459579e-01 1.405715056104497407e+01 1.346997077915717382e+06
2.799574085905103260e-01 1.387550182286981837e+01 1.143248582734571537e+06
2.900155054377498431e-01 1.370638849057966802e+01 9.648448690808137180e+05
3.004340351661810016e-01 1.355194286100862833e+01 8.163070191530514276e+05
3.112211577541472707e-01 1.340555582056933304e+01 6.928458996593578486e+05
3.223795792610614219e-01 1.327974322241279914e+01 5.865478274620166048e+05
3.339364742461847779e-01 1.315412890827193415e+01 4.966767849994087592e+05
3.458682556029272215e-01 1.302890473860828813e+01 4.212286673651473830e+05
3.582055584925687985e-01 1.293134975418640131e+01 3.572600407304671826e+05
3.709366588226626349e-01 1.283390967760883150e+01 3.023832472762707621e+05
3.840845563701789089e-01 1.274251993629547108e+01 2.570507987940004678e+05
3.976469903928431249e-01 1.265836107074108696e+01 2.180510885206481325e+05
4.115847867621197365e-01 1.258219830519578331e+01 1.849377339540956891e+05
4.259686564841047018e-01 1.250968567856689972e+01 1.573747639591522748e+05
4.407424859141849671e-01 1.244369665737561448e+01 1.337245267920709739e+05
4.559582821558108567e-01 1.237968813108710897e+01 1.138615324498805130e+05
4.716070388237900701e-01 1.232634497813442742e+01 9.588320412004923855e+04
4.876461760815129498e-01 1.227042742755453375e+01 8.241548491228508647e+04
5.040837089904979251e-01 1.222155607612490336e+01 7.032594869426178047e+04
5.209574479014219550e-01 1.217733806421570186e+01 5.985016915697677177e+04
5.382464561466064890e-01 1.213411054310194714e+01 5.111846377709957596e+04
5.559498450567283978e-01 1.209377777726394321e+01 4.354336893049092032e+04
5.740328401721567220e-01 1.205684815483649786e+01 3.727582093238840025e+04
5.922065556723303814e-01 1.202147693299118103e+01 3.192308851186458924e+04
6.094208820921195313e-01 1.199178227145053732e+01 2.762745110663649393e+04
6.259158971011953287e-01 1.195979304611932292e+01 2.411186721053997826e+04
6.420252323935699001e-01 1.192838735053852872e+01 2.111684799168827885e+04
6.579259977348566046e-01 1.189404173250965790e+01 1.856959420148003483e+04
6.737902463594511726e-01 1.186236612856065697e+01 1.630808574551495803e+04
6.897098562322671045e-01 1.183022335213475884e+01 1.433715616621279514e+04
7.058781613800579890e-01 1.179715390916677542e+01 1.259891554106331387e+04
7.221684632391244252e-01 1.176185552108258570e+01 1.107353085961835131e+04
7.388414283796890247e-01 1.172671352387644461e+01 9.718502737743830949e+03
7.559050856164271082e-01 1.169237906418321415e+01 8.517533673610163532e+03
7.734159492595042984e-01 1.165738409066639747e+01 7.468592602669838925e+03
7.914139944301825658e-01 1.162318945769503920e+01 6.525491007256574449e+03
8.099392350184101419e-01 1.158753446289196098e+01 5.699052290935162091e+03
8.290240861784826665e-01 1.155327661968141228e+01 4.925734678601961605e+03
8.486871744608184276e-01 1.151658418935030248e+01 4.323344782969827065e+03
8.689737464786497778e-01 1.148463299308338392e+01 3.760603952087179550e+03
8.898862540583988290e-01 1.145194986313343044e+01 3.260300274852823804e+03
9.114416017705447848e-01 1.141986109012795225e+01 2.825171927344040341e+03
9.336498999701978718e-01 1.138802239435228358e+01 2.448839300583581007e+03
9.565075402861863418e-01 1.135759392975812432e+01 2.114101249668426590e+03
9.800371528428847290e-01 1.132805626133119148e+01 1.826187659506274713e+03
1.004212227372699218e+00 1.129823605501677086e+01 1.577827560785018022e+03
1.029034764787267076e+00 1.127190137466787867e+01 1.360753080485035071e+03
1.054492599337957692e+00 1.124373847749391331e+01 1.171862050016919284e+03
1.080565681951370705e+00 1.121762880053848654e+01 1.009697072100912351e+03
1.107244291479882792e+00 1.119706676218695662e+01 8.699777409034927587e+02
1.134502736425805569e+00 1.116821494498511669e+01 7.492078326747699748e+02
1.162300516049012300e+00 1.114433101957316374e+01 6.447400219749110875e+02
1.190612597809724171e+00 1.112230734265037135e+01 5.550442502367239967e+02
1.219418490184922543e+00 1.110311168825930572e+01 4.780515312703676614e+02
1.248662499021700567e+00 1.107981999989669930e+01 4.116526301129514422e+02
1.278311805826882974e+00 1.105948707472481196e+01 3.549542886126214967e+02
1.308328683451362551e+00 1.104230901583922453e+01 3.059117557702734871e+02
1.338668819661609444e+00 1.102114628879777136e+01 2.638639969762070905e+02
1.369271417382736944e+00 1.100113676358139791e+01 2.277723391793108192e+02
1.400095897885985208e+00 1.098170292606568488e+01 1.968032785193660459e+02
1.431090403718456638e+00 1.096395991235691092e+01 1.701406759644195574e+02
1.462198745192889282e+00 1.094703002922232749e+01 1.472929767123599163e+02
1.493366806509309086e+00 1.092759391924768941e+01 1.277471235145920474e+02
1.524543686876444148e+00 1.090958898539032518e+01 1.108149828771014427e+02
1.555670739054166640e+00 1.089149965460820013e+01 9.622408774790970654e+01
1.586692885386113971e+00 1.087365806277693814e+01 8.343807545574749440e+01
1.617552311348092076e+00 1.085539380833145628e+01 7.289158294496574797e+01
1.647970942975712116e+00 1.083670884340321550e+01 6.356439513313416967e+01
1.677081368501583958e+00 1.081764682561701107e+01 5.575508632786253571e+01
1.704775951932218536e+00 1.079732671235526809e+01 4.917709904116176034e+01
1.731087472337611066e+00 1.077625255710652574e+01 4.351307104091424804e+01
1.756038084146126943e+00 1.075326116306758273e+01 3.856286961134701130e+01
1.779668855936243688e+00 1.072829778651300003e+01 3.453328995713308558e+01
1.802011934157977446e+00 1.070171447076816662e+01 3.090385271959005564e+01
1.823120066235728309e+00 1.067283809848331799e+01 2.775192512092469244e+01
1.843016336487736107e+00 1.064334432309825829e+01 2.499160783274568232e+01
1.861743156170209801e+00 1.061246604653773851e+01 2.249494828443254235e+01
1.879332980379200269e+00 1.057862218644260111e+01 2.042217036230146832e+01
1.895815562944566324e+00 1.054324432198694872e+01 1.853554922963402163e+01
1.911253031315221618e+00 1.050770700096596499e+01 1.684478643086109884e+01
1.925568741167508646e+00 1.046927400866282731e+01 1.535831123621304251e+01
1.938899291733410690e+00 1.043035078693994322e+01 1.402244071244713375e+01
1.951225010673776072e+00 1.038964537828821122e+01 1.279763824771741199e+01
1.962706094049482264e+00 1.034851633975344676e+01 1.176515282000318230e+01
1.973204646202054713e+00 1.030563817167471363e+01 1.079993515084936995e+01
1.982721729217464590e+00 1.026180506260098291e+01 9.915197767178314692e+00
1.991137944040365149e+00 1.021598703934319907e+01 9.145807904176882275e+00
1.998876241322978808e+00 1.017014345883955961e+01 8.461236095055774342e+00
2.005901800912068822e+00 1.012364764041493892e+01 7.835046805572630113e+00
2.011839822186080706e+00 1.007534672591189739e+01 7.264537073564087066e+00
2.017143641752975114e+00 1.002673297240494499e+01 6.723331996121829413e+00
2.021605486083899006e+00 9.977475367551475571e+00 6.272150860848689113e+00
2.025481167484989964e+00 9.928091169086146195e+00 5.843545843259295047e+00
2.028366548778899769e+00 9.877068101134526046e+00 5.442263088478722644e+00
