2.191799393465098389e-01 1.550982308316407554e+01 3.683535669800713658e+06
2.261470526563019445e-01 1.523609146507397227e+01 3.162858794705243316e+06
2.333520592324874465e-01 1.499511443820759737e+01 2.715699028371606488e+06
2.408395502108324759e-01 1.476549142890697652e+01 2.332564373796116095e+06
2.485644850620686297e-01 1.458235397560026314e+01 2.004508467118317261e+06
2.565757024575709977e-01 1.435192200131739604e+01 1.727460885506003397e+06
2.648651647176704094e-01 1.416288998528551346e+01 1.481400104354668641e+06
2.734392021845890586e-01 1.399704670702385556e+01 1.276173655753834872e+06
2.823032654852601908e-01 1.383551824803225294e+01 1.096099544521115487e+06
2.914655727834984389e-01 1.368509516697467099e+01 9.437811852936906507e+05
3.009210539348946556e-01 1.354534783538939102e+01 8.116858505257273791e+05
3.106773833602348156e-01 1.341964001641737880e+01 6.971928234775516903e+05
3.207573103016099769e-01 1.329052536309882981e+01 5.997188098591649905e+05
3.311172307186241448e-01 1.318247055745183083e+01 5.165080482748115901e+05
3.418155697328705833e-01 1.307509714051972338e+01 4.447312721466349321e+05
3.528314678789442049e-01 1.298339246693907256e+01 3.831967922441779519e+05
3.642010571067330615e-01 1.288541566336061983e+01 3.303886361567559652e+05
3.758495994189545719e-01 1.279840935024829740e+01 2.847182718056218582e+05
3.878592694131213769e-01 1.271705938300794259e+01 2.453000975726651668e+05
4.002026138800772737e-01 1.264098749347951056e+01 2.118632581028112327e+05
4.128754992490691333e-01 1.257590770304875605e+01 1.828245194773205731e+05
4.259090505855955278e-01 1.251007687105494171e+01 1.573143207814558118e+05
4.392501587160686505e-01 1.244765194345818315e+01 1.360852539961641305e+05
4.529569462493155396e-01 1.239240339033127292e+01 1.174121588634509972e+05
4.670176961054414710e-01 1.234520186770688355e+01 1.012842734551545145e+05
4.813951557577362816e-01 1.229074574324642732e+01 8.771027837207163975e+04
4.961146880749444654e-01 1.224409517303049455e+01 7.602487195420401986e+04
5.111756196350810688e-01 1.220163607900903990e+01 6.568280903422397387e+04
5.265802764049117846e-01 1.216049571857191403e+01 5.684954187233118864e+04
5.423246400505070675e-01 1.212387564047515198e+01 4.928424831670346612e+04
5.584078045793685607e-01 1.208884568067603738e+01 4.263380388485154981e+04
5.747931284181742040e-01 1.205343062412877053e+01 3.702422333266962960e+04
5.913618625369370108e-01 1.202426029501714311e+01 3.196912560271438269e+04
6.076900830164612133e-01 1.199321387624663693e+01 2.808566647092835046e+04
6.238959247904451999e-01 1.196525234174787755e+01 2.460632616442779181e+04
6.401224710270090323e-01 1.193775340465511725e+01 2.156114390946843923e+04
6.564955150983773358e-01 1.191155090887102475e+01 1.892718968128458800e+04
6.731275530774580851e-01 1.188410574394785435e+01 1.663392439551826828e+04
6.900758730698162147e-01 1.185898775387919812e+01 1.458749592007305364e+04
7.074706445606717686e-01 1.183437076424273116e+01 1.280253048545857382e+04
7.252884109266536372e-01 1.180899379064126364e+01 1.121521015824267124e+04
7.435151312977354987e-01 1.178470102955671628e+01 9.735395415610901182e+03
7.623474401749359419e-01 1.176225053543559085e+01 8.590979145188886832e+03
7.817645349521621378e-01 1.173736231853475331e+01 7.506072387877726214e+03
8.017848393447759570e-01 1.171623068388890587e+01 6.548879358383485851e+03
8.224514131778655202e-01 1.169588386541044756e+01 5.697368554167764160e+03
8.437758094591583102e-01 1.167319481192345876e+01 4.961631539301522935e+03
8.657902844039664370e-01 1.165721140596721028e+01 4.311416064379148338e+03
8.885023527946032118e-01 1.163862151666162070e+01 3.743886559248500362e+03
9.114380854357853057e-01 1.162028206335710401e+01 3.256372668824978518e+03
9.341041548854386312e-01 1.160603648415174582e+01 2.844130226531963217e+03
9.565702195526416540e-01 1.159161158066516251e+01 2.492303449592358447e+03
9.788550620384489642e-01 1.157581826049243467e+01 2.189051819770005750e+03
1.001007332314033382e+00 1.155982624509159606e+01 1.923987027135630797e+03
1.023067625076413467e+00 1.154456260088083575e+01 1.694999070249786200e+03
1.045039936409023040e+00 1.152589455879391522e+01 1.497080986788531391e+03
1.066969364458577596e+00 1.150965832257689669e+01 1.322292158358847018e+03
1.088853459852722860e+00 1.149008634206623647e+01 1.171275456986524659e+03
1.110729990824594893e+00 1.147056610305128288e+01 1.035807188496630260e+03
1.132603922777648542e+00 1.145147057346910913e+01 9.187314985667538849e+02
1.154463101448842455e+00 1.143048339376417566e+01 8.151586294911875257e+02
1.176339303294453575e+00 1.141074380617087414e+01 7.226789835100622668e+02
1.198217234347229043e+00 1.138874141137519480e+01 6.418581629541541815e+02
1.220117554758471057e+00 1.136587513508115421e+01 5.704306464483668151e+02
1.242022195321083711e+00 1.134360612907312316e+01 5.067958697309464924e+02
1.263928450130140213e+00 1.132116638534958852e+01 4.506976634009068903e+02
1.285836222931267425e+00 1.129672676105688289e+01 4.011769442559161689e+02
1.307737342488269672e+00 1.127539726555043664e+01 3.548256492577610288e+02
1.329728559571746738e+00 1.124818509197544536e+01 3.178087568056577084e+02
1.351455225335308263e+00 1.122326993089954961e+01 2.817012910232406853e+02
1.373324384285149691e+00 1.119487174179717393e+01 2.509691403818376045e+02
1.394985573540998836e+00 1.116889038672114154e+01 2.251468742625755795e+02
1.416767015889147885e+00 1.114108241760719054e+01 2.006075045599441751e+02
1.438208660136506722e+00 1.111373251957546948e+01 1.795442264619618413e+02
1.459664114333079299e+00 1.108462498558068710e+01 1.602600281499128414e+02
1.480976958631401663e+00 1.105486021713233669e+01 1.434099946097581153e+02
1.502141072968316449e+00 1.102553531287166599e+01 1.281608017651760747e+02
1.523229258432032829e+00 1.099574741085431562e+01 1.145200289742324458e+02
1.543921716350669326e+00 1.096465758439622995e+01 1.027186529476170449e+02
1.564495484408795711e+00 1.093387934024789310e+01 9.212879337089560750e+01
1.584828212629739497e+00 1.090111146734887093e+01 8.270433136857589318e+01
1.604989996331580349e+00 1.086984625124957660e+01 7.363955970663633366e+01
1.624697350909681370e+00 1.083604604862315313e+01 6.669650641706643057e+01
1.644272885761721037e+00 1.080377417454110933e+01 5.997751549153181116e+01
1.663337712930051726e+00 1.076931616343341780e+01 5.402782238153609740e+01
1.682151228602714044e+00 1.073524777452744772e+01 4.864627169826922426e+01
1.700602638889342932e+00 1.070019042673983911e+01 4.386088664988248809e+01
1.718643175172666293e+00 1.066454858442089382e+01 3.960770704292924904e+01
1.736287321654547133e+00 1.062857512600672294e+01 3.568884882207948550e+01
1.753503744408758669e+00 1.059246962659749691e+01 3.232633695276403074e+01
1.770272129466108124e+00 1.055565064752290105e+01 2.936239425883920262e+01
1.786588375317891719e+00 1.051857494527192394e+01 2.659160719906862624e+01
1.802420932614489990e+00 1.048046450818017838e+01 2.412396241018276655e+01
1.817744946000381612e+00 1.044281792073167026e+01 2.195395923611073030e+01
1.832576484420630925e+00 1.040417962286823794e+01 1.997395702431018094e+01
1.846891294454714894e+00 1.036513008343236564e+01 1.820389295200901003e+01
1.860672217653117189e+00 1.032493115129314454e+01 1.660102167724338784e+01
1.873909691527088972e+00 1.028543496145890224e+01 1.517286588662619984e+01
1.886602870965322865e+00 1.024560296395746128e+01 1.386358369514906030e+01
1.898735213141073963e+00 1.020455631649276995e+01 1.266037220390214202e+01
