2.191799393465098389e-01 1.550982308316407554e+01 3.683535669800713658e+06
2.254851614428805273e-01 1.526230733748449353e+01 3.217068286167852581e+06
2.320019298322699708e-01 1.504334528738122323e+01 2.809762462443734985e+06
2.387344914252300387e-01 1.484179552334101260e+01 2.443873045026922598e+06
2.456892383266835733e-01 1.461957507739934314e+01 2.126397033203084022e+06
2.528590746001312950e-01 1.445026110715399525e+01 1.858172379160807235e+06
2.602587151350012062e-01 1.426074055749832681e+01 1.609088333191292128e+06
2.678895522409677765e-01 1.411071514164452623e+01 1.411587541438568616e+06
2.757568805820705959e-01 1.395004330213375532e+01 1.226911003450899385e+06
2.838648262574162695e-01 1.380160895153333378e+01 1.069014704176948871e+06
2.922216496769023397e-01 1.367787142486958629e+01 9.323017050411837408e+05
3.008176929658598064e-01 1.354700995420977527e+01 8.037262003597264411e+05
3.096510225715563003e-01 1.342282925070416866e+01 7.095280695436460664e+05
3.187485319488236324e-01 1.332153146524973764e+01 6.180724962400267832e+05
3.281154664728132553e-01 1.321161706825981774e+01 5.357034762290836079e+05
3.377238701286682798e-01 1.311227383526951940e+01 4.704515541303361533e+05
3.476051856547149876e-01 1.302240056610737717e+01 4.117231514661581023e+05
3.577547970674169742e-01 1.293594594566577349e+01 3.590437617842495092e+05
3.681746650224714812e-01 1.285437537614346404e+01 3.135412319949980010e+05
3.788890283195412989e-01 1.277636701047072876e+01 2.742807652444732375e+05
3.898308862524961782e-01 1.270485760613992099e+01 2.397223984879108029e+05
4.011007064245515896e-01 1.263779978502788381e+01 2.090727966122042853e+05
4.125956456072076284e-01 1.257693210579968657e+01 1.826622921529865416e+05
4.244223117152114977e-01 1.251941181648936308e+01 1.602332055317165796e+05
4.364828087833881876e-01 1.246120183947188842e+01 1.402137516813366092e+05
4.488566296681006929e-01 1.240934021385698216e+01 1.225576191567832138e+05
4.615081537124299804e-01 1.236101505127181177e+01 1.075617922884994332e+05
4.744271939149402040e-01 1.231484278174549551e+01 9.399293912684239331e+04
4.876434324751858784e-01 1.226969475859221603e+01 8.251751614167248772e+04
5.011122131652780975e-01 1.222923636915484735e+01 7.232200978564297839e+04
5.148801683288120046e-01 1.219192168130335396e+01 6.338267875614674995e+04
5.289301656198917012e-01 1.215626991508855959e+01 5.563945034473246051e+04
5.432592858059660523e-01 1.212075811531896008e+01 4.882499417583180912e+04
5.578676368422069709e-01 1.209026449658139057e+01 4.286990847802803910e+04
5.727239228036631324e-01 1.205877018989449923e+01 3.766952565786558262e+04
5.878617638749590313e-01 1.203139101822712220e+01 3.279604433326936851e+04
6.033241452792491577e-01 1.200168103791137320e+01 2.913770962850428259e+04
6.191822359881455906e-01 1.197778816986422612e+01 2.562172922532795565e+04
6.355183222071565385e-01 1.195328822255761203e+01 2.249633546845266392e+04
6.523908189290857917e-01 1.193057139665729238e+01 1.971148197264299961e+04
6.698639034511294499e-01 1.190878034753423798e+01 1.726766955918720123e+04
6.879503086939429135e-01 1.189086134043796328e+01 1.510318225506735325e+04
7.067243182005928936e-01 1.186909902522785920e+01 1.320025653300854174e+04
7.262115375077501378e-01 1.185405277572041172e+01 1.150106217572049536e+04
7.464367769607329617e-01 1.184102023304249762e+01 1.002983776966803634e+04
7.674419024637851861e-01 1.182723326198824410e+01 8.718990250761768039e+03
7.892418766946808217e-01 1.181613769967543703e+01 7.570213213328752317e+03
8.118729134459459207e-01 1.180871668897919058e+01 6.571261312807007926e+03
8.353335419038623311e-01 1.180176545429694812e+01 5.690999760828432954e+03
8.589949121807080035e-01 1.179711529667187087e+01 4.944336522339151998e+03
8.823839164398582513e-01 1.179471542343227242e+01 4.317165068370379231e+03
9.055434171530694076e-01 1.178970916901371879e+01 3.781754178068300462e+03
9.285285753669192399e-01 1.178791066259975118e+01 3.321630779313719358e+03
9.514004248930255647e-01 1.178237419343075665e+01 2.925032780965912934e+03
9.741906396672626034e-01 1.178019437607888520e+01 2.583148905014216780e+03
9.969137255839880529e-01 1.177417608990518971e+01 2.283762913145636503e+03
1.019650797284034960e+00 1.177139194657924115e+01 2.021973368104791689e+03
1.042361989295787383e+00 1.177052821622549494e+01 1.793160146660633927e+03
1.065117941745338914e+00 1.176117738399947577e+01 1.590561869452974406e+03
1.087907252063865071e+00 1.175609458008100461e+01 1.414689014881338835e+03
1.110755201936862724e+00 1.174812381062131905e+01 1.258071431619049008e+03
1.133670757295073050e+00 1.174252600987194839e+01 1.118844454776068915e+03
1.156657959560340121e+00 1.173712600387200844e+01 9.957176264989918764e+02
1.179758481346371957e+00 1.172700700982068156e+01 8.869707100373252615e+02
1.202897403664084042e+00 1.172234231552593364e+01 7.904219513881553212e+02
1.226146554961291546e+00 1.170939330083555774e+01 7.056783443733276044e+02
1.249471571872845299e+00 1.169961601417843688e+01 6.287372694955262205e+02
1.272884308486835092e+00 1.169236975348065855e+01 5.619938418704873584e+02
1.296375440289782022e+00 1.167919172400436878e+01 5.017473020714360814e+02
1.320036056561587401e+00 1.166942837507645692e+01 4.477519122546012227e+02
1.343567538270477701e+00 1.165666824613959740e+01 3.979280332445272279e+02
1.367257198758337289e+00 1.164714993522155773e+01 3.580085691948828526e+02
1.390953567647360334e+00 1.163146638415513578e+01 3.203638256418394121e+02
1.414703182153200567e+00 1.161986399934115965e+01 2.848101190380032222e+02
1.438468169654526063e+00 1.160517243383957897e+01 2.565459700500270515e+02
1.462225286626067211e+00 1.159040540333968039e+01 2.298643536080738272e+02
1.485971738756949545e+00 1.157525873548453177e+01 2.051059027118677420e+02
1.509675959535933032e+00 1.156086607766279251e+01 1.845817703744451705e+02
1.533331651427803477e+00 1.154637263711191864e+01 1.656256236062402252e+02
1.556913174825825141e+00 1.152855402888708625e+01 1.486432348485514296e+02
1.580395047746082415e+00 1.151244633836891929e+01 1.333801635437923778e+02
1.603789689746535352e+00 1.149415001217045429e+01 1.199946139891614791e+02
1.627034056879181012e+00 1.147651680843896749e+01 1.079108090141962606e+02
1.650128819559088855e+00 1.145813414938328201e+01 9.710848386437628221e+01
1.673050833637542034e+00 1.143914789583917191e+01 8.702657858698466953e+01
1.695770029024769920e+00 1.141965429791376607e+01 7.881273422300006359e+01
1.718279679349158373e+00 1.139994746776480028e+01 7.107412945414743888e+01
1.740543688861099447e+00 1.137817651448354006e+01 6.386481088986133159e+01
1.762539291850688583e+00 1.135680552874207550e+01 5.795322286368168108e+01
1.784268466011989185e+00 1.133565952880245398e+01 5.234063793695682421e+01
1.805683259174048150e+00 1.131285756322807856e+01 4.724728439494882792e+01
1.826782960355207708e+00 1.128992047905455998e+01 4.272155433744948994e+01
1.847682582056223044e+00 1.126746441837384616e+01 3.865552809053961880e+01
1.867921369639312434e+00 1.124266503585023891e+01 3.527677224706516057e+01
1.887926412859677328e+00 1.121818993308611923e+01 3.204302482238027494e+01
1.907531801074963562e+00 1.119290348967476056e+01 2.910318276118406899e+01
1.926717581157722181e+00 1.116726264564250037e+01 2.651085175927304505e+01
1.945467222653486372e+00 1.114054206258714252e+01 2.413173066773393316e+01
1.963771880269573167e+00 1.111388862833075208e+01 2.199474803632293529e+01
1.981610105545856815e+00 1.108661588234494566e+01 2.008272965739094573e+01
