2.191799393465098389e-01 1.550982308316407554e+01 3.683535669800713658e+06
2.247567517710028218e-01 1.529509497967781328e+01 3.272848996505723801e+06
2.304703368802529795e-01 1.508636329859900371e+01 2.882152394238207955e+06
2.363706773325127963e-01 1.489140779794482938e+01 2.563609888034601696e+06
2.424436591535245877e-01 1.472157176236164489e+01 2.261861152806818020e+06
2.486737259553600532e-01 1.454808196012794852e+01 2.005496819445649860e+06
2.550860396703166222e-01 1.438799515347315072e+01 1.772398327679724433e+06
2.616760752112712862e-01 1.426320421521228177e+01 1.570253688191929832e+06
2.684500393994622702e-01 1.408939968659802844e+01 1.392252157464917284e+06
2.754079335447179866e-01 1.395497530062855951e+01 1.234111502961973893e+06
2.825537774395619484e-01 1.383077922364463852e+01 1.091104454301458085e+06
2.898901962761327722e-01 1.370780473551100620e+01 9.657284968386754626e+05
2.974079513854042123e-01 1.359809535187283025e+01 8.569837618209278444e+05
3.051298524826956404e-01 1.348861888244346474e+01 7.593004374605184421e+05
3.130435795576261837e-01 1.338326488114476831e+01 6.733218664850594942e+05
3.211694176222547603e-01 1.328930985797379094e+01 5.969026461336566135e+05
3.294832935086867143e-01 1.320342915053436883e+01 5.293521371429298306e+05
3.380016758511680264e-01 1.310979807786141826e+01 4.690695052311506006e+05
3.467303597099894996e-01 1.302848978096217358e+01 4.160632819360705325e+05
3.556872442362125075e-01 1.295307671556908602e+01 3.695101871866147267e+05
3.648277375052511040e-01 1.287717386322444746e+01 3.276543339900959982e+05
3.741750049362290720e-01 1.280889143755035064e+01 2.907551169127217145e+05
3.837592845345966786e-01 1.274425233541479408e+01 2.578378614953854994e+05
3.935415777284925198e-01 1.268256572212708910e+01 2.294091273733832350e+05
4.035472853422713557e-01 1.262325428554388473e+01 2.032919883332851168e+05
4.137670099268493384e-01 1.257037240460626926e+01 1.805664930635927594e+05
4.242195642434106739e-01 1.251957679554028680e+01 1.604893967558145814e+05
4.348878341427245275e-01 1.247065787444881657e+01 1.424438491270283412e+05
4.457669288752362236e-01 1.242257052630071534e+01 1.266926996072551992e+05
4.568649551532665276e-01 1.237879241475033965e+01 1.125789207286832825e+05
4.682006104729276030e-01 1.233530508826086880e+01 1.002657064975525282e+05
4.797430697086943474e-01 1.229543056377523058e+01 8.943497278705824283e+04
4.915008259802052248e-01 1.225338324529577072e+01 7.936089435427950229e+04
5.034728820357983192e-01 1.222209726166828325e+01 7.069793484091010760e+04
5.156733287670250965e-01 1.219045173781871227e+01 6.289104381552820269e+04
5.280935128486667907e-01 1.215615868266306521e+01 5.607373422106303769e+04
5.407322626574906366e-01 1.212789001113753429e+01 4.994246389404496585e+04
5.535891797368714951e-01 1.209882382647748678e+01 4.452368237414756732e+04
5.666649870809652434e-01 1.207373643616349668e+01 3.973185686860406713e+04
5.799090206912462797e-01 1.204449597962365104e+01 3.539079227886465378e+04
5.932688101766954158e-01 1.202120869825554728e+01 3.160432947598710598e+04
6.066005071245937907e-01 1.199712305872119522e+01 2.828451442641028916e+04
6.199684038381857443e-01 1.197453311195967274e+01 2.539000451571273879e+04
6.334113024180795248e-01 1.195161268479994909e+01 2.261655989756153940e+04
6.470695806212097834e-01 1.193222204017184396e+01 2.042745813001012357e+04
6.609330390717966797e-01 1.190986603947482259e+01 1.835573772359834402e+04
6.750884831544533560e-01 1.188928585829123818e+01 1.645742821128746436e+04
6.895787736679097613e-01 1.187048947210766059e+01 1.473920804162274362e+04
7.043058495820322396e-01 1.185129184501810684e+01 1.322959562059651398e+04
7.194897901344663449e-01 1.183294363989593379e+01 1.182954071213136194e+04
7.349608381181628181e-01 1.181298430609246886e+01 1.059188300760230595e+04
7.508960761839436060e-01 1.179625000735045859e+01 9.379979933243939740e+03
7.672603516296578885e-01 1.178126268928646603e+01 8.380605373910153503e+03
7.840600797407523137e-01 1.176563465700587585e+01 7.548711995276139533e+03
8.013339359617598356e-01 1.175225584872372231e+01 6.729040896371359850e+03
8.190972613330930185e-01 1.173955819526254096e+01 5.991176447658453071e+03
8.373326336915019041e-01 1.172639769212677230e+01 5.334010549965391874e+03
8.559412967744841616e-01 1.171264222850388315e+01 4.757722056879028969e+03
8.747575274044108173e-01 1.170080347640425344e+01 4.214818723987458725e+03
8.938044603493979778e-01 1.169142443230171580e+01 3.773997200562680064e+03
9.131213508361606390e-01 1.168652900399504446e+01 3.366476408433893084e+03
9.326135389320975300e-01 1.167582588284698453e+01 3.005251735091169849e+03
9.523981750824250803e-01 1.166577444817851905e+01 2.671679466171199692e+03
9.724402507883771474e-01 1.165831449110251228e+01 2.394048676838678148e+03
9.927723404679621444e-01 1.165025975474929609e+01 2.139844809210196217e+03
1.013391355863516585e+00 1.164290929866797875e+01 1.911223828359641402e+03
1.034249694227749039e+00 1.163557681129963406e+01 1.708986413044374103e+03
1.055424327676891982e+00 1.162767353652536251e+01 1.527611047956783068e+03
1.076850470926786318e+00 1.162258856515521011e+01 1.365414993167544708e+03
1.098560466759260112e+00 1.161573554619335624e+01 1.220993816050046462e+03
1.120567453287938608e+00 1.161205968834088154e+01 1.091044814669998232e+03
1.142831232354871052e+00 1.160465687668803625e+01 9.763272710580034754e+02
1.165363793482916188e+00 1.159863813244720809e+01 8.739256077165803163e+02
1.188163987237229602e+00 1.159463584359637878e+01 7.817128999751531637e+02
1.211214688761073743e+00 1.158926480623369493e+01 6.988668140795000454e+02
1.234491691583605499e+00 1.158680698122533492e+01 6.235319114718995479e+02
1.258021187327515999e+00 1.157877955387665381e+01 5.604848905650204642e+02
1.281755389206703066e+00 1.157755521707917623e+01 5.024717133798778832e+02
1.305719935752544636e+00 1.156960793788292285e+01 4.483348948825216667e+02
1.329866531780394379e+00 1.156502702850532849e+01 4.031680960630721415e+02
1.354212912464370033e+00 1.156368006783356606e+01 3.612903373740505799e+02
1.378791584241080947e+00 1.155674868248676468e+01 3.239570578115162220e+02
1.403388870489080231e+00 1.155386482375157264e+01 2.909436164101965119e+02
1.428239311510576925e+00 1.154771899672837598e+01 2.611246186378060656e+02
1.453084448252039751e+00 1.154218171469002741e+01 2.345582651591810475e+02
1.478101672414202872e+00 1.153737704787079288e+01 2.106235625571259220e+02
1.503248077980337216e+00 1.153323760880636151e+01 1.894110857031341197e+02
1.528419823716369974e+00 1.152932847852527765e+01 1.701471446915508636e+02
1.553537555538489379e+00 1.152313150672902076e+01 1.533092773073991850e+02
1.578752781451876475e+00 1.151786756671612721e+01 1.375004732552204985e+02
1.603977536626099987e+00 1.151320332326830176e+01 1.243155506893433113e+02
1.629162099577081690e+00 1.150677733344297593e+01 1.120550957885732686e+02
1.654365405532866928e+00 1.150267456979873693e+01 1.010019364732627452e+02
1.679452679476562960e+00 1.149570510345574270e+01 9.072427684074307308e+01
1.704418202968256857e+00 1.148774714391767127e+01 8.240999486958486386e+01
1.729387801207317610e+00 1.148145129413613574e+01 7.440405497754325381e+01
1.754057595805849745e+00 1.147449653468806297e+01 6.741998857026517555e+01
1.778665314364727967e+00 1.146676426907141888e+01 6.103260764222579127e+01
1.803097375337645136e+00 1.145857517822534000e+01 5.528258203587295583e+01
1.827335593898038901e+00 1.145007236650232407e+01 5.016625961326555228e+01
