2.191799393465098389e-01 1.550982308316407554e+01 3.683535669800713658e+06
2.258529648580635818e-01 1.524894666557281120e+01 3.180019223718427587e+06
2.327390795483009200e-01 1.501096971146215431e+01 2.758013951442532707e+06
2.398776411379771045e-01 1.478965481538024562e+01 2.368834852274245583e+06
2.472546942642860346e-01 1.458447596047588490e+01 2.058762469990647631e+06
2.548890894626686388e-01 1.439559730444494789e+01 1.762844475259254687e+06
2.627627802072788343e-01 1.421277399554139009e+01 1.541147862036381848e+06
2.709048459006259124e-01 1.404235873614896768e+01 1.332885138228061376e+06
2.793119067546215306e-01 1.388871800633322096e+01 1.150867048793894937e+06
2.879882641532476306e-01 1.374212572403175869e+01 9.991508341618037084e+05
2.969285301311161973e-01 1.360188403650465183e+01 8.635575792886775453e+05
3.061530618562887662e-01 1.347068585475083324e+01 7.470105379581782036e+05
3.156578264359312103e-01 1.334379032116456187e+01 6.471589383639412699e+05
3.254446932712722340e-01 1.324725389090487049e+01 5.600807349047060125e+05
3.355248390314067852e-01 1.313605743150166738e+01 4.863924500833610073e+05
3.458966214859559019e-01 1.303617200031612455e+01 4.212642905924878432e+05
3.565745423496017863e-01 1.294923706847806066e+01 3.641657128645086195e+05
3.675334579453042316e-01 1.286089890508261213e+01 3.163005471086692996e+05
3.788360327178837972e-01 1.277700316337315911e+01 2.741093096179804998e+05
3.903872254441955736e-01 1.270128597131662040e+01 2.379675069538199459e+05
4.022864446311918418e-01 1.263141923811103240e+01 2.060964438743893115e+05
4.144658530235058036e-01 1.256605709511906888e+01 1.778248298221231380e+05
4.269864230159410856e-01 1.250472665908811720e+01 1.553602657184148266e+05
4.397959413595051159e-01 1.244774160894569270e+01 1.352558596162868489e+05
4.529362342587417989e-01 1.239057528460164725e+01 1.172689890852107928e+05
4.664047287924609764e-01 1.234334529215580112e+01 1.020977099142270308e+05
4.801621229350204745e-01 1.229470994001109396e+01 8.880197994031113922e+04
4.942326425329329198e-01 1.224925294454660296e+01 7.731255825224495493e+04
5.086151797697465726e-01 1.220958208125391309e+01 6.734967527635957231e+04
5.233158004494734561e-01 1.217034372308601498e+01 5.860381329061558063e+04
5.383280195927530043e-01 1.213221201688175910e+01 5.104647653439077840e+04
5.536510379240916491e-01 1.209946506351433904e+01 4.447566516472273361e+04
5.692869022105762067e-01 1.206497578473766907e+01 3.876734316524837050e+04
5.851253888888743315e-01 1.203388645811659785e+01 3.388458177190730930e+04
6.005698767875876642e-01 1.200662712610588478e+01 2.975782779850930456e+04
6.154818144612117514e-01 1.198042683760412608e+01 2.628896195344883381e+04
6.301024859647488263e-01 1.195449738493679348e+01 2.332087619394483045e+04
6.445436843313855357e-01 1.192540544608881525e+01 2.071388444309293482e+04
6.589592056477318049e-01 1.189780415601876307e+01 1.845931303548408687e+04
6.733981866907403635e-01 1.187090077051647263e+01 1.643197512320888200e+04
6.879672379703710705e-01 1.184376814230618535e+01 1.464954389864067889e+04
7.027183207993762393e-01 1.181854609748287110e+01 1.304475623564934722e+04
7.177129460033424557e-01 1.178636093839701360e+01 1.162099382579832127e+04
7.330010344729698257e-01 1.176024030576324364e+01 1.032131611130870260e+04
7.486136789905486477e-01 1.173255495349805955e+01 9.175231627890298114e+03
7.645968161476762726e-01 1.170468881070950395e+01 8.139591746422773213e+03
7.809745239941747741e-01 1.167805636028625038e+01 7.220167224850787534e+03
7.977878371424984572e-01 1.164961702574751534e+01 6.397592861846763299e+03
8.150445387294363853e-01 1.162343043556127142e+01 5.666622091530433863e+03
8.327809673668161716e-01 1.159575837901895312e+01 5.008932593182091296e+03
8.510098001039717586e-01 1.157049849502016414e+01 4.420247105071882288e+03
8.697422890891691738e-01 1.154495533536688967e+01 3.866666483648294161e+03
8.889958473220985757e-01 1.151974325100213115e+01 3.439061425508133652e+03
9.087866610063558559e-01 1.149694028719954453e+01 3.024267702390213799e+03
9.291064576500196459e-01 1.147181056744738470e+01 2.659099906301449664e+03
9.499696665825565489e-01 1.145257155440547336e+01 2.325453248591448300e+03
9.713751203410807555e-01 1.143206743860178776e+01 2.051466465276520921e+03
9.933262259901260993e-01 1.141008729578565983e+01 1.786822308360933221e+03
1.015817670428924346e+00 1.138859114862112065e+01 1.576257380053704537e+03
1.038837608959327197e+00 1.136633839579114635e+01 1.384500893069777021e+03
1.062382796679793184e+00 1.134767126895405909e+01 1.212940352624018260e+03
1.086439606919806122e+00 1.132986446450225770e+01 1.056698858727047764e+03
1.111000748621602696e+00 1.131535098149113416e+01 9.294231772430287037e+02
1.136049885002951676e+00 1.130009967765855983e+01 8.094667589607782929e+02
1.161562771886671230e+00 1.128204688401228495e+01 7.127357800458130441e+02
1.187523388634783572e+00 1.126596851968587920e+01 6.236794994030151429e+02
1.213917859507722685e+00 1.125242714012541434e+01 5.428269238141922415e+02
1.240707606247686057e+00 1.123756409165612524e+01 4.781843048872536315e+02
1.267872002955950261e+00 1.122483676625053661e+01 4.190203049053092741e+02
1.295384060738020038e+00 1.121464503929636436e+01 3.674618661199959888e+02
1.323218984961504363e+00 1.120277786428457389e+01 3.196051965131354109e+02
1.351339461777597561e+00 1.118877560355896783e+01 2.823193632076233257e+02
1.379710995751887159e+00 1.117783795674374403e+01 2.477292632564781343e+02
1.408301315882695137e+00 1.116567784729122259e+01 2.163327757521824708e+02
1.437087153567352837e+00 1.115464069629835464e+01 1.913711256582608939e+02
1.466009396130384834e+00 1.114707804292445736e+01 1.680243495121424075e+02
1.495009199823918555e+00 1.113332090296461097e+01 1.478923972841219552e+02
1.523628638607996244e+00 1.112339930072569771e+01 1.305248035662507675e+02
1.551743820289264164e+00 1.111467001864997961e+01 1.154358502807806133e+02
1.579351675879609118e+00 1.110037529461927264e+01 1.023915327762758238e+02
1.606401039001967623e+00 1.108803441450161920e+01 9.079379908903793250e+01
1.632894317644525861e+00 1.107572941870065719e+01 8.107742312406291774e+01
1.658846108825816623e+00 1.106167233391619931e+01 7.237310891806093593e+01
1.684247112014066516e+00 1.104653624130792799e+01 6.469434633076120633e+01
1.709062822467548370e+00 1.103072444682383590e+01 5.794365641811169354e+01
1.733323951927006057e+00 1.101409496282253109e+01 5.197959269304511309e+01
1.756953090106599724e+00 1.099619599043559326e+01 4.654963251610311659e+01
1.780005960657600861e+00 1.097813776225146754e+01 4.208431225211194970e+01
1.802453817452265961e+00 1.095804863894015924e+01 3.778986880705246421e+01
1.824324957684071657e+00 1.093751515849849731e+01 3.414247069731509043e+01
1.845614189884678735e+00 1.091596566828328108e+01 3.085545942038984890e+01
1.866132077851277105e+00 1.089318280478561718e+01 2.796944257669878198e+01
1.886122609936005556e+00 1.086990168160849279e+01 2.545673756995723735e+01
1.905451696587003196e+00 1.084548537605270901e+01 2.304253361033273251e+01
1.924231884730609243e+00 1.081989556892740367e+01 2.102538665414398622e+01
1.942191969279945640e+00 1.079376162368458658e+01 1.916028257013033098e+01
1.959598167085931264e+00 1.076649834388590143e+01 1.741215107999616052e+01
1.976344715178480538e+00 1.073821199398612514e+01 1.594966407158902300e+01
1.992547745512169621e+00 1.071011193104470038e+01 1.458509451756853004e+01
2.007871029888768533e+00 1.067941262349337350e+01 1.335881240719076146e+01
