2.191799393465098389e-01 1.550982308316407554e+01 3.683535669800713658e+06
2.252362649278701057e-01 1.527073128380225420e+01 3.225723415837615728e+06
2.314933372409974377e-01 1.506335202281720242e+01 2.843756926943594590e+06
2.379468752508882845e-01 1.486115079430428842e+01 2.480554122171403375e+06
2.446100323369488627e-01 1.467358761298845060e+01 2.174824123549267184e+06
2.514676611730300437e-01 1.447650337384621722e+01 1.897617172542081680e+06
2.585364430676779235e-01 1.433347333265886547e+01 1.662876499041706556e+06
2.658189123309463997e-01 1.414670134331196394e+01 1.458304773489071289e+06
2.733191898944843379e-01 1.400140558369428234e+01 1.279110346522309817e+06
2.810406123757215324e-01 1.385578828672122143e+01 1.117583524853053503e+06
2.889859157734788186e-01 1.372798338214151670e+01 9.840232441525427857e+05
2.971494666168937870e-01 1.359996867663761932e+01 8.602474270806228742e+05
3.055518255531478045e-01 1.347915274753850667e+01 7.550620434470009059e+05
3.141835479718991242e-01 1.337098378119026876e+01 6.623019794418092351e+05
3.230515203612291941e-01 1.326424097047208228e+01 5.803253053603515727e+05
3.321636679841519779e-01 1.316896138082441503e+01 5.096010409589487244e+05
3.415377740613933510e-01 1.307745404145070900e+01 4.462753493810339714e+05
3.511152267575645691e-01 1.298275181120019184e+01 3.919393562028623419e+05
3.609591229619839581e-01 1.291341768796898926e+01 3.435580595123093226e+05
3.710501425630416406e-01 1.283210245874269972e+01 3.021749605427398346e+05
3.814171531173318752e-01 1.276022845527114313e+01 2.653707142005137866e+05
3.920034640633311418e-01 1.269075972003569852e+01 2.314443688354339974e+05
4.028826970234514193e-01 1.262991959100384776e+01 2.046605523812321480e+05
4.139729290157478370e-01 1.256070638145876828e+01 1.805653404469416419e+05
4.253676539603832851e-01 1.251349060188824325e+01 1.583251957142774772e+05
4.369886261043662845e-01 1.245867742999790906e+01 1.393492189475697523e+05
4.488992710640997141e-01 1.241005108869910423e+01 1.224224022480293206e+05
4.610621358608367193e-01 1.236380253259029161e+01 1.078951247272108740e+05
4.734706369115467828e-01 1.231760950341583083e+01 9.493961207329723402e+04
4.861387774715846821e-01 1.227616696395971729e+01 8.356025985831748403e+04
4.990730449040959860e-01 1.223526136210737469e+01 7.350441420543435379e+04
5.122667967768309571e-01 1.219944298122178949e+01 6.506311052405465307e+04
5.257217608330323477e-01 1.216177614302191223e+01 5.724613711856833834e+04
5.394350759739254819e-01 1.213125891003089940e+01 5.060133037467476242e+04
5.534074940767057527e-01 1.209955721923213545e+01 4.460607715791990631e+04
5.676393996848119183e-01 1.207076538998665427e+01 3.936381007827987196e+04
5.820720520093229933e-01 1.203921336331100278e+01 3.484282251494127559e+04
5.965822075660593971e-01 1.201532619239315913e+01 3.074641644960659687e+04
6.110662657639631679e-01 1.198596791775310066e+01 2.733462193222934729e+04
6.256472857502031193e-01 1.196461489283688273e+01 2.427032358957127872e+04
6.403843899541342699e-01 1.194161326357557584e+01 2.156262722022459639e+04
6.553493081072858661e-01 1.191887615389626198e+01 1.917232887345995186e+04
6.706201081829720190e-01 1.189260636311757580e+01 1.705022177818183627e+04
6.862384074825428337e-01 1.187259540160645521e+01 1.511950717334479850e+04
7.022628552875107566e-01 1.185377318444560046e+01 1.342333918614661525e+04
7.187086353881798617e-01 1.183346709631348936e+01 1.188614518093173319e+04
7.355334624980061076e-01 1.181437976371845266e+01 1.054248526886537002e+04
7.528906667973535027e-01 1.179665552336528478e+01 9.329047222236325979e+03
7.707637710136334697e-01 1.177642019086256475e+01 8.250130198524793741e+03
7.891683594030151072e-01 1.176300004132412624e+01 7.222252646037200975e+03
8.081238579005201039e-01 1.174642519278535069e+01 6.430277371283473258e+03
8.276548791413695927e-01 1.173190669752554705e+01 5.675567946082525850e+03
8.477509763484681882e-01 1.171891779696185765e+01 5.001076654004413285e+03
8.680289501273175112e-01 1.170674694587823339e+01 4.410429858740497366e+03
8.883704863862585954e-01 1.170407103367339019e+01 3.894862211829487933e+03
9.088063122107339353e-01 1.168416833048158310e+01 3.450683504308723514e+03
9.292936004330163424e-01 1.167403937211021336e+01 3.058530270923762146e+03
9.499580277156433050e-01 1.166315045729100142e+01 2.712292021667237805e+03
9.707135104277342386e-01 1.165156869766634173e+01 2.410019845908606840e+03
9.916424752741667126e-01 1.164343148436999442e+01 2.143429659507403358e+03
1.012741684505537698e+00 1.163259970200419602e+01 1.905037748536355593e+03
1.034023463167289991e+00 1.162558440973680973e+01 1.693713893173269298e+03
1.055483943161654059e+00 1.161175553189643139e+01 1.508664419511450888e+03
1.077112624711370703e+00 1.160234763922460921e+01 1.344126154896326398e+03
1.098939380038694180e+00 1.159208987276337943e+01 1.197843386123532582e+03
1.120972038660476677e+00 1.158200124123762009e+01 1.067130968751271666e+03
1.143185788830548999e+00 1.157112938960924708e+01 9.511400257042625981e+02
1.165587468953161565e+00 1.156158208925888076e+01 8.442846148965392103e+02
1.188206497721080890e+00 1.155291460460973063e+01 7.555843662276300847e+02
1.210955406718117411e+00 1.154064127161141151e+01 6.745373004483574277e+02
1.234007018683526136e+00 1.153286871359221344e+01 6.021358561604446322e+02
1.257010477536746107e+00 1.152129325465832821e+01 5.380961892656282544e+02
1.280280719165188152e+00 1.150878877271592948e+01 4.801990050892076738e+02
1.303692924269709064e+00 1.149703001351484311e+01 4.298285179488850076e+02
1.327230768347499090e+00 1.148524835931898913e+01 3.835150985427619617e+02
1.351003764271478946e+00 1.147345802364749900e+01 3.426738172006475338e+02
1.374659898420468096e+00 1.146238287506754361e+01 3.066572997180743982e+02
1.398513297607973493e+00 1.144969448608019569e+01 2.744568577345050358e+02
1.422431733838982915e+00 1.143786067546996321e+01 2.457484837199418166e+02
1.446406012977548450e+00 1.142566197284952167e+01 2.200297119856836900e+02
1.470419861536030215e+00 1.141216202081603548e+01 1.970981851255502306e+02
1.494429438350846295e+00 1.139911669817514017e+01 1.766403117415952408e+02
1.518447756399081472e+00 1.138611132553474548e+01 1.579095819152543356e+02
1.542429531295293588e+00 1.137284155963170917e+01 1.423734308140907956e+02
1.566374165210724811e+00 1.135873482925132372e+01 1.277801826807467478e+02
1.590324211807348842e+00 1.134523395737266860e+01 1.144619493155461640e+02
1.614023817506286207e+00 1.133012786097555846e+01 1.030354455265072176e+02
1.637679673472703934e+00 1.131525815782800848e+01 9.293236279520387200e+01
1.661195069923333323e+00 1.129963739369418718e+01 8.383654392993999238e+01
1.684552423540468746e+00 1.128411244977075967e+01 7.555070307852604117e+01
1.707735878740015867e+00 1.126805704680924514e+01 6.811524757242142414e+01
1.730769112033016865e+00 1.125141055900234299e+01 6.119074103274930110e+01
1.753454806332410243e+00 1.123419978595761393e+01 5.553785861429488335e+01
1.775950802334355982e+00 1.121717419829791140e+01 5.026634110526497068e+01
1.798175152517853315e+00 1.119860020882761731e+01 4.532261434411457657e+01
1.820110893273025221e+00 1.118029293298191185e+01 4.098983126650309572e+01
1.841732704662730757e+00 1.116189727214234928e+01 3.730217301748493952e+01
1.863018404056975719e+00 1.114219816290637333e+01 3.388381571955314087e+01
1.883998757666584867e+00 1.112301036893967421e+01 3.065839483533298093e+01
1.904511631678002415e+00 1.110204915614029630e+01 2.801072067951695033e+01
