2.191799393465098389e-01 1.550982308316407554e+01 3.683535669800713658e+06
2.244675721225642406e-01 1.529359258866223570e+01 3.276828759758125059e+06
2.299239159804120913e-01 1.511090762807387122e+01 2.899645088130724151e+06
2.354835808509606887e-01 1.493058270622266548e+01 2.604398651871397160e+06
2.412385001013345465e-01 1.476086827278589197e+01 2.318839346720491070e+06
2.471210788422592286e-01 1.459149789549418408e+01 2.068850717039487557e+06
2.531712650930935671e-01 1.443441236339820755e+01 1.838226372543820878e+06
2.593829947381683931e-01 1.428602475531699234e+01 1.636023319030755898e+06
2.657579882746689548e-01 1.415282720143746431e+01 1.463494862191911088e+06
2.722990881857449974e-01 1.402003535987856964e+01 1.305049306687492412e+06
2.790088381208044033e-01 1.389137484754949092e+01 1.159769692751142895e+06
2.858909240368169846e-01 1.377776132617361426e+01 1.030332336946054129e+06
2.929522567154607682e-01 1.366115157459980978e+01 9.197427148682265542e+05
3.001671139960392920e-01 1.355370723803005006e+01 8.225379542027713032e+05
3.075644807994675767e-01 1.345227340190697873e+01 7.318565159344299464e+05
3.151413588061308668e-01 1.335799911210396829e+01 6.521331690106010064e+05
3.229031909770472830e-01 1.326620044977397228e+01 5.820999640945111169e+05
3.308506455113023881e-01 1.318210398091113156e+01 5.185324321734161349e+05
3.389776012396982785e-01 1.310011359192968960e+01 4.631148333632292342e+05
3.472982811507864254e-01 1.302302657637096672e+01 4.088310126855765120e+05
3.558216239609002796e-01 1.295180063659275937e+01 3.690013782243949827e+05
3.645121334950590652e-01 1.288128304718755501e+01 3.290415917856932501e+05
3.733802248833761328e-01 1.281624230184296387e+01 2.934148885043936898e+05
3.824758349896622556e-01 1.275267963467167753e+01 2.619628540708395303e+05
3.917363149329817773e-01 1.269651206044207470e+01 2.342060886206442665e+05
4.012274819258894176e-01 1.263709866290278683e+01 2.089178842730403121e+05
4.108982252480991026e-01 1.258586713749837926e+01 1.864437293958303344e+05
4.207348929164029250e-01 1.253352141963691402e+01 1.668804742546876660e+05
4.308023473918050628e-01 1.248799962788051054e+01 1.480182934033997590e+05
4.410576279223835106e-01 1.244048264869519471e+01 1.334038078774782480e+05
4.515307766000520306e-01 1.239870667146926841e+01 1.192411228827529703e+05
4.622049713261428550e-01 1.235761840088999897e+01 1.066306265312723408e+05
4.730575214483175861e-01 1.232347217578980469e+01 9.513869341486151097e+04
4.840977341767156439e-01 1.228062221082534577e+01 8.545990958273004799e+04
4.953615342628061025e-01 1.224739458168432549e+01 7.641145648151286878e+04
5.068106047810400083e-01 1.221248932696004630e+01 6.843962087936792523e+04
5.184719196810055886e-01 1.218265710714613448e+01 6.069371753263986466e+04
5.303124444499285328e-01 1.215282904856688440e+01 5.498756926564367313e+04
5.423599230083067102e-01 1.212373772818448536e+01 4.919694837011611526e+04
5.546045243496304789e-01 1.209607820023748559e+01 4.409239660736174119e+04
5.670557798360504886e-01 1.207130859304846204e+01 3.919974362388942245e+04
5.796385085645100466e-01 1.204489672783104659e+01 3.554286171646868024e+04
5.923941861139160325e-01 1.202267972904736126e+01 3.188842780718919312e+04
6.052293844399041500e-01 1.199919064167750093e+01 2.864030605748897142e+04
6.182208995761622194e-01 1.197864411670870766e+01 2.579290612235989829e+04
6.314210895720466787e-01 1.195658725940089084e+01 2.319149960565022411e+04
6.448699852225922013e-01 1.193573917467656642e+01 2.086648361231662784e+04
6.585992942835285913e-01 1.191777686175031903e+01 1.872961319017937058e+04
6.726251309729807115e-01 1.189888911880932909e+01 1.681336149560773993e+04
6.870085561346042091e-01 1.188154805039302353e+01 1.514273440116419988e+04
7.017630570971973292e-01 1.186346941970644053e+01 1.357839459955046550e+04
7.169331344500641245e-01 1.184659901919306613e+01 1.206168436924871639e+04
7.325392393211693776e-01 1.183133805958793516e+01 1.082018350492753052e+04
7.485095552258136387e-01 1.181789791290175806e+01 9.757258773183031735e+03
7.649799189295706237e-01 1.180530132731978910e+01 8.709512403447648467e+03
7.819193748973397584e-01 1.179417432834637935e+01 7.792597822688139786e+03
7.993415155353807977e-01 1.178255011117505191e+01 6.952115781172205971e+03
8.172585748395327920e-01 1.177129561169107497e+01 6.205676066570416879e+03
8.356788143318846229e-01 1.176348408473288032e+01 5.529604899527545967e+03
8.546248553038776619e-01 1.175607851130652293e+01 4.925022284957478405e+03
8.740857155169348136e-01 1.174888062121357990e+01 4.386929723224466215e+03
8.940727411543522019e-01 1.174276060567276225e+01 3.903774891152905184e+03
9.146066324284990445e-01 1.173808831745349401e+01 3.469058213780915139e+03
9.356691026216855667e-01 1.173524573968701823e+01 3.086358211419543750e+03
9.572784046154573234e-01 1.173172647882066855e+01 2.719692508995025491e+03
9.794223869020557416e-01 1.173253941598619932e+01 2.433386030192256840e+03
1.002108085610765142e+00 1.173271241130561293e+01 2.158993904677415685e+03
1.025336439033835534e+00 1.173261701893230047e+01 1.917674738876914944e+03
1.049097392985159249e+00 1.173948218468658844e+01 1.701270509815022706e+03
1.073403926641008477e+00 1.173879537308489596e+01 1.511890051883015303e+03
1.098218816475754922e+00 1.174339925766556192e+01 1.339501683279425151e+03
1.123558422298168269e+00 1.174884252185948341e+01 1.188799634040602314e+03
1.149412309553361045e+00 1.175582917274699035e+01 1.054435045070599699e+03
1.175760324899720377e+00 1.176143887790895093e+01 9.354196833592845906e+02
1.202517794364514447e+00 1.176937576867089241e+01 8.303401958937186009e+02
1.229420106200970197e+00 1.177790587402756728e+01 7.382917789257868435e+02
1.256464362973620075e+00 1.178676729260771516e+01 6.565900733931538298e+02
1.283605089578511160e+00 1.179536826534790173e+01 5.851934236160630007e+02
1.310866474929807124e+00 1.180769543195191140e+01 5.219833469113689262e+02
1.338228167534291746e+00 1.181350322534373554e+01 4.662661000631090360e+02
1.365741496183379367e+00 1.182193353009359171e+01 4.164961917813863010e+02
1.393271955941415063e+00 1.183173504497010597e+01 3.729612461020223009e+02
1.420890996571515297e+00 1.184027991649943701e+01 3.338751868443692388e+02
1.448575525348355431e+00 1.185201331259548851e+01 2.994391056942737350e+02
1.476321439787284806e+00 1.185918134205712349e+01 2.685781959062020974e+02
1.504117826659711943e+00 1.186695946973627791e+01 2.412762590353886196e+02
1.531919408456651643e+00 1.187289448373299017e+01 2.169088053917200511e+02
1.559769615458423742e+00 1.188070255211367332e+01 1.949127796055825854e+02
1.587586428550542550e+00 1.188741480973765619e+01 1.755679561044184993e+02
1.615385246072065906e+00 1.189436403503517070e+01 1.581057423461627423e+02
1.643168080524602725e+00 1.190156476684241227e+01 1.424772240181380596e+02
1.670900381588177774e+00 1.190643458613385519e+01 1.286202496071367989e+02
1.698536058095885926e+00 1.191223658046547662e+01 1.162081030294506547e+02
1.726098788395409978e+00 1.191835430805724094e+01 1.043853037499762308e+02
1.753548981132576401e+00 1.192171892418518553e+01 9.491961345797210470e+01
1.780881744971157810e+00 1.192547239886466492e+01 8.586622049718576477e+01
1.808239999976210655e+00 1.192996488081319306e+01 7.783255479654282283e+01
1.835118333695838766e+00 1.193219195719153269e+01 7.058187023571645113e+01
1.861982951405176667e+00 1.193482888803171349e+01 6.404295391642901336e+01
1.888626296781374725e+00 1.193653954808993234e+01 5.814293990187402983e+01
