2.191799393465098389e-01 1.550982308316407554e+01 3.683535669800713658e+06
2.243159641631982670e-01 1.533517107145568836e+01 3.326685720776669681e+06
2.295899707334362883e-01 1.512520098787359224e+01 2.949179118265202735e+06
2.350107761849413168e-01 1.493726107051880447e+01 2.627991760756827425e+06
2.405962505631169812e-01 1.476933545448059704e+01 2.346342668058854993e+06
2.462911035471557486e-01 1.460612464732444415e+01 2.101112123223238625e+06
2.521481328052891380e-01 1.448657961972871355e+01 1.871804560575343668e+06
2.581582504510221976e-01 1.431232357076509842e+01 1.677261305803678697e+06
2.643214357432087103e-01 1.417652333967676448e+01 1.498463779269828228e+06
2.706414078233234100e-01 1.405345686134169725e+01 1.341923975988616468e+06
2.771198571734324601e-01 1.392920161705184690e+01 1.197668106787884841e+06
2.837603025455394667e-01 1.380967056479114241e+01 1.069564644178348593e+06
2.905644254645148861e-01 1.369813689056368133e+01 9.569360274527163710e+05
2.975214926600645016e-01 1.359465701009737160e+01 8.550729357097165193e+05
3.046521380385180944e-01 1.349565077230178822e+01 7.658483717804686166e+05
3.119618508779342103e-01 1.339859881473696213e+01 6.856233478201002581e+05
3.194171738115649806e-01 1.330831188214861882e+01 6.122091590465828776e+05
3.270661757526031610e-01 1.322208588942262963e+01 5.477490690236769151e+05
3.348846901882329141e-01 1.314580827195844215e+01 4.904881619205261231e+05
3.428741382542281890e-01 1.306303824085491527e+01 4.388803029695605510e+05
3.510345158005968025e-01 1.299041870467195636e+01 3.926295887570416089e+05
3.593890617232480822e-01 1.292429519109136038e+01 3.515749278017156175e+05
3.679042245708035175e-01 1.286006942074613235e+01 3.150346997919548303e+05
3.766133377059480147e-01 1.279387665760867243e+01 2.817011761115164845e+05
3.855098420482898636e-01 1.273306306042667124e+01 2.524662382331797853e+05
3.945863833489061112e-01 1.267628163550697806e+01 2.260060957667156472e+05
4.038411977130635933e-01 1.262548251535880972e+01 2.027918454548258451e+05
4.132880569374569046e-01 1.257114688507419942e+01 1.815886711932630569e+05
4.229225384543640054e-01 1.252477661115989349e+01 1.627542757440351415e+05
4.327475637799109154e-01 1.247719316349253837e+01 1.460214492080914497e+05
4.427551278865255457e-01 1.243314609476741417e+01 1.308018290201517520e+05
4.529542787745029497e-01 1.239305718056295724e+01 1.174089654617117194e+05
4.633615779706840576e-01 1.235571956956984963e+01 1.052166959370682307e+05
4.739300456476759349e-01 1.231798915602301214e+01 9.449244153839642240e+04
4.846771640571739259e-01 1.228088785498663960e+01 8.480101068364783714e+04
4.956309434161856875e-01 1.224503621164277334e+01 7.620499013380547694e+04
5.067635780310815186e-01 1.221344646509243503e+01 6.845469733746472048e+04
5.180871039093157826e-01 1.218417724156617687e+01 6.156923167026617011e+04
5.295978239015552980e-01 1.215440851700101987e+01 5.528610659412788664e+04
5.412946536436705758e-01 1.212743322552455716e+01 4.963645505501389562e+04
5.531785731070336665e-01 1.209942294983759581e+01 4.464839714805955737e+04
5.652491867635001110e-01 1.207585768640159785e+01 4.022050338009911502e+04
5.774628253077490614e-01 1.204986596732807591e+01 3.618389745074450184e+04
5.898730603934281280e-01 1.202681710108606516e+01 3.260881503433939724e+04
6.024968260307806966e-01 1.200482030745059880e+01 2.925598597885124036e+04
6.152938342728881960e-01 1.198289756345925916e+01 2.639451713734109217e+04
6.284177177618875954e-01 1.196270256465111004e+01 2.379981037744916466e+04
6.418090379125668266e-01 1.194354175940414464e+01 2.140029460681827550e+04
6.555783222474701466e-01 1.192637624763539783e+01 1.903389998177591769e+04
6.696702530195901559e-01 1.190890952780866563e+01 1.728029270159358566e+04
6.842084957447884808e-01 1.188993984547693827e+01 1.541230716136898081e+04
6.991616465334854480e-01 1.187620111040455662e+01 1.390181629902619898e+04
7.145245573111060899e-01 1.185756518829532524e+01 1.247120751703200585e+04
7.303902854633429476e-01 1.184706058309940779e+01 1.114542693361839156e+04
7.467060473415603195e-01 1.183531378283342406e+01 9.975408227942574740e+03
7.635079966102100713e-01 1.182479762169382553e+01 8.909551778394699795e+03
7.808280799045216325e-01 1.181418532700580215e+01 7.955917177216248092e+03
7.986789748889122631e-01 1.180517955756436521e+01 7.093948067377356892e+03
8.170551899491511616e-01 1.180072786041990440e+01 6.320484433095218264e+03
8.359515151918207598e-01 1.179126077803125661e+01 5.639506292463049249e+03
8.554105130243112587e-01 1.178839485472774662e+01 5.012001955122794243e+03
8.754175809349974413e-01 1.178436086735190003e+01 4.464383752666796681e+03
8.959896059621742515e-01 1.178217585232378362e+01 3.965587867680847921e+03
9.171193012886038609e-01 1.177912966241373383e+01 3.526812443367996366e+03
9.388210019870985024e-01 1.178233880682568646e+01 3.130029522867339892e+03
9.610939324177175669e-01 1.178450804200284985e+01 2.780989271155048300e+03
9.839348496728383964e-01 1.179019396076451009e+01 2.467887642359209622e+03
1.007342882334133050e+00 1.179106651601556166e+01 2.189631168608297685e+03
1.031311012479590783e+00 1.179617586143120178e+01 1.946855231500199579e+03
1.055854801534776177e+00 1.180337127563569588e+01 1.712014987022414516e+03
1.080947581135020874e+00 1.181509322470481216e+01 1.529399987795517291e+03
1.106597312447963333e+00 1.182463693568897334e+01 1.356059310370676258e+03
1.132785366982527853e+00 1.182960091410051362e+01 1.203611106149694251e+03
1.159523776311899734e+00 1.184045816141211915e+01 1.066790765730577050e+03
1.186773051628908560e+00 1.185183547700114737e+01 9.469473844357189591e+02
1.214541842210126399e+00 1.186747264408441893e+01 8.395110323388447569e+02
1.242780365582285995e+00 1.187953807608511703e+01 7.453128801908543437e+02
1.271169780879306765e+00 1.189286453961565471e+01 6.623604869399754307e+02
1.299647745944313204e+00 1.190923439409251117e+01 5.860932129006674813e+02
1.328208198213659763e+00 1.192270348224920795e+01 5.259342097498038129e+02
1.356841096495800647e+00 1.193911250838056759e+01 4.693301799580729039e+02
1.385540908952232808e+00 1.195148513833419734e+01 4.200436374355601856e+02
1.414321399932071177e+00 1.196604781259213901e+01 3.752307926038121764e+02
1.443134014134956011e+00 1.198168947232294101e+01 3.361353101692297969e+02
1.472001430430946556e+00 1.199548491725477994e+01 3.009754346834862417e+02
1.500891524482631301e+00 1.201081422360827133e+01 2.704226911534659052e+02
1.529805799010800715e+00 1.202361840200458509e+01 2.430164351515536794e+02
1.558727590929371409e+00 1.203455389739388437e+01 2.185023172827690132e+02
1.587635012157168957e+00 1.204952924707713002e+01 1.966826788581890355e+02
1.616542471603428011e+00 1.205916705140861112e+01 1.772596860782878139e+02
1.645412477595659562e+00 1.207363229378312042e+01 1.596674664850200998e+02
1.674227849699855719e+00 1.208268258799845007e+01 1.441225346846654816e+02
1.702981592782750297e+00 1.209345743369635073e+01 1.301619539419785667e+02
1.731664911260969886e+00 1.210271848302979691e+01 1.176797329173327853e+02
1.760240596824380832e+00 1.211403657862152983e+01 1.064665493083107037e+02
1.788711722775860435e+00 1.212416276766754919e+01 9.631816338702951441e+01
1.817073896147637591e+00 1.213125932928119433e+01 8.728270078881631377e+01
1.845257244083606141e+00 1.213969379045319386e+01 7.911912260290813492e+01
1.873264493303935296e+00 1.214660402095801039e+01 7.191457580352326318e+01
1.901109020541333461e+00 1.215408579846995352e+01 6.495800025742845207e+01
