2.191799393465098389e-01 1.550982308316407554e+01 3.683535669800713658e+06
2.257798094754992768e-01 1.525405839841666378e+01 3.185179134943568613e+06
2.325838625696028394e-01 1.501922207051112856e+01 2.760741061149834655e+06
2.396352116583212732e-01 1.482095342858784193e+01 2.408807151024691761e+06
2.469242905096132590e-01 1.460998562543067614e+01 2.085078860249660444e+06
2.544549760726947385e-01 1.440523272128027799e+01 1.794803954973502317e+06
2.622343753015735079e-01 1.422232883666831604e+01 1.554682671922005480e+06
2.702676285875582063e-01 1.405340728947602713e+01 1.349134380361598218e+06
2.785598923741124389e-01 1.390691014584889018e+01 1.166715360639133956e+06
2.871162037172959591e-01 1.375459145186773391e+01 1.011998987642869237e+06
2.959328983888529496e-01 1.361988716932405730e+01 8.770446971259068232e+05
3.050210559660126441e-01 1.348703893054148040e+01 7.622202540932968259e+05
3.143837964447125377e-01 1.336620864305359291e+01 6.601768549027295085e+05
3.240285919642986179e-01 1.325469322220299695e+01 5.730759070073874900e+05
3.339578222911420147e-01 1.315081660181246015e+01 4.966916116877164459e+05
3.441667208794007005e-01 1.305396574875693183e+01 4.261952701760839554e+05
3.546697557873155771e-01 1.296686829503286731e+01 3.737414510272681364e+05
3.654658260469735298e-01 1.287421863246604303e+01 3.226367660508927074e+05
3.765488311504116559e-01 1.279495127524830522e+01 2.821699369578072219e+05
3.879396998952951980e-01 1.271664261259088136e+01 2.451818366721668863e+05
3.996274786154886405e-01 1.264706512871652322e+01 2.129496359061511175e+05
4.116232894088711625e-01 1.258158069016809044e+01 1.850964377639406302e+05
4.239148575314630185e-01 1.251995116281852916e+01 1.597031745084029099e+05
4.365294938430416827e-01 1.246109116694831087e+01 1.398964575511410367e+05
4.494516709983512048e-01 1.240590781431927780e+01 1.218421419604531839e+05
4.626739502527090209e-01 1.235570269367869223e+01 1.061916866559005721e+05
4.761920958314976859e-01 1.230790214608591526e+01 9.248181609005239443e+04
4.900221900550319476e-01 1.226178155756693222e+01 8.061072279798892851e+04
5.041452736654341571e-01 1.221922177138207211e+01 7.039392896166283754e+04
5.185959307924020711e-01 1.218338645496814365e+01 6.054399654355864914e+04
5.333333769048468342e-01 1.214413133855501847e+01 5.340984272475355101e+04
5.483845808739234995e-01 1.211103544154146938e+01 4.661108505496373255e+04
5.637408398762019379e-01 1.207754206911721973e+01 4.072054299101553624e+04
5.793528846730343629e-01 1.204757060984467110e+01 3.556750152639861335e+04
5.948865541161246773e-01 1.201614116819193256e+01 3.125398098168281649e+04
6.099518269047520258e-01 1.198958057973024083e+01 2.754650804504193366e+04
6.247122369661379793e-01 1.196189435710522275e+01 2.442329851399207837e+04
6.392907706414096003e-01 1.193720514455893067e+01 2.166028473784160815e+04
6.538648742152749493e-01 1.191088818989586429e+01 1.910692677622099654e+04
6.684943643941202440e-01 1.188390022120630007e+01 1.713091088405867413e+04
6.832574009125285119e-01 1.185728499277791492e+01 1.525746415042625449e+04
6.982642565364087783e-01 1.183076556330048668e+01 1.356299848847856447e+04
7.134402552225764804e-01 1.180490460527104624e+01 1.206977443942156424e+04
7.289708000633499108e-01 1.177789348879296050e+01 1.065736331991739462e+04
7.448391095242550275e-01 1.175260940598900916e+01 9.428657798789987282e+03
7.610886217162616818e-01 1.172488736652616481e+01 8.444127435821814288e+03
7.777555191350040698e-01 1.169907072966923778e+01 7.487109209882451978e+03
7.949607048475978432e-01 1.167390507706013913e+01 6.611684673695109268e+03
8.124394112905327647e-01 1.164897301322121592e+01 5.854809644167665283e+03
8.305044160519641228e-01 1.162347333311984343e+01 5.174117349040842782e+03
8.490759960519408400e-01 1.160136786327778502e+01 4.561701189294123651e+03
8.681717841320510942e-01 1.157682948796013989e+01 4.014630918294676121e+03
8.878026945170598427e-01 1.155126959831814304e+01 3.541378347335670242e+03
9.079786215024325813e-01 1.153183505517900009e+01 3.118766428817860287e+03
9.286975753842396930e-01 1.150995298847195691e+01 2.737927309932954358e+03
9.496007487381841194e-01 1.149416552548629156e+01 2.409036833406342339e+03
9.705501039671798891e-01 1.147062689969991744e+01 2.123665650605911651e+03
9.915287512294321814e-01 1.145081776336257029e+01 1.876053866112049036e+03
1.012606584369043050e+00 1.143478990468947565e+01 1.658056328596788262e+03
1.033679800998591913e+00 1.141272246538881774e+01 1.468803549615598513e+03
1.054876697711432776e+00 1.139357045279177072e+01 1.299868747658332950e+03
1.076159760986921343e+00 1.137517126877772533e+01 1.151255013502582187e+03
1.097512246803525437e+00 1.135641186044762740e+01 1.022399454301090032e+03
1.118965003838541250e+00 1.133646324072598865e+01 9.008042237464525215e+02
1.140530353924183782e+00 1.131643286332648835e+01 8.052532008942251878e+02
1.162150385820518217e+00 1.130000685244855596e+01 7.153489310334770153e+02
1.183914515333358786e+00 1.127641294443357545e+01 6.361209535679367946e+02
1.205679924266476188e+00 1.125601640528391378e+01 5.659087987776343880e+02
1.227566575010340388e+00 1.123476580313134754e+01 5.034662108527363671e+02
1.249504027257625438e+00 1.121403485975099557e+01 4.486394386286734175e+02
1.271505035708370812e+00 1.119262891996898723e+01 3.997004933227480024e+02
1.293553123010390937e+00 1.116980323432618860e+01 3.559477443956849356e+02
1.315630876582677855e+00 1.114882687078609180e+01 3.173144060354022145e+02
1.337729125540416009e+00 1.112925722688442320e+01 2.815467636615851461e+02
1.359842240279640180e+00 1.110425120845603431e+01 2.510742041993671023e+02
1.381908976994896898e+00 1.108103794507749562e+01 2.255030642198757107e+02
1.404056004099752730e+00 1.105753951223482545e+01 2.017929600148108875e+02
1.426084056748737616e+00 1.103492719176102810e+01 1.800859991415890988e+02
1.447902129164356566e+00 1.101031577817961526e+01 1.603503790316835307e+02
1.469728175133512282e+00 1.098698458926736166e+01 1.443575512641848775e+02
1.491548720863054678e+00 1.096152545480027563e+01 1.288123110513244001e+02
1.513149865394546989e+00 1.093673288215827277e+01 1.158773741806197677e+02
1.534607594099049122e+00 1.091145584413875014e+01 1.038905231200516113e+02
1.555769491151137052e+00 1.088515637973210559e+01 9.294716550113530218e+01
1.576842087144825655e+00 1.085925455692191299e+01 8.391572950795666941e+01
1.597694140862755630e+00 1.083237776124321172e+01 7.540968750255993314e+01
1.618388063783594344e+00 1.080585918802300327e+01 6.751825453740595151e+01
1.638672486032811459e+00 1.077707200010831556e+01 6.111976454297519723e+01
1.658735043857345826e+00 1.074943776376131588e+01 5.514921384011163497e+01
1.678494419769692492e+00 1.072128842977258678e+01 4.971926854332522083e+01
1.698004131783432680e+00 1.069247842820964678e+01 4.491592567189259455e+01
1.717031290144222844e+00 1.066408528174425996e+01 4.061493408495759638e+01
1.735821011482619136e+00 1.063402279190083455e+01 3.661396528313518672e+01
1.754110402542557567e+00 1.060352950079091627e+01 3.328480712691100507e+01
1.772049850971954887e+00 1.057304335322927535e+01 3.019687590214694595e+01
1.789571223653630527e+00 1.054169991265793449e+01 2.741409643064335455e+01
1.806657968156309968e+00 1.051071972537753574e+01 2.490593686896341907e+01
1.823297893680754234e+00 1.047836232123004230e+01 2.268411700896123762e+01
1.839472364681322247e+00 1.044589164260539071e+01 2.063691951573601102e+01
1.855164481549375521e+00 1.041395016418121244e+01 1.881639274657291949e+01
