2.191799393465098389e-01 1.550982308316407554e+01 3.683535669800713658e+06
2.252986751375241070e-01 1.528844743931142602e+01 3.235592520119405817e+06
2.316204327417772657e-01 1.504885856706315472e+01 2.823368368279934395e+06
2.381429398285865306e-01 1.484796936577284932e+01 2.461821844978538342e+06
2.448796111485996574e-01 1.465036121990011253e+01 2.160145564067825675e+06
2.518134795316305796e-01 1.446351444977510248e+01 1.886349362977239536e+06
2.589651505176056578e-01 1.432249780812907147e+01 1.649154350640035234e+06
2.663336736474793409e-01 1.413517598075181958e+01 1.449740994488160592e+06
2.739249977478931397e-01 1.398602599311800887e+01 1.263390444111660589e+06
2.817418407125686919e-01 1.384310566815250887e+01 1.108819213893037988e+06
2.897891790617636576e-01 1.370352471964749874e+01 9.675673409512543585e+05
2.980635798908906620e-01 1.358474081555079671e+01 8.485772627315234859e+05
3.065668612209531685e-01 1.346725764623190003e+01 7.447646204756665975e+05
3.153154849379761759e-01 1.335958002381646814e+01 6.490582440626068274e+05
3.243079312654055246e-01 1.325054958025001106e+01 5.705817628336040070e+05
3.335453790641614846e-01 1.316138638115583426e+01 4.995333062470817240e+05
3.430292845555821812e-01 1.306292473020740097e+01 4.383180888795500505e+05
3.527561124885106869e-01 1.297575476191411070e+01 3.836580898601899971e+05
3.627518495760961303e-01 1.289379464658768093e+01 3.366809066691460321e+05
3.729842250876221899e-01 1.281744474791676680e+01 2.950700059770153603e+05
3.834964413733867317e-01 1.274774163589703591e+01 2.586182328752937028e+05
3.942495559528779170e-01 1.267819783192842920e+01 2.270524837049978087e+05
4.052760050508200096e-01 1.261880269316310965e+01 1.976438882572942530e+05
4.165570306409480672e-01 1.255648599850053060e+01 1.747542450471406919e+05
4.281064060095076118e-01 1.249934701120099412e+01 1.537205776604204730e+05
4.399122887183404829e-01 1.244676899489335398e+01 1.349985253161170403e+05
4.520017178932551061e-01 1.239687997705714473e+01 1.184931565529092913e+05
4.643646098700035529e-01 1.234918533173416222e+01 1.043115796790119057e+05
4.769724922278973933e-01 1.230491375089123984e+01 9.171690294826104946e+04
4.898490830677835195e-01 1.226294406714136720e+01 8.063146925371726684e+04
5.029822639367402815e-01 1.222122661258261189e+01 7.016522710765950615e+04
5.163834522942328809e-01 1.218905298806021165e+01 6.253436209599697759e+04
5.300548870335982654e-01 1.214913381084460120e+01 5.504649715305206337e+04
5.439892767580145616e-01 1.211951012030060859e+01 4.861048178743472090e+04
5.581874083747667692e-01 1.208811349701456628e+01 4.270016950040797383e+04
5.726172857983902187e-01 1.205916658477710968e+01 3.768384483346382331e+04
5.872576327334152468e-01 1.202763186293803699e+01 3.330262401890157344e+04
6.017851850082625020e-01 1.200537900132223612e+01 2.950483248604496112e+04
6.162752910149397190e-01 1.198206844705072527e+01 2.615822432995356212e+04
6.307452816920630090e-01 1.195500027140016641e+01 2.328660312452066137e+04
6.453741066895654077e-01 1.193248813768962968e+01 2.071457827180891763e+04
6.601689926687853704e-01 1.190834617361739234e+01 1.843570008162204977e+04
6.752469706316442943e-01 1.188498503802278883e+01 1.640070507590722627e+04
6.906092719755199116e-01 1.186372758539608974e+01 1.458920263235115817e+04
7.063575358180848029e-01 1.184017869678157986e+01 1.296127179528672059e+04
7.224308270440293889e-01 1.182026214652940865e+01 1.151607250261354784e+04
7.389536969012199252e-01 1.179773244472543503e+01 1.022042480338401401e+04
7.559657380701432228e-01 1.177966079563518242e+01 9.054946052891940781e+03
7.733658582138855930e-01 1.176156470172299251e+01 8.027464302829452208e+03
7.913148417980215843e-01 1.174202795428717039e+01 7.102265265737721165e+03
8.097818780532416438e-01 1.172439023047227558e+01 6.272706706464299714e+03
8.283044508254109317e-01 1.170989778750648291e+01 5.562714063571648694e+03
8.469266127140848699e-01 1.169220620322746029e+01 4.931260668485334463e+03
8.656522614475660182e-01 1.167902996889810829e+01 4.375326936183943872e+03
8.844926083504436320e-01 1.166179897106517771e+01 3.890126206521647418e+03
9.034874415855709273e-01 1.164444787167873230e+01 3.459831327973884981e+03
9.226270347271666727e-01 1.163183224341176825e+01 3.079181989653805886e+03
9.419573073421093623e-01 1.162471840010834256e+01 2.740287754065543595e+03
9.614835304263182891e-01 1.160581146979376044e+01 2.440274034653638410e+03
9.814155533365194195e-01 1.159044716289798771e+01 2.170073841307235853e+03
1.001161721616485867e+00 1.157184435227864938e+01 1.938070748174460277e+03
1.021335582939321363e+00 1.155711013373266383e+01 1.728194042361728634e+03
1.041717823362767970e+00 1.154369043145062257e+01 1.538970102159014914e+03
1.062331037434830927e+00 1.152802528670014759e+01 1.372489846845824104e+03
1.083200698599781520e+00 1.151426071941175167e+01 1.223853268819331106e+03
1.104284976851445554e+00 1.149853529846859068e+01 1.091917695311081161e+03
1.125593094123474858e+00 1.148557787637639471e+01 9.732416121208324284e+02
1.147131262415641784e+00 1.146962105918610320e+01 8.673548150323055097e+02
1.168897145752535227e+00 1.145568354764850838e+01 7.740509071154873482e+02
1.190880390254024590e+00 1.144132473696617502e+01 6.906310043241319363e+02
1.213076692833655601e+00 1.142853599537738241e+01 6.162601865704356214e+02
1.235447755486767329e+00 1.141273074790388442e+01 5.497104089859690248e+02
1.258002908289776123e+00 1.139850271365277479e+01 4.878247014017796914e+02
1.280742389295534966e+00 1.138625766091111657e+01 4.379709727477653018e+02
1.303637672803763525e+00 1.136800381012651684e+01 3.916499676351500625e+02
1.326774198183281905e+00 1.135379721166727229e+01 3.493648594321604151e+02
1.349840743286076394e+00 1.133926744791532926e+01 3.125995516743475946e+02
1.373214985549721323e+00 1.132423508926762779e+01 2.790853879320343935e+02
1.396533761263401008e+00 1.130922332530025365e+01 2.483201783052649887e+02
1.419987075680487099e+00 1.129317528633464107e+01 2.237471614956852761e+02
1.443494502270569857e+00 1.127805179124495893e+01 1.988300098055181593e+02
1.466940816113672330e+00 1.126301925963540995e+01 1.792854299671613774e+02
1.490469893801699586e+00 1.124655325750462076e+01 1.607279724356437498e+02
1.514063665274188342e+00 1.123090830616133751e+01 1.438607400912858907e+02
1.537488606792452916e+00 1.121451596290842190e+01 1.293595167693697476e+02
1.560982922931924755e+00 1.119844150177940278e+01 1.160183446979266506e+02
1.584265400518525269e+00 1.118137085023188426e+01 1.042809572158240883e+02
1.607514334540723011e+00 1.116388279807865125e+01 9.333914906868486128e+01
1.630681920502321525e+00 1.114699648205778892e+01 8.420327454094797304e+01
1.653600802948419268e+00 1.112902311763920515e+01 7.589916009915182826e+01
1.676395789805863901e+00 1.111091944836954504e+01 6.844832368962464386e+01
1.698996044761934332e+00 1.109288602922113398e+01 6.170394097334916950e+01
1.721371702899861411e+00 1.107394930732429472e+01 5.567749333940822964e+01
1.743508810102474271e+00 1.105462595951174087e+01 5.034185929514491420e+01
1.765377720356898550e+00 1.103483648845965170e+01 4.550282246387374840e+01
1.786999507904476703e+00 1.101544066911896635e+01 4.112008448737441313e+01
1.808231073515277565e+00 1.099493710129481983e+01 3.729538717025847916e+01
1.829212908318808672e+00 1.097455197515890291e+01 3.363164266323666851e+01
1.849767243496318603e+00 1.095316576183343749e+01 3.067371003415664177e+01
1.869993452886370200e+00 1.093133527601742649e+01 2.776990198153473344e+01
