2.191799393465098389e-01 1.550982308316407554e+01 3.683535669800713658e+06
2.266810003188818867e-01 1.521768703140073065e+01 3.132794530607774388e+06
2.344723146538600089e-01 1.495522841932509017e+01 2.654415976089300122e+06
2.425820010575644448e-01 1.472002295361219382e+01 2.265005914602332748e+06
2.509875462313305716e-01 1.449692262120397324e+01 1.909562937102344120e+06
2.597091539314864694e-01 1.428114485506045028e+01 1.629717642664521933e+06
2.687608505712594797e-01 1.408982621467460739e+01 1.384024803701798664e+06
2.781439919294918517e-01 1.390616862070038451e+01 1.177478782859069528e+06
2.878676636839667680e-01 1.374191739434540871e+01 9.991258102993152570e+05
2.979307180326736249e-01 1.359443572315726279e+01 8.497909269326780923e+05
3.083424385261247513e-01 1.344593471708010490e+01 7.235003887742405059e+05
3.191123914894314906e-01 1.331013066147623647e+01 6.153051615830465453e+05
3.302453310245854756e-01 1.319149765723854273e+01 5.235094356261382345e+05
3.417456712901212335e-01 1.307713798316971676e+01 4.449449886727654375e+05
3.536119037381708075e-01 1.297248373990466241e+01 3.790289189693157678e+05
3.658662484526457592e-01 1.287541923294417501e+01 3.226651295953553054e+05
3.784921850897267626e-01 1.277970880138238030e+01 2.751793852999751107e+05
3.915117425501543624e-01 1.269678070343882936e+01 2.345792215441740409e+05
4.049325874986436924e-01 1.262028052754343932e+01 1.977919449724211299e+05
4.187138060894265990e-01 1.254625891111897573e+01 1.705130484578738397e+05
4.329109859105163549e-01 1.247871784994581645e+01 1.455551773970742943e+05
4.475099850323072115e-01 1.241491425175318675e+01 1.244786939625989180e+05
4.625046221743904784e-01 1.235525282419948034e+01 1.060351310069054307e+05
4.778788391575258254e-01 1.230272166628778230e+01 9.087076114494398644e+04
4.936462555237121075e-01 1.224968861100535378e+01 7.783294065385169233e+04
5.098088424782548644e-01 1.220601247850491866e+01 6.650377084568240389e+04
5.263720574120746010e-01 1.216185025766948336e+01 5.694571750299851556e+04
5.433280480994986394e-01 1.212109606840426679e+01 4.873667250665621395e+04
5.606768956764676126e-01 1.208379233011253362e+01 4.179607802853185422e+04
5.783812299715341831e-01 1.204948976984606368e+01 3.556345682079482503e+04
5.958975228549084902e-01 1.201551338119180024e+01 3.094508091829300247e+04
6.125626485810388155e-01 1.198497723373493429e+01 2.694553572908300339e+04
6.286649746857891907e-01 1.195858533495737852e+01 2.355549728477778262e+04
6.444326089606707830e-01 1.192403718692708914e+01 2.072173906767462904e+04
6.600660232888013734e-01 1.189160016949263721e+01 1.823717776171415971e+04
6.756939794220581108e-01 1.186134920833647399e+01 1.605345542689815920e+04
6.914091889057250029e-01 1.182901428525427256e+01 1.417317414722278772e+04
7.073199053026835159e-01 1.179636990128605589e+01 1.248325108810702295e+04
7.240260421608832875e-01 1.176403987851360000e+01 1.095312006308378841e+04
7.415972552114385996e-01 1.172828711929195045e+01 9.570241325536067961e+03
7.603400337433362521e-01 1.169691758887250188e+01 8.322336905325862972e+03
7.802064105341982581e-01 1.166358456845850355e+01 7.206132676100918616e+03
8.012626054769668160e-01 1.163614633572805523e+01 6.207677268326441663e+03
8.235198940792755051e-01 1.160611467086559401e+01 5.333218888371736284e+03
8.469946718706674593e-01 1.158020328153548206e+01 4.556410520187866496e+03
8.717084884321623095e-01 1.155611540709843155e+01 3.893724999412661418e+03
8.976863101980674386e-01 1.153538221772032735e+01 3.312073200066435220e+03
9.248943412798600328e-01 1.151567377950580529e+01 2.816523158728202361e+03
9.533715047444518698e-01 1.149956491736368314e+01 2.369172263683801248e+03
9.830812511064942472e-01 1.148703353704781804e+01 2.016859886996531941e+03
1.014032796130445613e+00 1.147479882259064787e+01 1.705357416952366066e+03
1.046208020961129304e+00 1.146701438237808546e+01 1.429788708740868515e+03
1.079572101690625674e+00 1.146156496933933866e+01 1.213768257428830111e+03
1.114088620643083338e+00 1.145875316525418519e+01 1.023149508845544801e+03
1.148964930316145994e+00 1.145868014252807399e+01 8.654028593696293683e+02
1.182719602466623998e+00 1.146241794454071616e+01 7.383927461044239635e+02
1.215397678573830742e+00 1.145755917051187289e+01 6.303036461590198769e+02
1.247089761703238153e+00 1.145764668228986416e+01 5.471967058702421127e+02
1.277863556334769779e+00 1.145272245201935135e+01 4.758327649158783856e+02
1.307798572181564811e+00 1.145010695338238094e+01 4.156037050057880720e+02
1.336930421326359086e+00 1.144026390879075983e+01 3.633351461710105923e+02
1.365326166398383112e+00 1.143406370343652156e+01 3.186380070545349099e+02
1.392985185822479322e+00 1.142167481792234973e+01 2.791534390023750802e+02
1.419993331647091628e+00 1.141044717187910607e+01 2.478852807945684731e+02
1.446323061429007462e+00 1.139605089188412990e+01 2.193190230207195270e+02
1.472036110273924114e+00 1.137738726809752876e+01 1.945100748500491648e+02
1.497124895322476279e+00 1.135935928789991145e+01 1.726768181025669264e+02
1.521627538073864638e+00 1.133904345774269551e+01 1.537764859444095862e+02
1.545529325091504758e+00 1.131728024945282485e+01 1.369630370078533588e+02
1.568862703177773765e+00 1.129390315783603782e+01 1.224227449336529929e+02
1.591607334972669374e+00 1.126919147605811844e+01 1.093410986890100673e+02
1.613785500198809952e+00 1.124257214248563663e+01 9.787921782784827940e+01
1.635393794648157817e+00 1.121449606159231749e+01 8.772704631515128426e+01
1.656424237677196709e+00 1.118412493999765367e+01 7.848721454761690097e+01
1.676886432869851840e+00 1.115338344474009524e+01 7.071861686074349507e+01
1.696758486875428629e+00 1.112104938042610058e+01 6.338052457535351891e+01
1.716051068903839294e+00 1.108662543061836914e+01 5.731492406495333114e+01
1.734761269931394345e+00 1.105180240715248274e+01 5.148173800300449443e+01
1.752876088362232965e+00 1.101587860817309128e+01 4.664153039286959768e+01
1.770391389285140837e+00 1.097819422279544099e+01 4.214367689383977478e+01
1.787299430041030313e+00 1.093981594114691624e+01 3.817056299833515709e+01
1.803593229305524348e+00 1.089917798454126796e+01 3.456609491102688025e+01
1.819256898070662043e+00 1.085863292901493438e+01 3.136021099313110838e+01
1.834331149739346856e+00 1.081577083441733933e+01 2.847072757223013184e+01
1.848761813448512425e+00 1.077334838984110021e+01 2.584554215086620843e+01
1.862552633517100542e+00 1.072972786774716525e+01 2.356188234673616577e+01
1.875710755871497826e+00 1.068446327472167567e+01 2.141407169713218295e+01
1.888229716184028462e+00 1.063856806296973190e+01 1.953280367803941076e+01
1.900101452960249349e+00 1.059261820005007237e+01 1.782646436240148802e+01
1.911321485897929717e+00 1.054507392933314769e+01 1.637988404399094833e+01
1.921896893706181109e+00 1.049692171864691481e+01 1.496372397321840353e+01
1.931825575582882815e+00 1.044831536950519357e+01 1.377738344899551848e+01
1.941112173023231469e+00 1.039928527517271561e+01 1.264774702306412735e+01
1.949748430105783026e+00 1.034950779862703740e+01 1.163732923676339759e+01
1.957738916461441381e+00 1.029979794084078115e+01 1.070985296668455433e+01
1.965087138447244586e+00 1.024892001397959973e+01 9.887735660001366611e+00
1.971800149485730902e+00 1.019736741628467769e+01 9.134294937306320250e+00
1.977883786919720999e+00 1.014572891805407018e+01 8.451872953671450972e+00
1.983344238530503567e+00 1.009342028600099894e+01 7.825224286905402060e+00
1.988190837568674985e+00 1.004144976969608827e+01 7.260680566712644612e+00
