2.191799393465098389e-01 1.550982308316407554e+01 3.683535669800713658e+06
2.250527712758051690e-01 1.528730871432214578e+01 3.239767453382347710e+06
2.310923055540902715e-01 1.506584239304362960e+01 2.856253879077652469e+06
2.373431681269674853e-01 1.486761898221727485e+01 2.511344369630625471e+06
2.437628430309984051e-01 1.468662786617227489e+01 2.205655769453940913e+06
2.503735670442995831e-01 1.450204327706642893e+01 1.945235441082360921e+06
2.571844514595285625e-01 1.433674094975082092e+01 1.710876775090446929e+06
2.641956109110357165e-01 1.418343400293925782e+01 1.499344828581762034e+06
2.714091758459257209e-01 1.403373915927175020e+01 1.319952837836647406e+06
2.788298600445194286e-01 1.389551663800881443e+01 1.163742449507467216e+06
2.864605625258987431e-01 1.376486646301349737e+01 1.022592578165419749e+06
2.943001053649075827e-01 1.364025201370096951e+01 9.011248140862537548e+05
3.023481366149026739e-01 1.352452476067933951e+01 7.924476696721669286e+05
3.106409085598691444e-01 1.341281204347768607e+01 6.989528039208046393e+05
3.191168541781804757e-01 1.330808127908827743e+01 6.156944678480591392e+05
3.278380551367512941e-01 1.321094916850929835e+01 5.415403418076584348e+05
3.367725720736093886e-01 1.312947070065318478e+01 4.768127360505138058e+05
3.459430698817934080e-01 1.303652120950738968e+01 4.207043411168191233e+05
3.553587165267894088e-01 1.295372722895400663e+01 3.703489765321243322e+05
3.649912464185573469e-01 1.287849001786253034e+01 3.266846522284562234e+05
3.748521463112536867e-01 1.280492137188890212e+01 2.880072111805723398e+05
3.849688825204115594e-01 1.273635003358794116e+01 2.540546228177153098e+05
3.953186299090738487e-01 1.267292074815229697e+01 2.240240579180581844e+05
4.059048815342836680e-01 1.261325695360002364e+01 1.976546768566047249e+05
4.167576405354430635e-01 1.255500603043850560e+01 1.745567517244647315e+05
4.278109518106024134e-01 1.250137047381499755e+01 1.543452997596227215e+05
4.391204498361996889e-01 1.244945671572362755e+01 1.361298849099339568e+05
4.507014918931036562e-01 1.240166251974164346e+01 1.203171795316854987e+05
4.625178009958183512e-01 1.235644006871522826e+01 1.060691476796614006e+05
4.745629267934689532e-01 1.231246278172252673e+01 9.395237865798984421e+04
4.868701082214222930e-01 1.227271164572537998e+01 8.297354581481692730e+04
4.993863338469348712e-01 1.223544427006848601e+01 7.353214815745491069e+04
5.121679691449564364e-01 1.220089891464223797e+01 6.453697286309300398e+04
5.251922434844593646e-01 1.216596300458765612e+01 5.762767026425844961e+04
5.384611654099521472e-01 1.213231284545917532e+01 5.098131244735192740e+04
5.519718058812411732e-01 1.210329328875095989e+01 4.513212201045433903e+04
5.657258466224838189e-01 1.207169515791984971e+01 4.001494253040898911e+04
5.796727517960158504e-01 1.204458793158986118e+01 3.552345737642537279e+04
5.938961070240444950e-01 1.201912304868338666e+01 3.151807981517998633e+04
6.083484080663409399e-01 1.199495632145431934e+01 2.795710710869612376e+04
6.231439673553436087e-01 1.196944839031079511e+01 2.478738168643862082e+04
6.383330323986021737e-01 1.194694360006993605e+01 2.201975387941331064e+04
6.539817926922288915e-01 1.192586822898296894e+01 1.947288526578549136e+04
6.700744346773964688e-01 1.190620185501915884e+01 1.725022213189672766e+04
6.867224433912626491e-01 1.188875658910878741e+01 1.521857156590699378e+04
7.039263168139575644e-01 1.187156267710705748e+01 1.342769184223391858e+04
7.216935320061713677e-01 1.185450644955305322e+01 1.185552170604969433e+04
7.401026738580883668e-01 1.184089728137568898e+01 1.043095692190471709e+04
7.591390186106306004e-01 1.182828176501882744e+01 9.179478234219503065e+03
7.788243583668544856e-01 1.181671871855210298e+01 8.073710516835067210e+03
7.992086730160844477e-01 1.180688118401751296e+01 7.077436123321013838e+03
8.202749494603277514e-01 1.179963279094122264e+01 6.208793269353378491e+03
8.415859880628023815e-01 1.179324760798104244e+01 5.448630589077131845e+03
8.628608918650081394e-01 1.178810261961651307e+01 4.801608412829857116e+03
8.841252485887338697e-01 1.178201929868497189e+01 4.238683600657304851e+03
9.054199234986801681e-01 1.177617801670353437e+01 3.752389188445125001e+03
9.267661834477970428e-01 1.177437370673707839e+01 3.322258849066021867e+03
9.481941278403647200e-01 1.177075792131242515e+01 2.948009429387755063e+03
9.697269448646519407e-01 1.176564162920988110e+01 2.619214227276929705e+03
9.913747690662845224e-01 1.176405114638880178e+01 2.328302429933110943e+03
1.013169765415389501e+00 1.175796325796136088e+01 2.072305982224414038e+03
1.035112117888194128e+00 1.175396649873718502e+01 1.843993394052528402e+03
1.057228099392590215e+00 1.174979623640887105e+01 1.644353271063390594e+03
1.079473160017997646e+00 1.174590254776786402e+01 1.466355145657684943e+03
1.101907003407157637e+00 1.174208651357070643e+01 1.309452851715887164e+03
1.124525246019713043e+00 1.173720121770533886e+01 1.167927234272505984e+03
1.147328323907067293e+00 1.173232981514961359e+01 1.042368097822532263e+03
1.170326041739473855e+00 1.172925170089450475e+01 9.304043772590271146e+02
1.193456903922371248e+00 1.172298911481808226e+01 8.322778601679809753e+02
1.216791891267144043e+00 1.171800210455731062e+01 7.433596322163433570e+02
1.240285900689891641e+00 1.171305605671559569e+01 6.642505593239819746e+02
1.263974774163707737e+00 1.171149739867395212e+01 5.940662527588466446e+02
1.287795447817713601e+00 1.170155938459101819e+01 5.316215186400945640e+02
1.311765391088942190e+00 1.169609645198843673e+01 4.760711567114375953e+02
1.335892016753468470e+00 1.169339378736932744e+01 4.259958137575113142e+02
1.360138484508563561e+00 1.168429610541278940e+01 3.816216953539559427e+02
1.384505339960997228e+00 1.167662443349551182e+01 3.398337795377617567e+02
1.408963521133665964e+00 1.167065107222007114e+01 3.066980460209523471e+02
1.433525819677848867e+00 1.166272993526509438e+01 2.749214313486238552e+02
1.458145671219843509e+00 1.165524621187530308e+01 2.465016945724732977e+02
1.482820486780358493e+00 1.164832433586264493e+01 2.214677611821688004e+02
1.507534637013945744e+00 1.164080729848932627e+01 1.987727292301081832e+02
1.532269350805559815e+00 1.163174706990674068e+01 1.785899405345599575e+02
1.557006983411890033e+00 1.162314170076727748e+01 1.604892499564909940e+02
1.581814082915472985e+00 1.161514597474221944e+01 1.443423925165231196e+02
1.606486045032769594e+00 1.160422325960125178e+01 1.299483910944944114e+02
1.631003806204745388e+00 1.159417433648557250e+01 1.170728206905553890e+02
1.655540232306631276e+00 1.158446511331145601e+01 1.049682226478026337e+02
1.679962706232543290e+00 1.157347520462410273e+01 9.513228474062275097e+01
1.704366301523506655e+00 1.156274611986597733e+01 8.562161926881097429e+01
1.728423666960976046e+00 1.155103840115565639e+01 7.759880293005946328e+01
1.752415660246971818e+00 1.153878911907899329e+01 7.004830169723784650e+01
1.776214493022915564e+00 1.152577588614616211e+01 6.332330202653742646e+01
1.799804467978326716e+00 1.151305639900594890e+01 5.731190592776162873e+01
1.823160356284526884e+00 1.149945995899861551e+01 5.190621824059033429e+01
1.846254389898753567e+00 1.148510659742348317e+01 4.697573010273816152e+01
1.869088681197421220e+00 1.147039716501844708e+01 4.270639649356277090e+01
1.891623358318421211e+00 1.145515082809851748e+01 3.867480363973773905e+01
1.913843530811608851e+00 1.143988723573077060e+01 3.523337844024577237e+01
1.935733310296625875e+00 1.142365971876225927e+01 3.205656509818975763e+01
