2.191799393465098389e-01 1.550982308316407554e+01 3.683535669800713658e+06
2.263849636752501560e-01 1.523677152657372957e+01 3.154563097124653403e+06
2.338535225001858731e-01 1.498429635576209584e+01 2.697713906321140006e+06
2.416201149847825858e-01 1.474229411456611771e+01 2.295915771438795608e+06
2.496494314932312386e-01 1.451817377431169298e+01 1.968094345721051097e+06
2.579806947116290994e-01 1.431310872905255138e+01 1.681446917343579000e+06
2.666097804707744934e-01 1.413701318842574040e+01 1.435497118466196349e+06
2.755446997060665981e-01 1.395264379778907404e+01 1.227364941417809110e+06
2.847927077170775978e-01 1.378694299401578327e+01 1.051499852171894629e+06
2.943507305958635301e-01 1.363985922962427288e+01 9.011016639601127245e+05
3.042297558412588865e-01 1.350215276476840209e+01 7.698866211303597083e+05
3.144428239541416370e-01 1.337470275839825362e+01 6.590165595777123235e+05
3.249800711181699553e-01 1.325273376593811925e+01 5.642755436148410663e+05
3.358551767589442738e-01 1.313198225194178370e+01 4.836213717438280000e+05
3.470728859529882415e-01 1.302891931037605389e+01 4.141640819117983337e+05
3.586399019426163570e-01 1.292795869152056198e+01 3.554481777665797272e+05
3.705531612619782367e-01 1.283944595332975247e+01 3.040279129183697514e+05
3.828372258591087318e-01 1.275238977632095860e+01 2.609221538225841068e+05
3.954588590568175466e-01 1.267010934689206358e+01 2.237777490863935964e+05
4.084444280444399777e-01 1.259890399857395238e+01 1.920485121193583473e+05
4.218001594586618386e-01 1.253344040664748604e+01 1.645860641217335069e+05
4.355277118284247573e-01 1.246756633675270720e+01 1.413450097575713589e+05
4.495994518702907672e-01 1.240632041665485374e+01 1.216558476053221966e+05
4.640476660899170991e-01 1.235147350518210629e+01 1.045069013904645253e+05
4.788543798907236582e-01 1.229852247116425268e+01 8.998156777324170980e+04
4.940207505427937074e-01 1.225160035200922337e+01 7.737735875351310824e+04
5.095541335534303773e-01 1.220591956718259397e+01 6.658771829486866773e+04
5.254568401991812632e-01 1.216337891555150108e+01 5.750638594415569241e+04
5.417225136210964687e-01 1.212438986895148041e+01 4.948927615474491176e+04
5.583511395367779517e-01 1.208703325332705170e+01 4.269402179955353495e+04
5.753043359934544299e-01 1.205463569334484575e+01 3.679123590000461263e+04
5.923120423197038020e-01 1.202156097301111437e+01 3.192206314168358585e+04
6.084520021490040786e-01 1.199433485342496120e+01 2.789033027540910552e+04
6.240510910486571916e-01 1.196217419786630387e+01 2.449044997915623389e+04
6.392593968246196301e-01 1.193413147008103969e+01 2.160595451121202859e+04
6.542905914789741706e-01 1.190068296710220253e+01 1.911313028455116728e+04
6.692692072803010372e-01 1.187449158153750517e+01 1.685633918641318814e+04
6.843158944840853630e-01 1.184368095783299601e+01 1.498693817456608485e+04
6.994885228679734723e-01 1.181194905297482478e+01 1.327728320475603687e+04
7.148763935122051105e-01 1.178034918201707626e+01 1.174740463095287123e+04
7.305289293013875751e-01 1.174985014578983744e+01 1.040302268667914541e+04
7.465033729636514348e-01 1.171545090750548290e+01 9.115117459107468676e+03
7.628551396537657237e-01 1.168492962932595347e+01 8.120643936598027722e+03
7.796234168404868603e-01 1.165180060758484260e+01 7.159964640034617332e+03
7.968410937258982862e-01 1.162059097666400476e+01 6.313122872241352525e+03
8.145380175691895319e-01 1.159188915775215989e+01 5.546586072192959364e+03
8.327383777323799086e-01 1.155601489680146798e+01 4.851049981086008302e+03
8.515715314987162277e-01 1.152679568821322853e+01 4.267552271840193498e+03
8.707591482594195798e-01 1.149596782569334508e+01 3.744284725223049918e+03
8.906057048497769690e-01 1.146507005560604142e+01 3.279663805174905519e+03
9.110241391399276356e-01 1.143647923863102633e+01 2.864802491926795028e+03
9.320312994620081337e-01 1.140737583900586749e+01 2.481136204438580080e+03
9.536096815954028250e-01 1.137843956175390936e+01 2.181320440275154851e+03
9.757841093482952921e-01 1.135121947809966514e+01 1.900838957675970278e+03
9.985471315582102880e-01 1.132587548418889156e+01 1.655557630448955251e+03
1.021880688363184575e+00 1.129966782918516444e+01 1.440906885786250314e+03
1.045793954747391119e+00 1.127747087928685055e+01 1.252914476993926655e+03
1.070260196189403823e+00 1.125199783104411111e+01 1.089417053796041728e+03
1.095269101332037032e+00 1.122876863773866773e+01 9.465892674973482599e+02
1.120770736083783969e+00 1.120637251281558733e+01 8.225982301124648757e+02
1.146241820437113645e+00 1.118909053365245043e+01 7.167315677050170279e+02
1.171482997723527486e+00 1.116767083247236414e+01 6.222148356153436453e+02
1.196506785769580139e+00 1.114344956410649878e+01 5.484885853605139800e+02
1.221288145959741334e+00 1.112202314406247261e+01 4.782666329877008593e+02
1.245855506211722252e+00 1.110129206694949744e+01 4.204088232325528338e+02
1.270182009143385082e+00 1.107865967955786957e+01 3.724453412108695147e+02
1.294306846889334173e+00 1.105928083836391984e+01 3.290372949573027768e+02
1.318185493028416255e+00 1.103593061906038031e+01 2.905068777012160695e+02
1.341819377756211074e+00 1.100874439803903826e+01 2.570576352217377121e+02
1.365227688655851424e+00 1.098625837766507019e+01 2.271231593106581386e+02
1.388382065606671434e+00 1.095954131537676979e+01 2.020897391047270162e+02
1.411261692891530029e+00 1.093352862819232030e+01 1.795469660185952989e+02
1.433872976957883072e+00 1.090653749855016663e+01 1.591653082498831111e+02
1.456213002702808179e+00 1.087975910131964774e+01 1.421137570294170018e+02
1.478235502974035942e+00 1.085106001836440548e+01 1.267217032038253706e+02
1.500000458149098437e+00 1.082222946061193625e+01 1.129768698227906754e+02
1.521341882440952586e+00 1.079292488299344654e+01 1.003746016418268709e+02
1.542383430651165011e+00 1.076188764833760381e+01 8.988959438058793694e+01
1.563072544989466683e+00 1.073059533274508581e+01 8.049217618990955714e+01
1.583528764754741136e+00 1.069913490264004885e+01 7.208452152519478773e+01
1.603305172135986778e+00 1.066576294873845221e+01 6.498844095772849982e+01
1.622795739687005634e+00 1.063262785318716652e+01 5.835685528640227204e+01
1.641886934102077200e+00 1.059866117535102070e+01 5.247248003841384900e+01
1.660510802875743597e+00 1.056378155837582433e+01 4.720125836693513577e+01
1.678793305093163601e+00 1.052823920313439032e+01 4.251189057266343241e+01
1.696389206235457747e+00 1.049150126847597697e+01 3.824067144918168282e+01
1.713599621766084491e+00 1.045536552412112385e+01 3.463301020947258024e+01
1.730306836656510860e+00 1.041734751120588420e+01 3.134561932724928468e+01
1.746496410632746077e+00 1.037895449841580309e+01 2.838128632116039185e+01
1.762157370230377662e+00 1.034098147876846063e+01 2.570090992637089755e+01
1.777288157648347022e+00 1.030127907820195254e+01 2.333401840550367723e+01
1.791841842214610070e+00 1.026095285510619171e+01 2.123629076095817325e+01
1.805841881664556281e+00 1.022085747867093275e+01 1.931493206489551540e+01
1.819269097624846676e+00 1.017943704222416379e+01 1.759126601333445805e+01
1.832120654457586095e+00 1.013832122808139857e+01 1.604295764020007198e+01
1.844376418579657617e+00 1.009565979959895365e+01 1.461234098297479100e+01
1.856130103385849051e+00 1.005393038331820676e+01 1.340312074812238663e+01
1.867208517127930900e+00 1.001131310599032176e+01 1.224774338584509970e+01
1.877674089176045280e+00 9.968197329603578183e+00 1.127044436041460429e+01
1.887468438444480867e+00 9.923622607896279035e+00 1.035311431741533461e+01
