2.191799393465098389e-01 1.550982308316407554e+01 3.683535669800713658e+06
2.272183534880013178e-01 1.522455327729297636e+01 3.119274520851272624e+06
2.355965621130151066e-01 1.493924290875019878e+01 2.604759711507326458e+06
2.443339566963415310e-01 1.466038526860421420e+01 2.181059369222267997e+06
2.534171465880248886e-01 1.442529823483727469e+01 1.832386981832125923e+06
2.628689387454218873e-01 1.420728647770781983e+01 1.538410973704583477e+06
2.726966918966288178e-01 1.401256408309808776e+01 1.295551428368520457e+06
2.829102296790793614e-01 1.382240362455136484e+01 1.085432721353839850e+06
2.935283640465877752e-01 1.365461184992894061e+01 9.111951371617427794e+05
3.045071667957411354e-01 1.348667578608283613e+01 7.668433000567179406e+05
3.159145646511007932e-01 1.334987637030765129e+01 6.441000018280633958e+05
3.277371633410223750e-01 1.321767361369899518e+01 5.418944614309821045e+05
3.399664618162677732e-01 1.309123489365102522e+01 4.567814458756102249e+05
3.526308296766010320e-01 1.298329173523018731e+01 3.842864551780180191e+05
3.657311367393522583e-01 1.287396723224936501e+01 3.243686007219684543e+05
3.792705138565783951e-01 1.277420773889700101e+01 2.724966018820480676e+05
3.932403262404790545e-01 1.268471122335602175e+01 2.298537829397415335e+05
4.076663766644125220e-01 1.260147049317814982e+01 1.938195668241982348e+05
4.225319462937775494e-01 1.252401242370692103e+01 1.630628261037856864e+05
4.378585725919411642e-01 1.245578552363698499e+01 1.378657762814315211e+05
4.536408858279894485e-01 1.239102965751599505e+01 1.166608048294226319e+05
4.698890233559160912e-01 1.232918183767499798e+01 9.874125599973931094e+04
4.865889889212992037e-01 1.227412943917973109e+01 8.237933745121334505e+04
5.037003887259187129e-01 1.222214544707780881e+01 7.053761287583617377e+04
5.212904240392708388e-01 1.217478308657209851e+01 5.972934172126914200e+04
5.393308398549738758e-01 1.213098218464470968e+01 5.069116583096401155e+04
5.578224213240090545e-01 1.209051184862222783e+01 4.288967795588588342e+04
5.767231475985505895e-01 1.205254878446408284e+01 3.637466222238801856e+04
5.959383166450488156e-01 1.201625256135258901e+01 3.091993489377536025e+04
6.152874664385039605e-01 1.198320918352795950e+01 2.640176974504419559e+04
6.350058297903207194e-01 1.195055480200816866e+01 2.251279358909517396e+04
6.551461484095661980e-01 1.192055639215830354e+01 1.921508012174285250e+04
6.759405200386626733e-01 1.189217996747847650e+01 1.640496090674023071e+04
6.974649438066655716e-01 1.186566746464152722e+01 1.396315833983677476e+04
7.198091154246278878e-01 1.184047212723252329e+01 1.186876041312550296e+04
7.430430772063196798e-01 1.181623252981933980e+01 1.007422767471866428e+04
7.672329568434924640e-01 1.179320148664901424e+01 8.533125195707500097e+03
7.924519272409086268e-01 1.177599275424082670e+01 7.205863859983110160e+03
8.186815556575549602e-01 1.175814175106933135e+01 6.090939451791346983e+03
8.460407994250042085e-01 1.174284228233115712e+01 5.133929572941012339e+03
8.744975576676454754e-01 1.173096498582996716e+01 4.324393998137695235e+03
9.039990268446160826e-01 1.172063220070298861e+01 3.604569294714581247e+03
9.339047466264934760e-01 1.171171205080024791e+01 3.064155605467938585e+03
9.641436371906531022e-01 1.170492611571517649e+01 2.588726576041231056e+03
9.947532331758922597e-01 1.169682186564723558e+01 2.191989171173712293e+03
1.025765322393282331e+00 1.169299138318018549e+01 1.860334445855507965e+03
1.057179978995542280e+00 1.168818719291981267e+01 1.580234626555365594e+03
1.089045082084212135e+00 1.168358316726441259e+01 1.341971000729278785e+03
1.121312649862858946e+00 1.168179998973731237e+01 1.141771957217631098e+03
1.154029342892234578e+00 1.167510674158915762e+01 9.662873627627928954e+02
1.187180659365554725e+00 1.167224355508329303e+01 8.288817504646751786e+02
1.220717419446242014e+00 1.166680732018944866e+01 7.044698412100395899e+02
1.254653646149452184e+00 1.166317758497285872e+01 6.000704018026825679e+02
1.289086788638833303e+00 1.165967810110717018e+01 5.158667763631727894e+02
1.323600918522846781e+00 1.165772191407396541e+01 4.415744194228493029e+02
1.358569246621541771e+00 1.165001262878778476e+01 3.777656846026463313e+02
1.393788918546829958e+00 1.164634024511604515e+01 3.238557121921369912e+02
1.429351488224590794e+00 1.164175623812979943e+01 2.776149438784654535e+02
1.464898225099025009e+00 1.163603736847869818e+01 2.383738312331925044e+02
1.500787010997642446e+00 1.163108096784866952e+01 2.045327348730591268e+02
1.536571560182139473e+00 1.162370064477957499e+01 1.761407072164916201e+02
1.572459899998038146e+00 1.161715694210290017e+01 1.516179579722318920e+02
1.608341938398589965e+00 1.161085654006800816e+01 1.308133972459096981e+02
1.644261786328282460e+00 1.160318534391681133e+01 1.127096365776340576e+02
1.679820619560996375e+00 1.159313712450943257e+01 9.759970340627562280e+01
1.715305686263254303e+00 1.158390514122817905e+01 8.406098398077517686e+01
1.750663091278546357e+00 1.157426790597106248e+01 7.311070953940387085e+01
1.785416182787848083e+00 1.156230179173616079e+01 6.365234765555941010e+01
1.819947026996498129e+00 1.155006705831479508e+01 5.533364508228253698e+01
1.854023092711854837e+00 1.153650476137879544e+01 4.799913118665311629e+01
1.887403790912693946e+00 1.152324308166712541e+01 4.207318895413511939e+01
1.918864333775108344e+00 1.150764071060600990e+01 3.679657116931650052e+01
1.948020861965835238e+00 1.148902306225082448e+01 3.270637876213366724e+01
1.975086721818399393e+00 1.146866612661902529e+01 2.907393531901304229e+01
2.000177771255400749e+00 1.144612910088211422e+01 2.594612244482825147e+01
2.023266280897265901e+00 1.141953234953986929e+01 2.330058058449977310e+01
2.044577054620168699e+00 1.139126647890175370e+01 2.091016461754085398e+01
2.064118903560036244e+00 1.135951693660233452e+01 1.899026297584670786e+01
2.082031737390120707e+00 1.132557939022816917e+01 1.722385648103334788e+01
2.098353021900661197e+00 1.128957338414388367e+01 1.566918067480489007e+01
2.113188614130634413e+00 1.125131668683088471e+01 1.430626904733373195e+01
2.126578636139615508e+00 1.120982448110042284e+01 1.305737743129678918e+01
2.138608126502910878e+00 1.116753487391876298e+01 1.200523565195113562e+01
2.149329634392595612e+00 1.112281853623871264e+01 1.105085733542849624e+01
2.158774606652990258e+00 1.107602361597546725e+01 1.018410348431896395e+01
2.167043680047265664e+00 1.102781829771417499e+01 9.412660109481295834e+00
2.174170331192068595e+00 1.097785455526629583e+01 8.683096408278693445e+00
2.180193582725370671e+00 1.092625950650249322e+01 8.083409524794944900e+00
2.185185051503826692e+00 1.087382481837198256e+01 7.489558621282771611e+00
2.189176766575235966e+00 1.082042472418984680e+01 6.975885355691109346e+00
2.192203284783691419e+00 1.076488705443404825e+01 6.521128411026914762e+00
2.194255231927312977e+00 1.070859849110891560e+01 6.101635763099407583e+00
2.195454073326170708e+00 1.065191326190571175e+01 5.698191828733357056e+00
2.196001281545669759e+00 1.059513720961102656e+01 5.342074565742521486e+00
2.195374769191619890e+00 1.053613408924652717e+01 5.040521350244088872e+00
2.194318836221593738e+00 1.047732363495603991e+01 4.746433158787333184e+00
2.192226973015296565e+00 1.041650380077847160e+01 4.471388255723848459e+00
2.189578004339594930e+00 1.035681389231941552e+01 4.226740381040421823e+00
2.186281225954673335e+00 1.029598246965205099e+01 3.991442748434156584e+00
2.182342390804118626e+00 1.023543060439399355e+01 3.781623413915510490e+00
