2.191799393465098389e-01 1.550982308316407554e+01 3.683535669800713658e+06
2.257065948032617453e-01 1.525423507538482504e+01 3.191047718364377506e+06
2.324536914912190000e-01 1.502143380198292100e+01 2.770848467756423168e+06
2.394325356201376931e-01 1.482410455771444902e+01 2.411610561627355870e+06
2.466463975890202387e-01 1.464074293109207403e+01 2.115606853149527218e+06
2.540955191825245429e-01 1.441256846967107919e+01 1.805863340243740007e+06
2.617889095815386646e-01 1.423596953845254198e+01 1.572303731264220085e+06
2.697326241272106073e-01 1.406564875124514025e+01 1.359647252976967953e+06
2.779281419461212543e-01 1.391172777922361625e+01 1.179517272694226354e+06
2.863838209406705526e-01 1.375951627839058844e+01 1.024425440726721543e+06
2.951099128372957070e-01 1.363075563972922843e+01 8.802265695170336403e+05
3.040679459143122987e-01 1.350044918750581324e+01 7.713365377255429048e+05
3.133216441586618162e-01 1.338096001299327398e+01 6.708146473619837780e+05
3.228336946433183474e-01 1.326971147145671992e+01 5.830393264566761209e+05
3.326339840943958737e-01 1.316561655530157182e+01 5.056331809065598645e+05
3.427228186571349422e-01 1.306919808977507813e+01 4.394503696280990262e+05
3.530703491858772636e-01 1.297828632595886766e+01 3.793257938011306105e+05
3.637275476495959170e-01 1.288924708091386861e+01 3.324503023253746214e+05
3.746532934790807734e-01 1.280592204938420942e+01 2.888536280008382746e+05
3.858879829681033935e-01 1.272919041355454794e+01 2.514156416851320828e+05
3.974298128696087118e-01 1.266033566658088638e+01 2.183499306445071124e+05
4.092424229860590068e-01 1.259464460435331468e+01 1.900893319406998635e+05
4.213543658242444589e-01 1.253258224604251403e+01 1.645356395106854034e+05
4.337801504137187569e-01 1.247292470118112284e+01 1.442248181053379667e+05
4.465083917161490890e-01 1.241948714435985757e+01 1.255838433779322513e+05
4.595488477600638832e-01 1.236560212394298652e+01 1.094547825809522328e+05
4.728630215767550271e-01 1.232403225328793361e+01 9.545482603043329436e+04
4.865008571090359002e-01 1.227395689395239309e+01 8.339369176365167368e+04
5.004037080245038460e-01 1.223445414166605616e+01 7.190327949192706728e+04
5.146253016312444251e-01 1.219201527706037780e+01 6.353473229865456233e+04
5.291501763001460468e-01 1.215672698063588264e+01 5.546960196963024646e+04
5.439736042242029335e-01 1.212219355745305904e+01 4.846758007824708329e+04
5.590957828079025083e-01 1.208673567082001021e+01 4.240835095534052380e+04
5.744810343201947056e-01 1.205586054939422880e+01 3.712036233746022481e+04
5.898997010459336998e-01 1.202736135794349970e+01 3.257135571904213430e+04
6.043994139494515139e-01 1.200019829873920330e+01 2.881347875358711462e+04
6.181569205875870887e-01 1.196959378873815538e+01 2.570725857150752199e+04
6.314067017622159161e-01 1.194675057308764288e+01 2.302832965111836165e+04
6.442838281941243306e-01 1.191885790034834081e+01 2.066277791842179067e+04
6.569120618834690672e-01 1.188976123193008405e+01 1.861302462048555026e+04
6.694179654982965744e-01 1.186153823241499694e+01 1.675714210174310938e+04
6.818678525146756320e-01 1.183248664582429477e+01 1.513545971659628049e+04
6.943276180603632497e-01 1.180197707582841815e+01 1.363221662664584437e+04
7.068702570560381204e-01 1.177226351355700551e+01 1.230354880737336680e+04
7.195253839660953332e-01 1.173993932431506870e+01 1.108471820312394448e+04
7.323472420290046969e-01 1.170654850307092865e+01 9.901189552887661193e+03
7.453718065016975425e-01 1.167447278531302857e+01 8.908550431649728125e+03
7.586399599448409026e-01 1.164105040104020539e+01 8.084247615089842839e+03
7.721732874048643502e-01 1.160933791418210603e+01 7.270010488097319467e+03
7.860043998625637629e-01 1.157487496174620212e+01 6.527125448579477961e+03
8.001523782255499651e-01 1.154056877304193662e+01 5.843750896492816537e+03
8.146419940730268427e-01 1.150703671976608256e+01 5.238609058266295506e+03
8.294913364552910506e-01 1.147320139115428361e+01 4.685836665503112272e+03
8.447007414692118132e-01 1.143947606284480401e+01 4.184872586570313615e+03
8.603051280826187197e-01 1.140509274215639657e+01 3.733022355933030667e+03
8.763072025820572986e-01 1.137705367378047328e+01 3.326159426031831117e+03
8.927094742190541110e-01 1.133825712445252876e+01 2.965017565129695413e+03
9.095252781322616942e-01 1.130652969172338373e+01 2.637492483265050851e+03
9.267527489809704866e-01 1.127428678480309721e+01 2.345786718543473853e+03
9.444010090256803602e-01 1.124237578072704835e+01 2.083440368504763228e+03
9.624728841308830551e-01 1.121026439086960380e+01 1.847991823711304050e+03
9.809494762748388608e-01 1.117965003836234317e+01 1.627037452373177530e+03
9.998465446687391234e-01 1.115027584575785724e+01 1.451578737747022160e+03
1.019141732393402888e+00 1.112100291887764669e+01 1.286410714112272444e+03
1.038841721557441478e+00 1.109476902878185278e+01 1.139145855194593196e+03
1.058931801359688896e+00 1.106638612507377495e+01 1.007493517091396370e+03
1.079402085116197396e+00 1.103796272816305368e+01 8.913863166535186338e+02
1.100235364207697186e+00 1.100815988414715463e+01 7.823275237632774406e+02
1.121414407132715452e+00 1.098075125080421444e+01 6.930596450522157284e+02
1.142930274698767734e+00 1.095351256328358680e+01 6.168781455055116112e+02
1.164760110231113144e+00 1.092923711715071988e+01 5.450049852613389021e+02
1.186891069127512077e+00 1.090364005093918998e+01 4.820864003850392123e+02
1.209295722972537623e+00 1.087930565323219767e+01 4.266095603750453620e+02
1.231961226174655089e+00 1.085259797259229408e+01 3.771422029538688321e+02
1.254850730435271622e+00 1.083033256602681149e+01 3.318474259170951086e+02
1.277943916115632073e+00 1.080616969200199229e+01 2.953399947373611667e+02
1.301218762113629746e+00 1.078379563273518293e+01 2.608175412073310895e+02
1.324647944246392539e+00 1.076011464844769883e+01 2.316236654897359131e+02
1.348200267154274767e+00 1.074126175312535736e+01 2.054131458967778485e+02
1.371852699642775564e+00 1.071603784189504971e+01 1.821906961077876019e+02
1.395572597955788030e+00 1.069311705966509507e+01 1.616758180473247819e+02
1.419328645910686637e+00 1.067147898902901737e+01 1.435551483106046646e+02
1.443003452988394386e+00 1.064996464521512998e+01 1.271322136524127018e+02
1.466529341740830050e+00 1.062796916913985079e+01 1.135555223725264256e+02
1.489876979511309818e+00 1.060639444505517481e+01 1.012934792701997111e+02
1.513004536061034244e+00 1.058397815073352177e+01 8.999224496040878307e+01
1.535940942919198582e+00 1.056176427391457295e+01 8.039963887701394185e+01
1.558562987985369741e+00 1.053926072744759956e+01 7.225149701509010924e+01
1.580956878764425477e+00 1.051645749854425027e+01 6.469958492381077519e+01
1.603032167201478675e+00 1.049389167450699389e+01 5.778189433102588879e+01
1.624816589519948895e+00 1.047055261250171121e+01 5.187696646662161726e+01
1.646262542719948652e+00 1.044749856220717810e+01 4.680724945572644913e+01
1.667268619045505496e+00 1.042283388455613213e+01 4.211115987480718559e+01
1.687966592073432581e+00 1.039861320057408811e+01 3.793908517420218374e+01
1.708203684229671726e+00 1.037409454410877530e+01 3.423752758402330443e+01
1.728067122471818262e+00 1.034820550941754824e+01 3.091463834578902947e+01
1.747482630202404685e+00 1.032303623179026530e+01 2.796271222393998457e+01
1.766451512827468262e+00 1.029782970579560875e+01 2.525795176119467200e+01
1.784933862925867087e+00 1.027035945102017145e+01 2.288705839563222710e+01
1.802919354492119597e+00 1.024340250024572008e+01 2.086202427329690323e+01
