2.191799393465098389e-01 1.550982308316407554e+01 3.683535669800713658e+06
2.246142435238032697e-01 1.533473037662391825e+01 3.263114281467884779e+06
2.301994173188698922e-01 1.512614300834659531e+01 2.895837076208064798e+06
2.359453657736690357e-01 1.491945384508416872e+01 2.574662958954987116e+06
2.418647215124943017e-01 1.472944122522995158e+01 2.287138376982956193e+06
2.479281614207107520e-01 1.456986085986514112e+01 2.037114711227552034e+06
2.541659275085241809e-01 1.440948676373226434e+01 1.806536108549097320e+06
2.605734413760147916e-01 1.426408302276500351e+01 1.607331394283794798e+06
2.671555468254869226e-01 1.412390263192941475e+01 1.422999392931345152e+06
2.739124054364040495e-01 1.398578649035469113e+01 1.266533178836561739e+06
2.808474131433248422e-01 1.385900476502273193e+01 1.122916269129549386e+06
2.879639117650940605e-01 1.373782659360174563e+01 9.984451831386036938e+05
2.952537242494761571e-01 1.362384704515456413e+01 8.877492368257328635e+05
3.027422278604559036e-01 1.352144122282386185e+01 7.897142949617025442e+05
3.104043790099506595e-01 1.341563668330077697e+01 7.010546990557465469e+05
3.182685772892533960e-01 1.332263703507820551e+01 6.247923113725574221e+05
3.263093777057513578e-01 1.323453947363824668e+01 5.537384392671757378e+05
3.345618013600102914e-01 1.315105090795637643e+01 4.917181715479632257e+05
3.429991132582825286e-01 1.306454967394681077e+01 4.378790393870917032e+05
3.516353959067450297e-01 1.298514070721552294e+01 3.893132810167843127e+05
3.604644705791441028e-01 1.290587594541638161e+01 3.464003602017058874e+05
3.695033150766434682e-01 1.284714474740352408e+01 3.085885251861387515e+05
3.787538157755691581e-01 1.277905696997666496e+01 2.740601428381128353e+05
3.881922143667427827e-01 1.271519971185092146e+01 2.442589022035173839e+05
3.978714013232360069e-01 1.265650388756192157e+01 2.172724351719392289e+05
4.077062567475558952e-01 1.260450604420464238e+01 1.934008403030685731e+05
4.177697819109078559e-01 1.255053059552400008e+01 1.725125609529265494e+05
4.280490584884091843e-01 1.249830584589539484e+01 1.536778103164880595e+05
4.385268322003829655e-01 1.245309801619611001e+01 1.372262526291117829e+05
4.492439593457702718e-01 1.240928102860119608e+01 1.220212136987235135e+05
4.601569918135921533e-01 1.236525130082654833e+01 1.088156622523807164e+05
4.712633318229864643e-01 1.232561680382089442e+01 9.715744024409769918e+04
4.825677886340247746e-01 1.228914588185106815e+01 8.664851143538330507e+04
4.941141950947551820e-01 1.225106381832409497e+01 7.730730844116544176e+04
5.058518192439839245e-01 1.221630339954223210e+01 6.901104489866734366e+04
5.178035167149689366e-01 1.218697092742004173e+01 6.158888632539448008e+04
5.299647635383853972e-01 1.215246054185998048e+01 5.509619199115959782e+04
5.423336604104805891e-01 1.212295980856349686e+01 4.921288831475500774e+04
5.549109826596192452e-01 1.209607084414716027e+01 4.403286068141584110e+04
5.676973683972456053e-01 1.206873728676269941e+01 3.935565665133128641e+04
5.806397653905698286e-01 1.204224038245985362e+01 3.521573766090848949e+04
5.938340398695084454e-01 1.202005587545693288e+01 3.151953784624056061e+04
6.073158352237263413e-01 1.199641144921481306e+01 2.818508455213311026e+04
6.210891295111004018e-01 1.197607634136773669e+01 2.496350408932309074e+04
6.352502630531851047e-01 1.195408894664957877e+01 2.252723264598382593e+04
6.498210785212716889e-01 1.193376317933374509e+01 2.012242497653901955e+04
6.648349698228142035e-01 1.191507050529100553e+01 1.793221544485867707e+04
6.803266999774423285e-01 1.189628445209766028e+01 1.598082308255786120e+04
6.963074299612899143e-01 1.188102137212885268e+01 1.413024276326223116e+04
7.128221791364898197e-01 1.186724109124287097e+01 1.263293143450271964e+04
7.298892914689040223e-01 1.186152303976186140e+01 1.121513176268085408e+04
7.473985438481230981e-01 1.184125232765194902e+01 9.970032983070992486e+03
7.650016703990369926e-01 1.182994632837409554e+01 8.861136104967466963e+03
7.826900543808050781e-01 1.182082534703477528e+01 7.899061461580537980e+03
8.005178950633229373e-01 1.181077181009218080e+01 7.041798682634160286e+03
8.184741986155879001e-01 1.180048939200665004e+01 6.291637433327832696e+03
8.366195045101364469e-01 1.179561329320457475e+01 5.617758487502451317e+03
8.549665447146528319e-01 1.178636083252565392e+01 5.027042638623253879e+03
8.735208833336799428e-01 1.177974556777886761e+01 4.495217299950611960e+03
8.922980721345200594e-01 1.177324060082305301e+01 4.023996363481254321e+03
9.113296927691644234e-01 1.176580584551940767e+01 3.597127479063555256e+03
9.305871632650368763e-01 1.176225029155234658e+01 3.222876011313954677e+03
9.501312009149974758e-01 1.175583546231808540e+01 2.886514942092197543e+03
9.699577099315432882e-01 1.174989119388214753e+01 2.584958000649145561e+03
9.900499250274112928e-01 1.174520763706084736e+01 2.297206249598118120e+03
1.010431241430275184e+00 1.173972315699751690e+01 2.073749585303874937e+03
1.031094163343994063e+00 1.173532742772501081e+01 1.857390724969627854e+03
1.052056701431197450e+00 1.173043336194070640e+01 1.665133143812273147e+03
1.073403679093210883e+00 1.172768838434411265e+01 1.491160791592530359e+03
1.094847946927967275e+00 1.172297057557998379e+01 1.335902146802935022e+03
1.116678537830878337e+00 1.172019678725286518e+01 1.196909149270466742e+03
1.138792810526946697e+00 1.171645237163414421e+01 1.073261967206261716e+03
1.161201341029481471e+00 1.171433521829343327e+01 9.616066931469820247e+02
1.183880546370749576e+00 1.171064181052154574e+01 8.622808023898625152e+02
1.206831913717751892e+00 1.170672815060840399e+01 7.730761028524294716e+02
1.230058984093299834e+00 1.170492645387690089e+01 6.935219109733220648e+02
1.253514148194506239e+00 1.170247367713042408e+01 6.222853730483797108e+02
1.277229745489095292e+00 1.170163464555132293e+01 5.583863912937739542e+02
1.301182376172105304e+00 1.169794515072476315e+01 5.006134426631095380e+02
1.325335142401826705e+00 1.169549250513080274e+01 4.494710604047589868e+02
1.349723556819323322e+00 1.169617590197572810e+01 4.031748847164713538e+02
1.374305157876321681e+00 1.169283317955209966e+01 3.622217233420385583e+02
1.399073162003024340e+00 1.169050902329745512e+01 3.233329129043518719e+02
1.423963456600069621e+00 1.168980664416834436e+01 2.925088836228804894e+02
1.449053798496955370e+00 1.168559150604922081e+01 2.628099604499682300e+02
1.474248356925642600e+00 1.168327823088309891e+01 2.352897041920473953e+02
1.499548745882849143e+00 1.168138242450277353e+01 2.115741884274643780e+02
1.525024566985781815e+00 1.168180194891430901e+01 1.914675004367528857e+02
1.550443728809426380e+00 1.167645882830922588e+01 1.725432297186748940e+02
1.575980515581522301e+00 1.167514247004922190e+01 1.555321269143266818e+02
1.601608033587683222e+00 1.167122614021831595e+01 1.401662960363307207e+02
1.627140319264115620e+00 1.167014511538739718e+01 1.258427864507827536e+02
1.652733940119146983e+00 1.166528309572205302e+01 1.140942610548159024e+02
1.678381142430174444e+00 1.166258077603312771e+01 1.026883005574874090e+02
1.703788133291914253e+00 1.165849298627603936e+01 9.320349703859213264e+01
1.729226322420299944e+00 1.165336853730763700e+01 8.438362408446002405e+01
1.754574040992586292e+00 1.164962843419630900e+01 7.632761254183216693e+01
1.779856876309318103e+00 1.164487451760938264e+01 6.913679618949784356e+01
1.804904554278688122e+00 1.163996346013797556e+01 6.263908442403061372e+01
1.829851105689131563e+00 1.163433407689759846e+01 5.680456852470354789e+01
