2.191799393465098389e-01 1.550982308316407554e+01 3.683535669800713658e+06
2.257698338383762604e-01 1.525545163952685890e+01 3.184840154896090738e+06
2.325608649749428547e-01 1.502196132901207548e+01 2.762488434407065157e+06
2.395984015266918732e-01 1.480015150668548429e+01 2.393989835624772124e+06
2.468735394014092699e-01 1.459633105335720060e+01 2.072431394350751303e+06
2.543892418844339032e-01 1.440935977846395488e+01 1.800639934394184733e+06
2.621532796638694207e-01 1.421988016227472507e+01 1.557772879845417337e+06
2.701711417294357376e-01 1.405612848103599077e+01 1.350709129044422647e+06
2.784459164919823038e-01 1.390406987797167204e+01 1.169907630751139484e+06
2.869833420542683977e-01 1.375719923862858884e+01 1.015336794226719532e+06
2.957954776569946542e-01 1.361567832165703784e+01 8.801508007787083043e+05
3.048488027391210720e-01 1.349153427804920824e+01 7.621417039059940726e+05
3.141904015505094794e-01 1.336918166587517476e+01 6.626299675381957786e+05
3.238091697510155353e-01 1.325931170134933446e+01 5.753437334306187695e+05
3.337171202184696650e-01 1.315296337963247808e+01 4.981979912355891429e+05
3.438998144826868608e-01 1.305462328380437320e+01 4.325413355670202873e+05
3.543790680300341056e-01 1.296156383377859633e+01 3.757559547997923801e+05
3.651498167641488712e-01 1.287716490755403242e+01 3.260114234404887538e+05
3.762043388434020974e-01 1.279565132951132078e+01 2.834604347321111127e+05
3.875669454984591589e-01 1.271811087339864521e+01 2.462529108303583635e+05
3.992417149515485320e-01 1.264951292769194424e+01 2.146468253199815226e+05
4.111949650849544002e-01 1.258307203009003494e+01 1.860246091400516743e+05
4.234544970729581803e-01 1.252066320325716831e+01 1.616813596086316393e+05
4.360371786954126416e-01 1.246348022787824128e+01 1.411593177442207816e+05
4.489178654952680758e-01 1.240852428876886471e+01 1.225041342338527757e+05
4.621051167749762323e-01 1.235796433906541480e+01 1.068267110972799419e+05
4.755868918804874168e-01 1.230917964853036750e+01 9.295325832625897601e+04
4.893815930907360889e-01 1.226571691889001769e+01 8.088962949617866252e+04
5.034648063157681763e-01 1.222229289915176409e+01 7.070409310811702744e+04
5.178666368468273218e-01 1.218439656259749526e+01 6.169260203188122250e+04
5.325730496636341682e-01 1.214583414631417924e+01 5.377533983288790478e+04
5.475828167196650220e-01 1.211051105711784359e+01 4.699361162467316171e+04
5.628963287569214158e-01 1.207919918376022395e+01 4.104092785129718686e+04
5.784754031975724020e-01 1.205424975649999730e+01 3.549063996858625615e+04
5.943590761264317957e-01 1.201708382047639034e+01 3.136463424625444168e+04
6.105455106421856515e-01 1.199136970317137418e+01 2.742135374067741577e+04
6.271815060559494670e-01 1.196608188717808297e+01 2.397107038781494703e+04
6.443092183674148377e-01 1.194108878492487946e+01 2.097951322106623775e+04
6.619832037487691778e-01 1.191347983882170247e+01 1.834553755299526529e+04
6.803097744473171060e-01 1.189607915195954391e+01 1.594807147409273057e+04
6.993168052581286709e-01 1.187363028969634193e+01 1.379300121127127932e+04
7.190101910712412003e-01 1.185704773514233246e+01 1.207772194901496187e+04
7.394937169501268892e-01 1.184033510489285312e+01 1.048000201311106321e+04
7.607680460543616574e-01 1.182607465699719995e+01 9.080333609122215421e+03
7.828529106920986136e-01 1.181360732236693956e+01 7.853158443879187871e+03
8.057833171380962556e-01 1.180304210863880243e+01 6.787999248828794407e+03
8.295766693759011323e-01 1.179546294648697469e+01 5.855435880960197210e+03
8.542664704663111008e-01 1.178654522836021101e+01 5.051935738924695215e+03
8.798525829503071050e-01 1.179535736020124759e+01 4.350541704791175107e+03
9.063592134927528354e-01 1.178160962884694740e+01 3.748018719444818998e+03
9.337762610861308765e-01 1.178247486838434099e+01 3.219883136003747040e+03
9.621277532339137517e-01 1.178934580495013762e+01 2.765582555989056345e+03
9.914041269822055913e-01 1.178787553524742471e+01 2.377474506806561749e+03
1.021604400658664646e+00 1.179313382963739443e+01 2.039299479030203656e+03
1.052727576418806654e+00 1.180400631676643108e+01 1.751707397027696970e+03
1.084755653454204216e+00 1.181298036763578096e+01 1.501873234588670357e+03
1.117677604098301636e+00 1.182725962517117146e+01 1.289655761160913244e+03
1.151486995937349711e+00 1.183823064050394969e+01 1.106123225194477754e+03
1.186160082709706964e+00 1.185297980071009682e+01 9.500500026524578061e+02
1.221661948845571777e+00 1.187158852649892182e+01 8.152124371620323018e+02
1.257986220843004599e+00 1.188814697573138623e+01 6.999894976493335434e+02
1.295088134680472347e+00 1.190759191712679410e+01 6.013895921156773738e+02
1.332835138372024719e+00 1.193082091492904873e+01 5.170641110813646719e+02
1.369900060327218450e+00 1.194800645410679252e+01 4.469866006748058567e+02
1.405994823321347287e+00 1.196537744544016668e+01 3.888591784372202937e+02
1.441199692328948290e+00 1.198176738697090826e+01 3.398375819108505311e+02
1.475547196410259998e+00 1.200102664524637675e+01 2.979788296553222153e+02
1.509100435126691453e+00 1.201291552963385278e+01 2.624648328763676659e+02
1.541888176971445201e+00 1.202220772838505347e+01 2.316000365531064915e+02
1.573941291539638687e+00 1.203247513702710769e+01 2.051044288234834596e+02
1.605324053087710867e+00 1.204116744549321183e+01 1.820490669787318154e+02
1.636010561379336981e+00 1.204718881793140461e+01 1.619232949471324901e+02
1.666018214192020341e+00 1.204739055081627441e+01 1.444078517438052245e+02
1.695370614779807772e+00 1.205023484463994876e+01 1.291190016731538321e+02
1.724114675911174510e+00 1.204962091746222974e+01 1.156021993181675072e+02
1.752231393323187003e+00 1.204623240346216662e+01 1.037066285218989492e+02
1.779725945311836144e+00 1.204221600901697542e+01 9.305822527128651700e+01
1.806609112435001441e+00 1.203634106656150671e+01 8.376230795394511119e+01
1.832890727531165886e+00 1.202861341521682981e+01 7.544833250038344374e+01
1.858555648007374161e+00 1.201935544389453447e+01 6.806072650153357984e+01
1.883617444825984588e+00 1.200809338472093657e+01 6.146898434554703528e+01
1.908079008177766100e+00 1.199596572354215418e+01 5.557066634588615983e+01
1.931929839981583186e+00 1.198147024362778801e+01 5.027923557714764513e+01
1.955167986224594090e+00 1.196555972618291186e+01 4.560394239882565159e+01
1.977807588774074921e+00 1.194866104549690533e+01 4.135725041543553004e+01
1.999798742503553495e+00 1.192983403849189195e+01 3.757692406795587914e+01
2.021180335210570611e+00 1.190886933016806282e+01 3.420873091222654239e+01
2.041941916440589200e+00 1.188801633612115083e+01 3.100568432139044006e+01
2.062065689692474724e+00 1.186486133776415208e+01 2.839206785018382462e+01
2.081566868881633336e+00 1.184087241139222257e+01 2.589120621723643367e+01
2.100561377055916168e+00 1.181603511286909658e+01 2.364789897241292493e+01
2.118631437683214713e+00 1.178894902897380703e+01 2.165926296939183970e+01
2.136212275342235678e+00 1.176151947394088637e+01 1.983732408572882377e+01
2.153132771280627633e+00 1.173288468112376925e+01 1.812178751312581326e+01
2.169406112715186019e+00 1.170238575346413334e+01 1.669820797769427756e+01
2.185024058620756104e+00 1.167199298319146017e+01 1.534328399449826641e+01
2.199990049193254027e+00 1.163970538588688264e+01 1.410726955580874886e+01
2.214300985539532363e+00 1.160673505373099168e+01 1.299878122012025194e+01
2.227960220501779887e+00 1.157285369909411443e+01 1.198687572334827145e+01
2.240962204317330730e+00 1.153775257884344541e+01 1.106692887585116480e+01
