2.191799393465098389e-01 1.550982308316407554e+01 3.683535669800713658e+06
2.251726060969486687e-01 1.527386275964271434e+01 3.232527239636152983e+06
2.313619137504852041e-01 1.505260662060745958e+01 2.838941377931925002e+06
2.377450464412864117e-01 1.486619297424927666e+01 2.491707719428698998e+06
2.443324593263506150e-01 1.466435173215373489e+01 2.181556517886775546e+06
2.511087667046829619e-01 1.450678253002622320e+01 1.927635573775396449e+06
2.580935637057313881e-01 1.432234738195909429e+01 1.682815507470417535e+06
2.652862945860769428e-01 1.415354693145605225e+01 1.471691760969289811e+06
2.726917974682778190e-01 1.401214996287522396e+01 1.293905812830169452e+06
2.803141669322245511e-01 1.386878641582159943e+01 1.135755563445497537e+06
2.881560506705526103e-01 1.374773085373124459e+01 9.976705397866631392e+05
2.962191874791633706e-01 1.361593026815700469e+01 8.731498406616286375e+05
3.044987099007067100e-01 1.349537123354721579e+01 7.655707348952101311e+05
3.130122284269644672e-01 1.338339806633031692e+01 6.729765391572416993e+05
3.217567876688336437e-01 1.328075056795882425e+01 5.920635141976958839e+05
3.307389375551275101e-01 1.318141478939275935e+01 5.196372506662228261e+05
3.399533552707573181e-01 1.309223868397088353e+01 4.571858853730273549e+05
3.494101383916443093e-01 1.299691627941974303e+01 4.019719534545637434e+05
3.591096980697375263e-01 1.292212693394978373e+01 3.526133236902153003e+05
3.690575842996150491e-01 1.285058279373352441e+01 3.098065932107885019e+05
3.792520769928507951e-01 1.277581781674826367e+01 2.724516240854752250e+05
3.896837930762706015e-01 1.270917705698422573e+01 2.395454650611146644e+05
4.003750921896999104e-01 1.264050032425393510e+01 2.108515544820860669e+05
4.113212454346753533e-01 1.258553383503959999e+01 1.859169873943632992e+05
4.225077656905105727e-01 1.252570209018669622e+01 1.638258252296815626e+05
4.339663682253485644e-01 1.247305696091463645e+01 1.438302898005247698e+05
4.456765459226722514e-01 1.242302250445501954e+01 1.266849252299817745e+05
4.576324864231787748e-01 1.236884628274257736e+01 1.117602224908825592e+05
4.698592097257500710e-01 1.232932355149031700e+01 9.855902909242991882e+04
4.823097122335124887e-01 1.228745998389799432e+01 8.687878063790891611e+04
4.950457913607060889e-01 1.224768949524961847e+01 7.662527829154515348e+04
5.080200642002712375e-01 1.221094569512679051e+01 6.768655419382285618e+04
5.212526160246695461e-01 1.217532654277778015e+01 5.975084400609452859e+04
5.347398364062172504e-01 1.214182749975634934e+01 5.269355354643479950e+04
5.484795625857930013e-01 1.210919550746714535e+01 4.659327445352305949e+04
5.624727210474748107e-01 1.207917234866607892e+01 4.120165632465897943e+04
5.766858467777969954e-01 1.205326938462916964e+01 3.608422701555002277e+04
5.909200022452552048e-01 1.202506225149563868e+01 3.227607291731514488e+04
6.046478836354367559e-01 1.199949163109551442e+01 2.877670512993056400e+04
6.180236594643787607e-01 1.197542822642370730e+01 2.575133870649365417e+04
6.311510654851852919e-01 1.195016825514165149e+01 2.314785328647574352e+04
6.441659306053518774e-01 1.192782403142898140e+01 2.076698181425680741e+04
6.571327342343655786e-01 1.190129574484995700e+01 1.873694308011905377e+04
6.701116073705203346e-01 1.187424380714250383e+01 1.687168985949013586e+04
6.831704406650924710e-01 1.185097078274278637e+01 1.512681652068994663e+04
6.964372834061440809e-01 1.182628805154165086e+01 1.368864375813111656e+04
7.097588793560539733e-01 1.180218455496443042e+01 1.232111620163141743e+04
7.233462525466906046e-01 1.177593595547162053e+01 1.111148764225443847e+04
7.371764842657282379e-01 1.175077932269934244e+01 9.997689258521044394e+03
7.512824256721938321e-01 1.172620992671338591e+01 8.929914549282268126e+03
7.656931595306611937e-01 1.170113149910821271e+01 8.069781839717948969e+03
7.804252777957290110e-01 1.167606506572510661e+01 7.244367584359636567e+03
7.955094825358445254e-01 1.165175847435534351e+01 6.501326670988950355e+03
8.109494216387790333e-01 1.162451800766196186e+01 5.822714499046587662e+03
8.267697534086915212e-01 1.160179150691263317e+01 5.212719070780254697e+03
8.429862781682226913e-01 1.157887560545509942e+01 4.656788969313294729e+03
8.596111218441404578e-01 1.155369913751197153e+01 4.162059544961765823e+03
8.766495316381701652e-01 1.153210856564356845e+01 3.717134365020427140e+03
8.941098201541562984e-01 1.150993968614174712e+01 3.314999922731104107e+03
9.120001940945506869e-01 1.148835054298621650e+01 2.954880312625553415e+03
9.303291882450196448e-01 1.146704377149123744e+01 2.632533142800150017e+03
9.490956085351919258e-01 1.144531233770774925e+01 2.342993272704730771e+03
9.683009864753615581e-01 1.142642420442648188e+01 2.084298484417884083e+03
9.879474532282527255e-01 1.140761390170649925e+01 1.851648960539026575e+03
1.008033835456424443e+00 1.139026944311546963e+01 1.645546748790110087e+03
1.028547072337332002e+00 1.136986434711526961e+01 1.461580130514384109e+03
1.049490382960618140e+00 1.135402110644288598e+01 1.297896891237795444e+03
1.070855896951594222e+00 1.133484192000383395e+01 1.153032222283026613e+03
1.092631867516338673e+00 1.132302335685101724e+01 1.022504897568028127e+03
1.114815611622267166e+00 1.130463661399205577e+01 9.071918845936460229e+02
1.137382538639677643e+00 1.128933421910483759e+01 8.047523765545789729e+02
1.160331922374910008e+00 1.127531298117096092e+01 7.136597993688186534e+02
1.183642377013266911e+00 1.126218532497135172e+01 6.329538144267513644e+02
1.207308069951046559e+00 1.124817098740115284e+01 5.615015970673579204e+02
1.231285734248950936e+00 1.123517595678997161e+01 4.985446529144977603e+02
1.255585331864280008e+00 1.122342213230881391e+01 4.421545336214250028e+02
1.280175762179612819e+00 1.121091862731525701e+01 3.921029845874276134e+02
1.305034753630288868e+00 1.120016601118553545e+01 3.483724342670200826e+02
1.330136782366542203e+00 1.118863023653069177e+01 3.096575876977901771e+02
1.355466704702501302e+00 1.118102712519704234e+01 2.751766358645018045e+02
1.381001779005117669e+00 1.116725662748335957e+01 2.443441252716355905e+02
1.406698186298144027e+00 1.115814795820080185e+01 2.176208596620047331e+02
1.432551060549074329e+00 1.114818599821850498e+01 1.936296478045636604e+02
1.458524432880144994e+00 1.113840066787994765e+01 1.724242939581838243e+02
1.484604854927420670e+00 1.112934951125405370e+01 1.537392238848601949e+02
1.510736447281086692e+00 1.111745026430405403e+01 1.370582706887298059e+02
1.536915018528920429e+00 1.110818477717140063e+01 1.222476994492803044e+02
1.563103986571303450e+00 1.109847253945176071e+01 1.088821353076263705e+02
1.589274734509463327e+00 1.108856084282560595e+01 9.756431923426711705e+01
1.615400390654537777e+00 1.107988518379338494e+01 8.719918684416218468e+01
1.641341030741784834e+00 1.106973739473005303e+01 7.810104360905295096e+01
1.666776298484358154e+00 1.105935274736460272e+01 7.007064144206856326e+01
1.691645658891175685e+00 1.104814945779240176e+01 6.307779434939900653e+01
1.715969399100215398e+00 1.103707275078390637e+01 5.686472018414710305e+01
1.739695628969946783e+00 1.102488501636188722e+01 5.131071677617266857e+01
1.762857501424116791e+00 1.101220615347433274e+01 4.625238163418504200e+01
1.785447433584038457e+00 1.099849881028811716e+01 4.208643392650490966e+01
1.807451586034674040e+00 1.098402086206234429e+01 3.805870770552448334e+01
1.828846914723684547e+00 1.096905823668406477e+01 3.472483868625810999e+01
1.849661176098829740e+00 1.095369869299915955e+01 3.152357103158597340e+01
