2.191799393465098389e-01 1.550982308316407554e+01 3.683535669800713658e+06
2.248248212970312132e-01 1.530704239753846174e+01 3.268173111289786641e+06
2.306138765343983266e-01 1.509958996746448356e+01 2.901275676571615506e+06
2.365932865263542517e-01 1.489625267979878842e+01 2.556140655403895769e+06
2.427477360125289696e-01 1.471696560092520834e+01 2.246239673496320378e+06
2.490650695667837311e-01 1.453494297267743462e+01 1.991390108161722776e+06
2.555697426703820718e-01 1.437419517079623965e+01 1.756981060862884391e+06
2.622570719288483398e-01 1.422302770268632344e+01 1.553505596759464126e+06
2.691309717715371086e-01 1.408429562548372260e+01 1.376587507859321777e+06
2.761945408847010786e-01 1.394604270242910005e+01 1.219233464130043518e+06
2.834522695603079456e-01 1.381443230389093557e+01 1.075375726347368211e+06
2.909058298833704370e-01 1.369254632615887424e+01 9.506743865138773108e+05
2.985648904579361052e-01 1.358430130410432568e+01 8.412796670650172746e+05
3.063900993238697357e-01 1.346938780138460956e+01 7.446998673350483878e+05
3.144440259858275466e-01 1.336998421224891764e+01 6.587311466111211339e+05
3.226904630788772765e-01 1.327667200845547946e+01 5.842283552477749763e+05
3.311535388514177392e-01 1.318478698928046100e+01 5.161453559523876756e+05
3.398283985424790932e-01 1.309634362804793284e+01 4.524925257274026517e+05
3.487038826155387516e-01 1.301267260967827077e+01 4.050711393316360773e+05
3.578009576334587605e-01 1.292852350630189484e+01 3.589468173535870737e+05
3.671131600203831336e-01 1.286421839050660054e+01 3.187122747818770004e+05
3.766443531364614961e-01 1.279339461113438325e+01 2.824978387348099495e+05
3.863990393412172764e-01 1.272950870008071433e+01 2.499646028523368004e+05
3.963774225962148900e-01 1.266511580390966962e+01 2.213896855643084564e+05
4.065656066000762903e-01 1.260891343918877716e+01 1.960864711467929301e+05
4.169944732377904861e-01 1.255674221341820562e+01 1.739690769529351091e+05
4.276269601289694466e-01 1.250098471032769609e+01 1.547082123796564119e+05
4.384848602143922580e-01 1.245145332081428258e+01 1.369817468399624631e+05
4.495995794582582916e-01 1.240455043252272738e+01 1.217826226286843157e+05
4.609255783485370350e-01 1.236177308182888979e+01 1.080634570327476540e+05
4.724622501701647437e-01 1.232055831239680366e+01 9.603790847340888286e+04
4.842154032537995256e-01 1.228099159045463651e+01 8.548049312549752358e+04
4.962170936506613561e-01 1.224288636352143556e+01 7.594487134644802427e+04
5.084328761533954966e-01 1.220905948617622983e+01 6.739073356300454179e+04
5.208767641347178401e-01 1.217723990002507506e+01 5.996511437328268221e+04
5.335455797160513214e-01 1.214389377535809977e+01 5.332689228315296350e+04
5.464374895026941070e-01 1.211525520240752662e+01 4.745326234701597423e+04
5.595537337223372987e-01 1.208513762896624932e+01 4.222779043243826163e+04
5.728613698504632090e-01 1.205939211650188447e+01 3.759107871347221226e+04
5.863735827169144210e-01 1.203213530725684599e+01 3.353127712284518930e+04
5.999023282747030228e-01 1.200905520585338593e+01 2.972818125375795353e+04
6.135065125024373733e-01 1.198441562369026769e+01 2.675565257520268642e+04
6.272338242313431067e-01 1.196230272063679756e+01 2.369945165153844209e+04
6.410838022769193012e-01 1.194086824127926505e+01 2.144652404110109637e+04
6.552242436967059547e-01 1.192011464406433419e+01 1.920850423231665263e+04
6.696334192941152397e-01 1.189429049451224252e+01 1.719849948056706125e+04
6.843739454651989185e-01 1.187597811081159094e+01 1.540560662924396820e+04
6.994821247172313683e-01 1.185687115147267434e+01 1.375180054203506188e+04
7.149890845842346021e-01 1.184178147203238929e+01 1.226380371249440395e+04
7.308607107704557793e-01 1.182456331513035330e+01 1.084230531334289662e+04
7.471976458501816687e-01 1.180703245883078090e+01 9.748921265025011962e+03
7.639962923251476523e-01 1.179203254640097498e+01 8.689015795529450770e+03
7.812755966196406332e-01 1.177738632928077855e+01 7.724831235682197075e+03
7.990445267570696064e-01 1.176352692182708637e+01 6.873623046662303750e+03
8.173268478524180480e-01 1.175024557243632550e+01 6.097027015489667065e+03
8.361349622306094576e-01 1.173926638635779440e+01 5.420005135503201927e+03
8.554819478055462056e-01 1.172867310855157541e+01 4.811163090072471277e+03
8.753436624465235072e-01 1.171681047469729187e+01 4.267013009496907216e+03
8.954844788518518950e-01 1.171052849231989512e+01 3.785009856347828190e+03
9.158083187146431881e-01 1.170390541992992084e+01 3.356300647528761147e+03
9.363286149893633725e-01 1.169360569714975284e+01 2.987706089367246477e+03
9.570425804197433273e-01 1.168800917882322210e+01 2.657811422079270869e+03
9.779907197870782998e-01 1.168192709610445768e+01 2.367200940839219129e+03
9.991431524191182190e-01 1.167606073744255291e+01 2.105598216548079563e+03
1.020528818664914850e+00 1.167428686583655661e+01 1.879275764343265109e+03
1.042169833071317830e+00 1.166482177552521193e+01 1.675973042720232570e+03
1.064031673673338618e+00 1.166028336345306293e+01 1.495878140848439671e+03
1.086167396538242125e+00 1.165535985667372110e+01 1.325402881367279861e+03
1.108500409158588607e+00 1.165084433959637344e+01 1.191845039753131914e+03
1.131089347055804328e+00 1.164589358506936279e+01 1.066176189960678585e+03
1.153946188231589787e+00 1.164207355314671055e+01 9.509808448798921745e+02
1.176986048879141045e+00 1.163740538850238160e+01 8.516808238119369889e+02
1.200283766353082759e+00 1.163459539932055442e+01 7.592174195324738548e+02
1.223792327856083162e+00 1.162971195501811650e+01 6.796560825640387975e+02
1.247515984618890350e+00 1.162675197051383158e+01 6.079318362430644811e+02
1.271439015399014716e+00 1.162529996155864254e+01 5.437941408507750793e+02
1.295551931575026572e+00 1.162170121861382555e+01 4.869282107175592387e+02
1.319856709296117536e+00 1.161639411063084637e+01 4.361667515130418451e+02
1.344329669828226770e+00 1.161141826901410745e+01 3.906593508574904376e+02
1.368953179173744372e+00 1.160697320405933652e+01 3.502260806944768774e+02
1.393723974639712981e+00 1.160561245740128911e+01 3.122261813973672702e+02
1.418612032970715475e+00 1.160045684741903749e+01 2.820195292501785502e+02
1.443627684532954980e+00 1.159393344138714710e+01 2.525724753836045693e+02
1.468795390171763859e+00 1.158947638285823345e+01 2.269461593596238345e+02
1.493885869561739410e+00 1.158486230855244692e+01 2.036134051580806101e+02
1.519094947667385620e+00 1.158005447312874736e+01 1.832450428722391962e+02
1.544455649234688144e+00 1.157549820547945885e+01 1.647074358330157224e+02
1.569708418948660755e+00 1.156990230292274369e+01 1.474554835153167005e+02
1.594905504354704684e+00 1.156405738598407140e+01 1.335264583299142771e+02
1.620158664553339234e+00 1.155783463973755509e+01 1.202320852937697708e+02
1.645357686866433689e+00 1.155248860401506050e+01 1.083627330212361528e+02
1.670483225057708188e+00 1.154497371174423925e+01 9.777469607222433012e+01
1.695527070287047300e+00 1.153801350685980509e+01 8.835288145686057248e+01
1.720528153269867078e+00 1.153173847004731734e+01 7.975312668890258294e+01
1.745268718643428585e+00 1.152350179014311848e+01 7.184700176523259074e+01
1.769923826364240060e+00 1.151569205258782524e+01 6.532361011009393792e+01
1.794393303161165409e+00 1.150736376321889942e+01 5.907657855841167560e+01
1.818675404114975303e+00 1.149876112880537526e+01 5.332432050516285926e+01
1.842734557444516641e+00 1.148885027262468306e+01 4.864444297061425715e+01
1.866559347696097548e+00 1.147913065350215156e+01 4.388396523617135614e+01
