2.191799393465098389e-01 1.550982308316407554e+01 3.683535669800713658e+06
2.249493218780221626e-01 1.537080891118671744e+01 3.239966037337428425e+06
2.308755858228911384e-01 1.508843923208407212e+01 2.872994198251069523e+06
2.369933538797404926e-01 1.488066016947724357e+01 2.528403168669862673e+06
2.433020875180759990e-01 1.469969278284379399e+01 2.221151531290913466e+06
2.497806150446968687e-01 1.451681040285028068e+01 1.962165335378063144e+06
2.564525812359029766e-01 1.434670760020966718e+01 1.730966733507116791e+06
2.633155834700189879e-01 1.419913087458930256e+01 1.524636640639159363e+06
2.703751848031271665e-01 1.405404085804748959e+01 1.346806958237070823e+06
2.776334602558364617e-01 1.392257810127878059e+01 1.189191879476428963e+06
2.850949715108894722e-01 1.378867926366089058e+01 1.045464574961588369e+06
2.927669052152975793e-01 1.366765599391961317e+01 9.229435907327937894e+05
3.006284060738511621e-01 1.355637785757730818e+01 8.143593269685425330e+05
3.087072722418022219e-01 1.344315218086949848e+01 7.180374962614715332e+05
3.169972112418509291e-01 1.333953765462979213e+01 6.344578730511404574e+05
3.254944726557450485e-01 1.324366607200643209e+01 5.596914529027520912e+05
3.342235090067043335e-01 1.314826028725073925e+01 4.944616176888984628e+05
3.431639939767129333e-01 1.306258190807315422e+01 4.373926569642789545e+05
3.523251773416785082e-01 1.298127462648218433e+01 3.865958011613007402e+05
3.617186428242679108e-01 1.290285190792549486e+01 3.411522238324430655e+05
3.713306382813294504e-01 1.283128094842917477e+01 3.013729423083850998e+05
3.811954700717152256e-01 1.276078690716281550e+01 2.661561414452024619e+05
3.912548040091602397e-01 1.269688867557766621e+01 2.337293813514933572e+05
4.015720441901391990e-01 1.263774738158157085e+01 2.079504508014573366e+05
4.120998582985764269e-01 1.257958597152767055e+01 1.825178058860531310e+05
4.228722592752707232e-01 1.252520252301837367e+01 1.629722418448281824e+05
4.338898197806542179e-01 1.247174928566369623e+01 1.440030398871695506e+05
4.451465783254434094e-01 1.242651330037380042e+01 1.274233579394875414e+05
4.566170849400175147e-01 1.237891021965926797e+01 1.129787453177200659e+05
4.683476399309113858e-01 1.233494775593127457e+01 1.000571676779983827e+05
4.803059167365413273e-01 1.229360787955852707e+01 8.871674512901440903e+04
4.924814897222982157e-01 1.225529588937085101e+01 7.861970889651749167e+04
5.048965481751778173e-01 1.221895876883675491e+01 6.961622163334881770e+04
5.175539781405940065e-01 1.218595350900448082e+01 6.180518320554299862e+04
5.304462305970527591e-01 1.215037355672092190e+01 5.485425943645672669e+04
5.435728104370612934e-01 1.212089035599753117e+01 4.863323012259008101e+04
5.569330081675912814e-01 1.209117360474319547e+01 4.325818413266717835e+04
5.705272971254136127e-01 1.206248723268118006e+01 3.835203085377388925e+04
5.842945637403473835e-01 1.203717811296800022e+01 3.414569470250273298e+04
5.983159140827691846e-01 1.201073326589754053e+01 3.035703113407019191e+04
6.126137960388544634e-01 1.198826378333912501e+01 2.698700692518914730e+04
6.272573865147720307e-01 1.196536851483324959e+01 2.398778933216806035e+04
6.422789528167250905e-01 1.193987346691161200e+01 2.132447974938934203e+04
6.577450375105891034e-01 1.192152020763050579e+01 1.890218675617914778e+04
6.736619039198799008e-01 1.190241209384385712e+01 1.675289550780652280e+04
6.901083304748921732e-01 1.188567102018066457e+01 1.471780175739574224e+04
7.070910860091672578e-01 1.186727197253629740e+01 1.313441101381882436e+04
7.246526312680631188e-01 1.185226984763273528e+01 1.161614217081156494e+04
7.427903530461971160e-01 1.183742739496421059e+01 1.022451397920242562e+04
7.615546950098889267e-01 1.182548050999900546e+01 8.945768623107369422e+03
7.807772487150933527e-01 1.181459616955486958e+01 7.961816783739127459e+03
8.000043919041908147e-01 1.180511408669304707e+01 7.042132525358933890e+03
8.192417591332415983e-01 1.179701572026428025e+01 6.233051190320989008e+03
8.385323184090206494e-01 1.178798303433451800e+01 5.532435044760127312e+03
8.579062366462736344e-01 1.178040194530548312e+01 4.917826700422476279e+03
8.774032125013504491e-01 1.177473260640232589e+01 4.371403097722622078e+03
8.970282278977387280e-01 1.176385075650822110e+01 3.896712848395731726e+03
9.168101921808174959e-01 1.175776985297266641e+01 3.469419242327810480e+03
9.367769673040069467e-01 1.175169552103209369e+01 3.100399471575389271e+03
9.569604246480980514e-01 1.174197621753689269e+01 2.760544619591794344e+03
9.772721834445876610e-01 1.173905489931787471e+01 2.463162320999513668e+03
9.978470227901763412e-01 1.172856401681672622e+01 2.200623526945652884e+03
1.018640597188630981e+00 1.172354920345383000e+01 1.965329611231582476e+03
1.039661220183072388e+00 1.172043817301705992e+01 1.756393679657516032e+03
1.060920466652459870e+00 1.171088463415510006e+01 1.568696159410149221e+03
1.082426099990197121e+00 1.170401225118200550e+01 1.402069157202960014e+03
1.104169585706362477e+00 1.169814055408371622e+01 1.252652414235230026e+03
1.126146751018755499e+00 1.169123575061314568e+01 1.120384345373419137e+03
1.148374779055423733e+00 1.168672858229075828e+01 1.001347816876788215e+03
1.170818144900817037e+00 1.167835598944685138e+01 8.958611654074146600e+02
1.193508044396474066e+00 1.167454795878632723e+01 8.016437141561925728e+02
1.216436247423863026e+00 1.166559771761446918e+01 7.122547054088239520e+02
1.239576038538524161e+00 1.166111665297939837e+01 6.413875908426906562e+02
1.262920346985214604e+00 1.165604526904151861e+01 5.743208568454440410e+02
1.286470542281768825e+00 1.164677446721725573e+01 5.139510288130971958e+02
1.310209263505781374e+00 1.164226488373311597e+01 4.607346374316519473e+02
1.334120137282011065e+00 1.163441027793964899e+01 4.123724117071786850e+02
1.358197137251133890e+00 1.162561771855551207e+01 3.672080433041884930e+02
1.382425064666311876e+00 1.162251642327450440e+01 3.294308052080764924e+02
1.406870188453273274e+00 1.161262724114952150e+01 2.970203105737887768e+02
1.431266581506186464e+00 1.160565916342292958e+01 2.662795002813990664e+02
1.455827900455081814e+00 1.159776205620252476e+01 2.392507582690572292e+02
1.480497004030852493e+00 1.159084762809806612e+01 2.146487588233648580e+02
1.505221569895816236e+00 1.158316468984682324e+01 1.929108111463093280e+02
1.529984904418362213e+00 1.157622360500965897e+01 1.732333728581102150e+02
1.554774861413244169e+00 1.156694564128834379e+01 1.558760386785597518e+02
1.579567196110719829e+00 1.155795784881431487e+01 1.402783629752932200e+02
1.604336892519579338e+00 1.154921438181839655e+01 1.262162101284632030e+02
1.629066460099297453e+00 1.154108518324099997e+01 1.137186454213679525e+02
1.653739596538694068e+00 1.153159724998592850e+01 1.019608588622017749e+02
1.678326074249478772e+00 1.152145753473712553e+01 9.231868922383910103e+01
1.702806030900632095e+00 1.151159312086493358e+01 8.345143595159385086e+01
1.727155563999439147e+00 1.150086112051526932e+01 7.533171903770382016e+01
1.751358797268361078e+00 1.149050894201904427e+01 6.815170851665952512e+01
1.775382209516080279e+00 1.147922949493229083e+01 6.161248731720801430e+01
1.799216912343615027e+00 1.146712883206767764e+01 5.577163410884870132e+01
1.822832010074588949e+00 1.145542095867787680e+01 5.051189745001843079e+01
1.846208696686528761e+00 1.144304075536416576e+01 4.578326919780672455e+01
1.869328035034065305e+00 1.143021104691434964e+01 4.157328325125735802e+01
1.892206642240224612e+00 1.141722444145615256e+01 3.760605796831359271e+01
