2.191799393465098389e-01 1.550982308316407554e+01 3.683535669800713658e+06
2.261567332562337274e-01 1.523970130827933112e+01 3.161743977387734223e+06
2.333730563415205572e-01 1.500116076518591157e+01 2.713796804789634887e+06
2.408718446149984982e-01 1.476359275323112108e+01 2.337604125595608726e+06
2.486093087542521896e-01 1.454907139447425024e+01 2.003152394576163730e+06
2.566335491526757218e-01 1.435560722182317406e+01 1.723834324771141866e+06
2.649372878049904290e-01 1.416642754370541724e+01 1.482647107775034616e+06
2.735263745992672635e-01 1.399449732293789239e+01 1.275470884618718177e+06
2.824063694244305922e-01 1.383348898829136431e+01 1.094843622102395399e+06
2.915855074148824277e-01 1.368314770399050317e+01 9.388596176371864276e+05
3.010583179369913376e-01 1.354914904275002030e+01 8.089261394809575286e+05
3.108230839072159135e-01 1.341392241099920035e+01 6.957763760289907223e+05
3.209351525590781185e-01 1.329132620494906902e+01 5.987897638180345530e+05
3.313128682947454884e-01 1.318159685672608816e+01 5.152268988678554888e+05
3.420532523495088961e-01 1.307666041392338840e+01 4.435615808975950931e+05
3.530724058747616856e-01 1.297821772027251797e+01 3.796018799341744161e+05
3.644582327645952691e-01 1.288451560750974068e+01 3.290308636317174532e+05
3.761363725292193316e-01 1.279484655738142784e+01 2.834933331268350012e+05
3.881707698939632079e-01 1.271544355970159934e+01 2.443855338955632760e+05
4.005390795170816753e-01 1.264342769065740946e+01 2.103706686810247193e+05
4.132418024708739979e-01 1.257252243079685705e+01 1.817428187878286408e+05
4.263009304816436362e-01 1.250657860588345471e+01 1.569132950453697995e+05
4.396749600038831196e-01 1.244611429964812643e+01 1.353541503496717778e+05
4.534114679311639362e-01 1.239106533135434063e+01 1.168296946559038188e+05
4.675032540134573256e-01 1.233935513553150365e+01 1.007977777581877453e+05
4.818999614007624110e-01 1.228876890808136402e+01 8.721676133220817428e+04
4.966653964264110543e-01 1.224382542477526492e+01 7.551823805999627803e+04
5.117612442966064101e-01 1.219691035097763532e+01 6.534478066778652283e+04
5.272014983584862868e-01 1.216028924745770823e+01 5.655284261322695966e+04
5.429815082124902492e-01 1.212358351702875758e+01 4.896894292554823187e+04
5.591019573477805649e-01 1.208578810914888280e+01 4.240712081065999519e+04
5.755238687736007330e-01 1.205307096028179359e+01 3.679335440621480666e+04
5.919976342714298179e-01 1.202379245668575791e+01 3.176254870915282663e+04
6.078148983350654122e-01 1.199513269889342659e+01 2.799476662347827732e+04
6.231616490226135063e-01 1.196600245702805765e+01 2.469644148843062794e+04
6.382369089403613360e-01 1.193738179097627494e+01 2.179327298549988700e+04
6.532028651714397727e-01 1.190735063139369743e+01 1.932472325343624834e+04
6.681555266617970057e-01 1.188012905512835715e+01 1.713639792752765788e+04
6.831977461726456147e-01 1.185102033804214372e+01 1.516911504297628017e+04
6.984135435483012078e-01 1.182269707841660988e+01 1.345214327061200493e+04
7.138613019447513919e-01 1.179310742336044626e+01 1.193055396043279325e+04
7.296008785874956715e-01 1.176181981460423032e+01 1.057203672824435489e+04
7.457231253249695380e-01 1.173390680327149482e+01 9.264764514687343762e+03
7.621389212982963013e-01 1.170207000107327922e+01 8.267645253316732123e+03
7.791338663626651284e-01 1.167594796273647795e+01 7.292130448738374980e+03
7.963672617320709524e-01 1.164575965930088230e+01 6.431937658739579092e+03
8.141866682429151902e-01 1.161646814103647962e+01 5.673454023302203495e+03
8.325258788109219932e-01 1.158951793345825365e+01 4.985835119052225309e+03
8.513760936015077885e-01 1.156155017061609946e+01 4.381167487633621022e+03
8.707718211139383602e-01 1.153084863268921545e+01 3.847285696447123428e+03
8.907411457328437976e-01 1.150740754705104862e+01 3.373782261979984014e+03
9.112739173570943985e-01 1.148038808814458278e+01 2.952138372237312979e+03
9.323861721213555498e-01 1.145634244711980010e+01 2.582434579411727555e+03
9.540798028916612772e-01 1.143088910937938429e+01 2.259128945202888644e+03
9.763589147104708710e-01 1.140824564288884702e+01 1.959664287715569799e+03
9.992245240932824402e-01 1.138607869716456023e+01 1.721572114706475531e+03
1.022664370807122580e+00 1.136405638889281811e+01 1.500046820040331113e+03
1.046670783532801075e+00 1.134361377922821745e+01 1.307257770078573003e+03
1.071240855416181859e+00 1.132629237763210561e+01 1.138240731539856370e+03
1.096355268549348061e+00 1.130297958428056582e+01 9.915398872067723914e+02
1.122001983371617273e+00 1.128584751067818637e+01 8.633797138459534608e+02
1.148141998478806824e+00 1.126847932495870097e+01 7.525519247987883773e+02
1.174335429384397056e+00 1.125080852024710509e+01 6.570022567103044366e+02
1.200332059163285559e+00 1.123596391180510956e+01 5.744222758894815115e+02
1.226114320528245427e+00 1.121955933964618346e+01 5.040087750489774976e+02
1.251683053266628320e+00 1.120160314770521559e+01 4.427291722849936377e+02
1.277074957999852822e+00 1.118726901989837152e+01 3.902700559581742255e+02
1.302204119321822562e+00 1.116813265655366649e+01 3.441953690405446196e+02
1.327124131006705676e+00 1.114904712409045473e+01 3.041898132134516572e+02
1.351835381329482999e+00 1.113284089588083781e+01 2.693538703201446083e+02
1.376344846286060797e+00 1.110983389979081615e+01 2.373222755613314234e+02
1.400563982516125794e+00 1.109043936095131855e+01 2.117954838988383983e+02
1.424559935226571650e+00 1.106922267829420470e+01 1.882107735785436944e+02
1.448314333839543888e+00 1.104761768450993742e+01 1.672637665442384218e+02
1.471763242444012354e+00 1.102578401113957973e+01 1.482962616978911683e+02
1.494940770671447039e+00 1.100274749698578347e+01 1.329618922689290059e+02
1.517834973884283123e+00 1.097934104475440265e+01 1.182919217408236818e+02
1.540402800505249248e+00 1.095539381195596462e+01 1.059524652387079016e+02
1.562653041552644062e+00 1.092949544659398953e+01 9.449241012593004996e+01
1.584554166728844526e+00 1.090290447474177604e+01 8.461603498500163312e+01
1.606116907614773215e+00 1.087618330628914975e+01 7.579054034880087443e+01
1.627305667943995005e+00 1.084908633552987034e+01 6.830468382251929427e+01
1.648158737208298419e+00 1.082104655288459227e+01 6.135660050944724020e+01
1.668426347285969058e+00 1.079105963839815985e+01 5.520953839977369171e+01
1.688384516110778000e+00 1.076135215683052415e+01 4.971143024732554494e+01
1.707875684866013488e+00 1.073125486930266881e+01 4.480738374122621792e+01
1.726922654211686670e+00 1.070025411340001043e+01 4.044876490422439019e+01
1.745510584467367288e+00 1.066809606374288144e+01 3.659428091571903963e+01
1.763591845233054789e+00 1.063471144478585373e+01 3.306419629670247673e+01
1.781237186643078951e+00 1.060191075959108531e+01 2.985757822103307646e+01
1.798251548572412872e+00 1.056803618620713792e+01 2.716425415747900018e+01
1.814796781213402932e+00 1.053346515462902921e+01 2.465584883362205559e+01
1.830807795199219434e+00 1.049724982341616375e+01 2.238154739241955227e+01
1.846273554054643995e+00 1.046126225486537109e+01 2.033410116898185649e+01
1.861166339606400211e+00 1.042487550881927127e+01 1.849906684767022824e+01
1.875497028897130658e+00 1.038744374627050959e+01 1.689585842247788605e+01
1.889247721007967895e+00 1.034987496491869585e+01 1.543236144159893186e+01
1.902416567659633628e+00 1.031196003953918527e+01 1.416388534455639459e+01
1.915000004465855055e+00 1.027299691957448680e+01 1.295618997545677864e+01
1.926981298794185893e+00 1.023339777253984550e+01 1.189643762572290697e+01
