2.191799393465098389e-01 1.550982308316407554e+01 3.683535669800713658e+06
2.253037336025097703e-01 1.527726512016652372e+01 3.228139357143847272e+06
2.316396214768021156e-01 1.506434268294269074e+01 2.813364184266039170e+06
2.381611356818724157e-01 1.483919371884367777e+01 2.464011554285156541e+06
2.449045371277642491e-01 1.464677810647857470e+01 2.151973602621474303e+06
2.518458218416919636e-01 1.446891173836399069e+01 1.886974020441160537e+06
2.590046439441517911e-01 1.429085801956763468e+01 1.651308593627041671e+06
2.663817232677349045e-01 1.413643798387700201e+01 1.444294337422929239e+06
2.739814776156156984e-01 1.398446329844266067e+01 1.265833706495971419e+06
2.818070050370179991e-01 1.384536633249344817e+01 1.104584744651669869e+06
2.898630222872926043e-01 1.371299860576501395e+01 9.662503675224494655e+05
2.981490557137200792e-01 1.358361459094835411e+01 8.478839509845955763e+05
3.066616382417500786e-01 1.346518906205915123e+01 7.427786373236962827e+05
3.154210980871451353e-01 1.335164106015541030e+01 6.512362037120456807e+05
3.244275220610916000e-01 1.325038104354085355e+01 5.691164919052405749e+05
3.336744517672216026e-01 1.315206098651805533e+01 4.989462082830208237e+05
3.431685855168782884e-01 1.306326710586090911e+01 4.372687197833487880e+05
3.529094705370832696e-01 1.297513372528614006e+01 3.827132900148739573e+05
3.629393304538389153e-01 1.289433926868952973e+01 3.350339559934282443e+05
3.731648189087307665e-01 1.281644773596566900e+01 2.941682453657728038e+05
3.836900060807596491e-01 1.274481503498247292e+01 2.579550006288939621e+05
3.944599990286167257e-01 1.267639808548830338e+01 2.265382686050730699e+05
4.054986110700275481e-01 1.260963085112226345e+01 1.988861391106681840e+05
4.168163818729102577e-01 1.255580830246966428e+01 1.742531083717558649e+05
4.283627588580795620e-01 1.249879256493676394e+01 1.530739288200880401e+05
4.401862653512083057e-01 1.244595243737179580e+01 1.344818867560586950e+05
4.522921373175599613e-01 1.239411449048170155e+01 1.181877003574038099e+05
4.646729693568333319e-01 1.234986506722322908e+01 1.037768082884321775e+05
4.772992301169101670e-01 1.230535634532699873e+01 9.140468808456211991e+04
4.901942938900714641e-01 1.226596387782346653e+01 8.029758836729160976e+04
5.033431685449968329e-01 1.222313387813975361e+01 7.083840108116151532e+04
5.167685418448937362e-01 1.218662660543198051e+01 6.229762334936123079e+04
5.304595928530784210e-01 1.215226260960893079e+01 5.486175259332387941e+04
5.444148357372271541e-01 1.211933587502975662e+01 4.833542974068895273e+04
5.586338280580993576e-01 1.208774389705546248e+01 4.261382078023208305e+04
5.730843626710869776e-01 1.205895990230921910e+01 3.756168859580937715e+04
5.877482898248655996e-01 1.203135714560057323e+01 3.317225803355281823e+04
6.021449164217520522e-01 1.200513841550114336e+01 2.938443366780984798e+04
6.163883211370919657e-01 1.198118460375835248e+01 2.610883292305353098e+04
6.305576432619940386e-01 1.195507302493707513e+01 2.322489891367771270e+04
6.447793835604971324e-01 1.192736487112810195e+01 2.079964764513568662e+04
6.591296469078878895e-01 1.190657201611938021e+01 1.853011481814504441e+04
6.736491112376253865e-01 1.187956544105965762e+01 1.655334801669570879e+04
6.883941523666856632e-01 1.185978438922068534e+01 1.474190465021815362e+04
7.034275914031442589e-01 1.183751438113393739e+01 1.316805779064625858e+04
7.188231996073891628e-01 1.181427228233287074e+01 1.172797378253000352e+04
7.344685102902225315e-01 1.179135306897147117e+01 1.044399092791921066e+04
7.505756304329745943e-01 1.176994929658748923e+01 9.297082833657110314e+03
7.670763397491789926e-01 1.174803975018860491e+01 8.270817536543405367e+03
7.840181162683634852e-01 1.172729348297580820e+01 7.346751590787275745e+03
8.014281235685122295e-01 1.170744935901527128e+01 6.517477688902290538e+03
8.193248622902719047e-01 1.168791713664479204e+01 5.780509795007463254e+03
8.377084363413376256e-01 1.166962598396702511e+01 5.122036420341106350e+03
8.566088440090667833e-01 1.165036287986441543e+01 4.532375839530029225e+03
8.760353681812147464e-01 1.163488914870040425e+01 4.006507419871225920e+03
8.959955340459530015e-01 1.162060426609765962e+01 3.536882156581501931e+03
9.165035426093735005e-01 1.160396158587651350e+01 3.123461040847580989e+03
9.375535550770780491e-01 1.159010462316404322e+01 2.755173512048833800e+03
9.590706533050391558e-01 1.157578830593039321e+01 2.431434852604495518e+03
9.807623111054399878e-01 1.156260308855368102e+01 2.147373274979439884e+03
1.002594833263521723e+00 1.155136205332731336e+01 1.897953712198856692e+03
1.024579527059441775e+00 1.154076889742475487e+01 1.680458040945014318e+03
1.046709060780586453e+00 1.152812503106286890e+01 1.489484176715037847e+03
1.069012588118590790e+00 1.151650540853490590e+01 1.321627882643312660e+03
1.091486714380967227e+00 1.150805917112087329e+01 1.171206690981939573e+03
1.114113826197145496e+00 1.149478260581230593e+01 1.039810147065742285e+03
1.136868146618004838e+00 1.148434700893145433e+01 9.245967765827272160e+02
1.159828629027539915e+00 1.147714501987381652e+01 8.222672503549489420e+02
1.182926597672607105e+00 1.146322346815597903e+01 7.276663208013038684e+02
1.206178633294249014e+00 1.145178937819394349e+01 6.510149543064142108e+02
1.229578090553820502e+00 1.144447986483836388e+01 5.795841680174597741e+02
1.253146647317736617e+00 1.143078939020740670e+01 5.163409473392224527e+02
1.276787525833910530e+00 1.141872316019015798e+01 4.573404357254455590e+02
1.300539905925753192e+00 1.140769860877507647e+01 4.100690328552807955e+02
1.324430092148484839e+00 1.139597085307507740e+01 3.637321794169305917e+02
1.348379975487305815e+00 1.138429142494889490e+01 3.268329841323189271e+02
1.372426416823976592e+00 1.137172214314823826e+01 2.917654371081770250e+02
1.396501861170794001e+00 1.136117180985425357e+01 2.608281156158676026e+02
1.420635621632751588e+00 1.134701271927630017e+01 2.332100979190811643e+02
1.444788185739105835e+00 1.133385320505360561e+01 2.086980954696615527e+02
1.468936278594535239e+00 1.132088530317237307e+01 1.866599574657665244e+02
1.493066382052861130e+00 1.130828462567229131e+01 1.665291743870406265e+02
1.517162968142040436e+00 1.129544257568159793e+01 1.500228539084135662e+02
1.541370183433051988e+00 1.128196005217313669e+01 1.335725852194924528e+02
1.565177914395191383e+00 1.126637596606096281e+01 1.207596056856747850e+02
1.589032681776569200e+00 1.125127933938702540e+01 1.085282348550464633e+02
1.612763150844104487e+00 1.123672788497902175e+01 9.757211554706348977e+01
1.636367698883320676e+00 1.122080821995843714e+01 8.767285469378298046e+01
1.659785432129246674e+00 1.120533425284130757e+01 7.865567143322701327e+01
1.683029570036941980e+00 1.118983705961518815e+01 7.111941880939305349e+01
1.706048480404686041e+00 1.117173224105217955e+01 6.423207612121780130e+01
1.728837413296102410e+00 1.115422261251891634e+01 5.792265082287367051e+01
1.751375347886632738e+00 1.113668363418153184e+01 5.229452441736799528e+01
1.773706233254797926e+00 1.111906549222489993e+01 4.722924340938691046e+01
1.795675237396266111e+00 1.110009845806246531e+01 4.274624256515309639e+01
1.817308325633885557e+00 1.108121587944318875e+01 3.876419695921855180e+01
1.838612413383864386e+00 1.106240096773443682e+01 3.514958175763762682e+01
1.859497853083544650e+00 1.104165237361810270e+01 3.188218225256858318e+01
1.880067477421680122e+00 1.102110358008925495e+01 2.896563925194207201e+01
1.900308334460371729e+00 1.099961967845090527e+01 2.631048434686671911e+01
