2.191799393465098389e-01 1.550982308316407554e+01 3.683535669800713658e+06
2.268394809360280429e-01 1.522653667103844377e+01 3.126809513225072064e+06
2.348112582854068042e-01 1.495596159592049013e+01 2.617315710039314348e+06
2.430980807443249292e-01 1.472950558941107602e+01 2.263907182321306318e+06
2.517083433271818937e-01 1.446726674688837377e+01 1.876034267484479584e+06
2.606377314874097073e-01 1.425633549277065804e+01 1.601426317222565645e+06
2.699162635824952639e-01 1.406945400381391664e+01 1.355554308669405058e+06
2.795510854572648141e-01 1.388135867092873887e+01 1.136667408952263184e+06
2.895234713284693950e-01 1.371584576406782219e+01 9.735970863231018884e+05
2.998595950763623397e-01 1.355702329994373834e+01 8.242433831811723066e+05
3.105678425451337543e-01 1.341499121567786190e+01 6.985582056386222830e+05
3.216330593579844188e-01 1.328226536198905805e+01 5.935708808581170160e+05
3.330885955100243989e-01 1.315759588401597036e+01 5.030913326197291608e+05
3.449227998507544135e-01 1.304698885350508597e+01 4.261066586821688688e+05
3.571586863598523731e-01 1.293968698476419199e+01 3.623297684528791578e+05
3.697727182270551527e-01 1.284182886648845034e+01 3.072843791461005458e+05
3.828094240004027982e-01 1.275155384531833214e+01 2.611281890629258414e+05
3.962305243881458217e-01 1.266977969421994743e+01 2.216306159865432710e+05
4.100681837031247001e-01 1.258848753143741739e+01 1.885927366590254242e+05
4.243033409002878176e-01 1.251724581792093538e+01 1.602027285221824422e+05
4.389440808515497339e-01 1.244963346540586357e+01 1.364107246750998602e+05
4.540151961501747713e-01 1.239040240390759884e+01 1.160731887175345910e+05
4.695086005260640794e-01 1.233040658911691345e+01 9.900814670095566544e+04
4.853867683632368535e-01 1.227702939866637344e+01 8.438909798873199907e+04
5.016870259886104799e-01 1.222701538434275825e+01 7.199137741385890695e+04
5.183981492068182595e-01 1.218083261873723089e+01 6.136876704709979094e+04
5.355204084785510910e-01 1.213984940813222480e+01 5.234076415024413291e+04
5.530519587333426745e-01 1.210035419744428786e+01 4.475546785564687889e+04
5.709728149682227194e-01 1.206315610173117570e+01 3.790080149482991692e+04
5.891703421104965699e-01 1.202866521382449605e+01 3.272114345178485019e+04
6.071027117857684674e-01 1.199585584850947129e+01 2.820146848393880282e+04
6.248542058762890372e-01 1.196508729498300028e+01 2.439769228940257017e+04
6.426278977491555189e-01 1.193522001740510596e+01 2.113900633362184089e+04
6.605895636470134891e-01 1.190595009185771858e+01 1.830996317294065011e+04
6.788484403808996426e-01 1.187582632241452707e+01 1.589498266980267545e+04
6.975204400816550354e-01 1.184576337643819244e+01 1.376615438414258642e+04
7.166895876628655015e-01 1.181945047908789270e+01 1.194049397185024827e+04
7.364300501507091701e-01 1.179228325024379131e+01 1.032728481482319512e+04
7.567874176743831782e-01 1.176513835320871060e+01 8.915663621896350378e+03
7.777796521717967870e-01 1.173885238989552882e+01 7.691026237503319862e+03
7.995127322417189264e-01 1.171474346393814514e+01 6.633604148420583442e+03
8.220198578920082655e-01 1.169192660079289858e+01 5.703494401391833890e+03
8.452989013697094212e-01 1.166843304980709384e+01 4.895438320887235022e+03
8.693986765038933529e-01 1.164520990685041646e+01 4.202647425549322179e+03
8.943397425301877757e-01 1.162873069645235447e+01 3.595478718625913189e+03
9.201331857801058334e-01 1.160932921539636276e+01 3.077420108664430700e+03
9.467906799838894383e-01 1.159177479103061259e+01 2.630178759480064855e+03
9.743110629333655570e-01 1.157780053306532331e+01 2.246992954262229432e+03
1.002701063909802626e+00 1.156439334093201055e+01 1.915537842541409645e+03
1.031957415399221478e+00 1.155180123051216690e+01 1.634198247937664519e+03
1.062064469311083226e+00 1.154382646194846274e+01 1.392497013769521573e+03
1.093013126334102747e+00 1.153244806116028265e+01 1.186134030066180458e+03
1.124780425746209955e+00 1.152455433532328755e+01 1.010071238184886397e+03
1.157341727436547840e+00 1.151800556737026149e+01 8.597245481746306268e+02
1.190675769643379844e+00 1.151182464033475661e+01 7.268529026673829776e+02
1.224736336151080573e+00 1.150769992311420431e+01 6.232044285489331514e+02
1.259479208200045663e+00 1.150500426295404388e+01 5.311304470226758667e+02
1.294885340488983738e+00 1.150391485701221939e+01 4.529535952314689098e+02
1.330895324322938222e+00 1.150160863113107546e+01 3.864620969409638747e+02
1.367459873747310706e+00 1.150122125821145147e+01 3.296088928897549408e+02
1.404531004703875929e+00 1.149937842524082754e+01 2.813925697863458026e+02
1.442036983322470878e+00 1.150016811975035580e+01 2.406172598537089016e+02
1.479931911478288953e+00 1.150343079347229747e+01 2.057886708399427675e+02
1.518147342487266238e+00 1.150224847927430183e+01 1.764571997880105982e+02
1.556626300825763032e+00 1.150398069571875226e+01 1.511402655760185780e+02
1.595284326083982851e+00 1.150574137813692488e+01 1.297846902520554693e+02
1.633383594136593286e+00 1.150866682130396867e+01 1.116966077837067104e+02
1.669145739455119681e+00 1.150550799338831531e+01 9.729116108735836121e+01
1.702602424221799193e+00 1.150411863382853639e+01 8.517277995642665189e+01
1.733896585888711872e+00 1.149553494927711483e+01 7.514263656974749495e+01
1.763164608381861509e+00 1.148577634560950500e+01 6.638109655404025489e+01
1.790561449580128750e+00 1.147222490361246905e+01 5.912693876918230274e+01
1.816131466006272399e+00 1.145571793203261457e+01 5.303424656108497004e+01
1.840051486658351720e+00 1.143684423346529933e+01 4.782986839839423254e+01
1.862372785453785484e+00 1.141471326442911938e+01 4.307544533971400114e+01
1.883192768801394523e+00 1.138964951110117063e+01 3.896589406443502668e+01
1.902593534953237908e+00 1.136144383480443842e+01 3.537927018765253706e+01
1.920636543039611732e+00 1.133184763160585895e+01 3.215607600582612235e+01
1.937385307656837252e+00 1.129896646586093745e+01 2.921514220394029593e+01
1.952902848140419145e+00 1.126434242476325132e+01 2.679619755905411793e+01
1.967232077404985624e+00 1.122689387649687554e+01 2.445819675301599361e+01
1.980470562977040050e+00 1.118798427824650510e+01 2.242988628220183855e+01
1.992538101823071894e+00 1.114622103065516967e+01 2.069577984747935062e+01
2.003601120046014206e+00 1.110326804565843695e+01 1.900020232451161206e+01
2.013673704957094301e+00 1.105795206272283870e+01 1.759495372178831474e+01
2.022746817899426119e+00 1.101149310893694455e+01 1.626538739118542765e+01
2.030892774696738456e+00 1.096333357701167444e+01 1.500083675407094219e+01
2.038142254639939477e+00 1.091449041771317496e+01 1.394034179913425220e+01
2.044750204014280648e+00 1.086427835173551770e+01 1.294392907852244967e+01
2.050047192931754747e+00 1.081144638424600224e+01 1.205078324453924488e+01
2.054768832607796192e+00 1.075799076891263084e+01 1.117492887786739963e+01
2.058700696104710293e+00 1.070401188499216261e+01 1.043047184147295958e+01
2.061873579518242572e+00 1.064869988023347247e+01 9.774248699029167042e+00
2.064314126717170073e+00 1.059251496665049608e+01 9.137881142332423323e+00
2.066172132300599706e+00 1.053613600088191760e+01 8.533246001760026900e+00
2.067081486458875350e+00 1.047780702795866148e+01 8.007980869588244843e+00
2.067668150864724108e+00 1.042094992829042255e+01 7.535899440348034162e+00
2.067219123968569772e+00 1.036085949065281042e+01 7.089901729056135693e+00
2.066340652809784739e+00 1.030156928377198433e+01 6.661722997976433192e+00
2.064876235751551548e+00 1.024155836841090839e+01 6.296070965319889190e+00
