2.191799393465098389e-01 1.550982308316407554e+01 3.683535669800713658e+06
2.263703872565292208e-01 1.524841475219042053e+01 3.168288942084291950e+06
2.338209784550954184e-01 1.497679220167587033e+01 2.691238616240611300e+06
2.415696928468289428e-01 1.473333401498459239e+01 2.309641596158124972e+06
2.495786638125150614e-01 1.452021856967816404e+01 1.969088743891438236e+06
2.578886236193758119e-01 1.431686369535295533e+01 1.682896286004017573e+06
2.664954306016412144e-01 1.412780454363070426e+01 1.441950413258296438e+06
2.754072746012919404e-01 1.395489347253457701e+01 1.231730551268586423e+06
2.846299851969146810e-01 1.386028249217478781e+01 1.052927341842685593e+06
2.941653355290548277e-01 1.364613819739724043e+01 9.051108405751502141e+05
3.040121908792409178e-01 1.350206661723848178e+01 7.738089853845291073e+05
3.141914758518871142e-01 1.337099426940425140e+01 6.621310975110125728e+05
3.247074369872087196e-01 1.324497220393551089e+01 5.664889382217033999e+05
3.355450017108168592e-01 1.313769188963710555e+01 4.864103135642903508e+05
3.467288991577563428e-01 1.303027357061082370e+01 4.175525524469491211e+05
3.582625936831839719e-01 1.293214308279318381e+01 3.565103919523003860e+05
3.701360040785917627e-01 1.283823971072985159e+01 3.059872663029367686e+05
3.823827160404695835e-01 1.275326543243427047e+01 2.620812530495715910e+05
3.949603571670020630e-01 1.267583484572865338e+01 2.256048836851239903e+05
4.079031455789682292e-01 1.260309853682316295e+01 1.931965206681982090e+05
4.212075250537489213e-01 1.253297248654172158e+01 1.660052762518938689e+05
4.348856923993602019e-01 1.246801969381593977e+01 1.425813009579548670e+05
4.489222757909473449e-01 1.240920135230604515e+01 1.224788499697692459e+05
4.633224396713092053e-01 1.235376306030149252e+01 1.052499905808271869e+05
4.780772800976961778e-01 1.230197388770502265e+01 9.085945482652171631e+04
4.931930657566471754e-01 1.225259891957506042e+01 7.807158229646581458e+04
5.086717961446198810e-01 1.220612417607656930e+01 6.724280500726315950e+04
5.245195867107500520e-01 1.216598512510384467e+01 5.785200860323398956e+04
5.407284723701674123e-01 1.212794059417993786e+01 4.994034264624906791e+04
5.572989456644290573e-01 1.209087120530240433e+01 4.308282627778099413e+04
5.741964479554367839e-01 1.205633760656021103e+01 3.678891858140404656e+04
5.912883105716254528e-01 1.202425114076178581e+01 3.200435961505694650e+04
6.080850704771266768e-01 1.199455393078056176e+01 2.796772881264966418e+04
6.247310147238536171e-01 1.196599100845656594e+01 2.442258044088871611e+04
6.413546370048007761e-01 1.193711861431925847e+01 2.134789342186173599e+04
6.581604824572263590e-01 1.190984600447393404e+01 1.867563400705959066e+04
6.751914801057121718e-01 1.188165110414823467e+01 1.635008859163534726e+04
6.925643072702620806e-01 1.185538407362184010e+01 1.428373203647609625e+04
7.103644336218662980e-01 1.182787036664727154e+01 1.250911382433897234e+04
7.285942209184360641e-01 1.180281938927318741e+01 1.091425945847838375e+04
7.473718401139914924e-01 1.177557249611248480e+01 9.533478015799833884e+03
7.667019324760107057e-01 1.175062682327849650e+01 8.300594438582653311e+03
7.867274587421616561e-01 1.172602475701040348e+01 7.218655392929798836e+03
8.072283255851586681e-01 1.170308542897758208e+01 6.283667196021089694e+03
8.284851593990570917e-01 1.168229249452602581e+01 5.448332843105524262e+03
8.504425515297565630e-01 1.166106938234973356e+01 4.726233906313760599e+03
8.731122845332154325e-01 1.164135431192191028e+01 4.095026498809737404e+03
8.965587164358371774e-01 1.162299480883839742e+01 3.538830164147950200e+03
9.206819515958197808e-01 1.160402176690494080e+01 3.055985049618379890e+03
9.455974027450881891e-01 1.158774282744013817e+01 2.638424363963594715e+03
9.712545791240347892e-01 1.157485964911792742e+01 2.274570293262845553e+03
9.976947431987241988e-01 1.156133052662102756e+01 1.962259217565453810e+03
1.024877871178787592e+00 1.154990142888483184e+01 1.689599920723782361e+03
1.052809914053242757e+00 1.153699702395239868e+01 1.454825152390657422e+03
1.081486254426520466e+00 1.152864739972423003e+01 1.252710957022012735e+03
1.110284279524976325e+00 1.151940305067486925e+01 1.080799280150895129e+03
1.138559001197184672e+00 1.151099281271427088e+01 9.356642237198733483e+02
1.166347896643166182e+00 1.150309596738546070e+01 8.147275375478229762e+02
1.193671863702638003e+00 1.149263782896171904e+01 7.125351563252083906e+02
1.220579933775239878e+00 1.148316286873037484e+01 6.192858348758844613e+02
1.247091120070400461e+00 1.147187100304257967e+01 5.473201625689700904e+02
1.273222614596952296e+00 1.145859693882571761e+01 4.820088453768574936e+02
1.299014800632095845e+00 1.144528559303565451e+01 4.249517199427538685e+02
1.324441041639750516e+00 1.142974118613683565e+01 3.760204123532570861e+02
1.349538245701320971e+00 1.141449957451835928e+01 3.318689028224898152e+02
1.374308209864191888e+00 1.140083138787324479e+01 2.948312579587635014e+02
1.398765762332662588e+00 1.137950066757627887e+01 2.616932883095087163e+02
1.422897526372248311e+00 1.136032013252273210e+01 2.319073598849328164e+02
1.446703197366717264e+00 1.133880565967858622e+01 2.069717493168691362e+02
1.470192363291012105e+00 1.131789535092176280e+01 1.846706429609192526e+02
1.493352079281392353e+00 1.129435219344942887e+01 1.644626239536650871e+02
1.516175209711957850e+00 1.126989089313638637e+01 1.469991449628219300e+02
1.538654966075321484e+00 1.124489523728129647e+01 1.313048856138709652e+02
1.560782630794572245e+00 1.122296826992048935e+01 1.175051172113090701e+02
1.582548762257490749e+00 1.119099295331341004e+01 1.052169057574640618e+02
1.603941055277344985e+00 1.116314183521942915e+01 9.435875495223073983e+01
1.624942514108430602e+00 1.113313109330454331e+01 8.428200669093926933e+01
1.645547478812186659e+00 1.110254325403283460e+01 7.604241268766962492e+01
1.665733344993595599e+00 1.107117216778042845e+01 6.837464288227066334e+01
1.685491533469326342e+00 1.103834298625921484e+01 6.149692886388071145e+01
1.704805307177351459e+00 1.100521322292959425e+01 5.546346321639190791e+01
1.723806589678910761e+00 1.097106867613183745e+01 4.998416623035093664e+01
1.742048359730892004e+00 1.093627116179582970e+01 4.514057186158772339e+01
1.759956124430256175e+00 1.090026848146504257e+01 4.079147188333099194e+01
1.777491735103331028e+00 1.086364672788785235e+01 3.687354711944184515e+01
1.794240792358377634e+00 1.082482912056627811e+01 3.341614866107694581e+01
1.810743648862507715e+00 1.078713898171345598e+01 3.033018166961480944e+01
1.826581878222484079e+00 1.074853200850697199e+01 2.748170195856846831e+01
1.841712110700393534e+00 1.070752877771075440e+01 2.493257609857117174e+01
1.856583180034576230e+00 1.066774477229563445e+01 2.263665449158264309e+01
1.870584943777654496e+00 1.062504563055698625e+01 2.073078751654428586e+01
1.884164854507581532e+00 1.058323116414048215e+01 1.885284270208412138e+01
1.897154324365177169e+00 1.054044635841025013e+01 1.727023728809625780e+01
1.909557539922302816e+00 1.049797086997705087e+01 1.579218520721958008e+01
1.921473172248455707e+00 1.045469203825596516e+01 1.444224257505651465e+01
1.932653495833650537e+00 1.041011520749987085e+01 1.319774704601141657e+01
1.943159315402894549e+00 1.036516698846161333e+01 1.213925914469431255e+01
1.953160154312335361e+00 1.031973980478930919e+01 1.114772990700772759e+01
1.962532019630423008e+00 1.027410536019867315e+01 1.029611213983629447e+01
1.971315101517719048e+00 1.022825144418401067e+01 9.465018726432250062e+00
