2.191799393465098389e-01 1.550982308316407554e+01 3.683535669800713658e+06
2.256837538383218156e-01 1.528578125129167908e+01 3.210723166213796474e+06
2.324055872597985128e-01 1.506035911828019636e+01 2.767655741312293336e+06
2.393589666934637372e-01 1.481133607144890085e+01 2.401319795019262936e+06
2.465451060140739226e-01 1.460678571328198139e+01 2.093471890353208641e+06
2.539642953536671022e-01 1.441597587396001323e+01 1.811089825474663638e+06
2.616266007164056440e-01 1.423607510207817128e+01 1.572819811709395377e+06
2.695360914478328040e-01 1.407204174705988287e+01 1.365832175994484918e+06
2.776979516903890777e-01 1.391336466236267455e+01 1.187266968096190365e+06
2.861161231087636647e-01 1.376767240526112168e+01 1.032183241619342472e+06
2.947862665810391802e-01 1.363304894027704606e+01 8.931499573212369578e+05
3.037197739363059479e-01 1.350365948871161947e+01 7.776831010672047269e+05
3.129373488417370175e-01 1.338380078986020827e+01 6.679381418315680930e+05
3.223994547645568365e-01 1.327336549903045082e+01 5.861431895463478286e+05
3.321518398185103749e-01 1.316961809363591662e+01 5.095230402414476266e+05
3.421781654570019704e-01 1.306837476029159184e+01 4.431217099027675577e+05
3.524870867653888684e-01 1.298202791613871021e+01 3.852385118219002616e+05
3.630907669742058919e-01 1.289371458732660258e+01 3.353521112856986001e+05
3.739671608723421636e-01 1.281290265228767034e+01 2.880901112978397869e+05
3.851423477508874593e-01 1.273487745828998641e+01 2.534608952440133144e+05
3.966133888424654419e-01 1.266748890857600252e+01 2.205865177736143523e+05
4.083690315511111502e-01 1.259828336962755735e+01 1.921360870344974683e+05
4.204176388555003197e-01 1.253070149679683176e+01 1.672355567043107294e+05
4.327770528739681155e-01 1.247766617350592711e+01 1.458837340556567069e+05
4.454406093074171347e-01 1.242347099387724718e+01 1.271524977354515140e+05
4.584104358533580559e-01 1.237330677568636439e+01 1.107841146579555934e+05
4.716610970389964463e-01 1.232450039137771824e+01 9.566893253654474393e+04
4.851881809144488189e-01 1.228371471871186849e+01 8.435653539189357252e+04
4.990380640628195863e-01 1.223509974754188612e+01 7.373637286057735037e+04
5.131824470559813722e-01 1.219852275357698623e+01 6.435797552485138294e+04
5.276263025811952501e-01 1.215934865728205949e+01 5.623021546770429995e+04
5.423668079400323361e-01 1.212357256627259261e+01 4.918688157133646746e+04
5.574045557083164848e-01 1.209135913128772088e+01 4.300524058471106400e+04
5.727066158358764536e-01 1.205929134805781189e+01 3.769675460679706157e+04
5.881583326702530812e-01 1.202880786223198406e+01 3.301470786869211588e+04
6.028105645764936238e-01 1.200125345747657057e+01 2.922449055932003466e+04
6.167551041775133358e-01 1.197606544112986882e+01 2.600039435949562539e+04
6.302327597550516636e-01 1.194972351454212500e+01 2.327601548496456235e+04
6.433946977202706918e-01 1.192399450131288319e+01 2.081537745894635009e+04
6.563456478542477601e-01 1.189541307481952259e+01 1.871820955374553523e+04
6.692122654202327103e-01 1.186642644192856721e+01 1.685395210136556125e+04
6.820947538731628734e-01 1.183811368716874135e+01 1.514945724569433878e+04
6.949214015336707684e-01 1.180810016557667730e+01 1.366284669411964387e+04
7.079697209266118119e-01 1.177889950684556197e+01 1.228324269086750246e+04
7.210099775890435048e-01 1.174777351966086236e+01 1.104416446187901965e+04
7.343285442968986443e-01 1.171661547715392615e+01 9.935593351605200951e+03
7.478823802528261622e-01 1.168543555514605181e+01 8.926710430115319468e+03
7.616960117314888201e-01 1.165207596124385248e+01 8.007272088291419095e+03
7.757954901999994934e-01 1.162204076551866017e+01 7.176315700803378604e+03
7.902262751528864593e-01 1.158804456533070670e+01 6.425372731440257667e+03
8.049941555077577693e-01 1.156027477663279868e+01 5.750510927334448752e+03
8.201203357371846803e-01 1.152662695987757324e+01 5.136800129993696828e+03
8.356355372541418580e-01 1.149509095930111791e+01 4.584242002252907696e+03
8.515410170363734155e-01 1.146248848046773183e+01 4.095219445914278822e+03
8.678555283659399322e-01 1.143018000141109702e+01 3.640577576618254170e+03
8.845901696893561095e-01 1.140090968339462307e+01 3.240660678067641129e+03
9.017486467192461497e-01 1.137135088759906054e+01 2.878090936722823244e+03
9.193428164595291996e-01 1.133888384234560576e+01 2.557638887823380628e+03
9.373704537592498776e-01 1.130929392902954334e+01 2.257294723983526183e+03
9.558275236758595472e-01 1.128450066968325416e+01 2.011400169391962891e+03
9.747297539440089587e-01 1.125193547682281725e+01 1.782007222560284845e+03
9.940626856089888053e-01 1.122443111152139394e+01 1.576459054992116762e+03
1.013826975544352527e+00 1.119687269942501118e+01 1.394894285135999553e+03
1.034012970397590436e+00 1.117086443633784221e+01 1.233617355773961435e+03
1.054610024665762369e+00 1.114280865292318090e+01 1.091232103432470922e+03
1.075616122090242488e+00 1.111913649113681579e+01 9.586183447759283354e+02
1.097010352175419534e+00 1.109225704757250242e+01 8.516858748397554564e+02
1.118783637771163297e+00 1.106789719172603625e+01 7.520089244697668391e+02
1.140922442417524829e+00 1.104326680822344109e+01 6.643817517102977490e+02
1.163397816048819866e+00 1.102082053800985584e+01 5.867607913911056130e+02
1.186209547058606706e+00 1.100227172958170740e+01 5.178909494819412203e+02
1.209316153408945826e+00 1.097687215731364674e+01 4.576797068190308551e+02
1.232741501411834584e+00 1.095480814349141951e+01 4.019395079827494328e+02
1.256366999491554060e+00 1.093359706764698736e+01 3.570016264685443161e+02
1.280252345559194982e+00 1.091276935338583343e+01 3.159855384983589488e+02
1.304351189168320158e+00 1.089235706782046798e+01 2.793468906663982239e+02
1.328634285417849448e+00 1.087264096989434314e+01 2.471229972125094321e+02
1.353066249486935657e+00 1.085068124304048354e+01 2.189936552836686587e+02
1.377627809729802033e+00 1.083164408032633119e+01 1.937290042069461720e+02
1.402285350416950793e+00 1.081400569122741651e+01 1.717546647133371494e+02
1.427007649484831164e+00 1.079266136872026394e+01 1.523696108943148886e+02
1.451766413020155744e+00 1.077336211790033360e+01 1.345516222167514115e+02
1.476523199041792633e+00 1.075523194028104612e+01 1.200552599198053656e+02
1.501258072538456334e+00 1.073500671389855654e+01 1.066886375655443686e+02
1.525933809749238534e+00 1.071544051259546215e+01 9.471603249101544009e+01
1.550516785780829521e+00 1.069712116579031225e+01 8.450866548136278311e+01
1.574976217482214835e+00 1.067748353615067280e+01 7.529292786079625444e+01
1.599260359824242750e+00 1.065760713733265241e+01 6.716453872074893638e+01
1.623213167248772626e+00 1.063843938248713883e+01 5.984280240183328914e+01
1.646765702611844961e+00 1.061877011089882750e+01 5.356394822033242775e+01
1.669890691237281510e+00 1.059899849792823723e+01 4.815430704285568453e+01
1.692578768971911618e+00 1.057858430855228526e+01 4.325100581017451162e+01
1.714776645536016053e+00 1.055810656031254702e+01 3.890697413997533971e+01
1.736545454910563668e+00 1.053605197572978369e+01 3.500795674219686759e+01
1.757803565799030965e+00 1.051421929036529335e+01 3.150419525786772468e+01
1.778503297736905520e+00 1.049153942659135019e+01 2.856567133126816671e+01
1.798716672599739663e+00 1.046812314108522379e+01 2.574750829932028751e+01
1.818402082689887012e+00 1.044495379735688445e+01 2.332151665437305610e+01
1.837525932070950274e+00 1.042140398403974721e+01 2.121944181064202439e+01
1.856086917365779243e+00 1.039584775260228255e+01 1.928365618749813493e+01
