2.191799393465098389e-01 1.550982308316407554e+01 3.683535669800713658e+06
2.249494021910548036e-01 1.529846762686761608e+01 3.256619245463365223e+06
2.308756304275830507e-01 1.508317681149738121e+01 2.866810819296650123e+06
2.369930032322675184e-01 1.488448628236282190e+01 2.531167002635112964e+06
2.433022130524908067e-01 1.469823008098855155e+01 2.227491124463374726e+06
2.497806370418114430e-01 1.452051118898842219e+01 1.960133570174840279e+06
2.564527694444884154e-01 1.435354381954055647e+01 1.733303844486983493e+06
2.633160358776968080e-01 1.420309928748302930e+01 1.524565494166897377e+06
2.703758010505449283e-01 1.405398021818663068e+01 1.344307309409164591e+06
2.776338052080203900e-01 1.391322174054059602e+01 1.186711615174938459e+06
2.850952416352355301e-01 1.378769211245050208e+01 1.047888851727886708e+06
2.927667373120723115e-01 1.366281266593459875e+01 9.238975113018321572e+05
3.006290419680196502e-01 1.353993240188242453e+01 8.162478128033912508e+05
3.087077452628178009e-01 1.344058290691510571e+01 7.183062914440949680e+05
3.169978208778256312e-01 1.333409888680033539e+01 6.347546292098397389e+05
3.254955613464657338e-01 1.324042612779406802e+01 5.596023821480295155e+05
3.342242214223586916e-01 1.315130189207713229e+01 4.949731976571467239e+05
3.431646865482643749e-01 1.305966397961765679e+01 4.369424137054327875e+05
3.523258983635810249e-01 1.298168627274240272e+01 3.863018529049235513e+05
3.617194236844261668e-01 1.290436608340774249e+01 3.410568196367128403e+05
3.713313802714980350e-01 1.283141179118234554e+01 3.013736437120995251e+05
3.811968168304176729e-01 1.276123308601735218e+01 2.660620727389041567e+05
3.912558346005486354e-01 1.269803381816794285e+01 2.338012738119387359e+05
4.015731852204112995e-01 1.263718636162981390e+01 2.079616022143289156e+05
4.121011402353660924e-01 1.257983740950788309e+01 1.825574603189421177e+05
4.228734483892646057e-01 1.252416353964931695e+01 1.629495784084362676e+05
4.338914065272935217e-01 1.247121767209757692e+01 1.440408826941911539e+05
4.451501074122552470e-01 1.242390636659298764e+01 1.261341480124947411e+05
4.566186185754618210e-01 1.237958924268485994e+01 1.128113314287450921e+05
4.683490004531943862e-01 1.233624992992382374e+01 1.000200922846362810e+05
4.803185233129634302e-01 1.229505508757520005e+01 8.778322290462724050e+04
4.924832495382033826e-01 1.225473445155619778e+01 7.861405018277259660e+04
5.048986209642266632e-01 1.221945501518847443e+01 6.961313812844958738e+04
5.175559180396502867e-01 1.218584524142700865e+01 6.180464056006095052e+04
5.304482427610804907e-01 1.215237660418616095e+01 5.478250910571560235e+04
5.435749363747293117e-01 1.212096783595520222e+01 4.863349958811533725e+04
5.569352515564218731e-01 1.209514169181431242e+01 4.317147743046699907e+04
5.705296249096900585e-01 1.206281018903376001e+01 3.839222154492233676e+04
5.842995689253446256e-01 1.203504499999594834e+01 3.415960525607214367e+04
5.981986362504216892e-01 1.201353821658068455e+01 3.005027961313872220e+04
6.122010279016626422e-01 1.198475517503176313e+01 2.709177467693573635e+04
6.264334611182903467e-01 1.196445792693198484e+01 2.412993832710778588e+04
6.408830855284750605e-01 1.194270158479493738e+01 2.151099117117900096e+04
6.556709583190547530e-01 1.192149687924579204e+01 1.915328870483675200e+04
6.708233222629764736e-01 1.190170272718517985e+01 1.705368946813664661e+04
6.863405510942315324e-01 1.187916526828870722e+01 1.518682408080755522e+04
7.022355791579194539e-01 1.186238248022538322e+01 1.350283106366221728e+04
7.186343563267646450e-01 1.184389271737461158e+01 1.200878930292501536e+04
7.355200991298160851e-01 1.182728920447037524e+01 1.055835038526312746e+04
7.529463290060304237e-01 1.181368598538222336e+01 9.442495942385121452e+03
7.708430044907799150e-01 1.179811115803590837e+01 8.387672522073346045e+03
7.893222522963535548e-01 1.178436584859477598e+01 7.404730034884360066e+03
8.083704031426520720e-01 1.177299375811179161e+01 6.550162868876180255e+03
8.279942915642125589e-01 1.176169898766233324e+01 5.784277730804126804e+03
8.482198929894460004e-01 1.175216190298237784e+01 5.107536680044758214e+03
8.690475226138668630e-01 1.174585872399831032e+01 4.499503190096763319e+03
8.904914759671517244e-01 1.173597904491830590e+01 3.964856015926955024e+03
9.125591775782240234e-01 1.173143402396897095e+01 3.494403638696662256e+03
9.352544610424482485e-01 1.172811536157697709e+01 3.075753225437862056e+03
9.585790737951479512e-01 1.172925738367041149e+01 2.705014328519576793e+03
9.825281373200203117e-01 1.172147748813121915e+01 2.377617518809274770e+03
1.007114639637695541e+00 1.172251923868387280e+01 2.089956786589486455e+03
1.032324221660642749e+00 1.172338405621352919e+01 1.835588322520171232e+03
1.058164953448281764e+00 1.172858884066241991e+01 1.602116161657605744e+03
1.084605610801859132e+00 1.173042415423164719e+01 1.417725938115149347e+03
1.111665932715742322e+00 1.173243999489351808e+01 1.245777066109696761e+03
1.139326519686222783e+00 1.174221485073768712e+01 1.093435292679090253e+03
1.167570101242278779e+00 1.174463957705871842e+01 9.612877039340446572e+02
1.196380739284343742e+00 1.175217402566713432e+01 8.445542695398479509e+02
1.225682961961609641e+00 1.176066900593767350e+01 7.424143617786927507e+02
1.254979311278001441e+00 1.177046300798267708e+01 6.537662492600796895e+02
1.284201098729162771e+00 1.177981818379771894e+01 5.770028613830323820e+02
1.313327650557878146e+00 1.178811997519046706e+01 5.104717643202087629e+02
1.342353855639868199e+00 1.179665853179439061e+01 4.522678159452448767e+02
1.371331776810915892e+00 1.180375184925440379e+01 4.018022204617474813e+02
1.400154592935278552e+00 1.181465127770077395e+01 3.571097783155545926e+02
1.428919973331813642e+00 1.181864258186238814e+01 3.183439083933183724e+02
1.457601813881557851e+00 1.182564266649766260e+01 2.838581602869634821e+02
1.486127164102617249e+00 1.183182819332479774e+01 2.531647454442622518e+02
1.514568422433243633e+00 1.183880535825217883e+01 2.265253872708194365e+02
1.542880308836831249e+00 1.184131682794676799e+01 2.027696197072105235e+02
1.571069401152618950e+00 1.184522176933375803e+01 1.815802422640685450e+02
1.599081177116845387e+00 1.184804354300354312e+01 1.622955614810220482e+02
1.626961596569345136e+00 1.185125744185437391e+01 1.462415091556291884e+02
1.654622742842544181e+00 1.185300773771778005e+01 1.314215641700565413e+02
1.682137544820747177e+00 1.185396341480280746e+01 1.182555558023350812e+02
1.709470668331237064e+00 1.185451002160925604e+01 1.064256964849776210e+02
1.736478557451354821e+00 1.185453295697033305e+01 9.598304731669169598e+01
1.763510185875175162e+00 1.185329653399673155e+01 8.653944548566995820e+01
1.789923482715459313e+00 1.185317298203509750e+01 7.819357103565126010e+01
1.816224055154043837e+00 1.184791456426082767e+01 7.071371759006551372e+01
1.842300210309910424e+00 1.184385142874822172e+01 6.395711358799684376e+01
1.868011992891532858e+00 1.183972048787029330e+01 5.795830545757039687e+01
1.893433069124048851e+00 1.183446766716629917e+01 5.257587907639393876e+01
1.918562756981833761e+00 1.182818347035648188e+01 4.761927010837187169e+01
1.943287430109617020e+00 1.182155025499139178e+01 4.325469309696264020e+01
1.967832473174262908e+00 1.181409185151787433e+01 3.929244665113744617e+01
1.991654792778026595e+00 1.180477386626230185e+01 3.578738837603526690e+01
2.015372549707998839e+00 1.179576796844949271e+01 3.257472981794271050e+01
2.038459591169584417e+00 1.178504015022761209e+01 2.971174171851052748e+01
