2.191799393465098389e-01 1.550982308316407554e+01 3.683535669800713658e+06
2.260912134508920313e-01 1.524781630510988961e+01 3.180613909631538205e+06
2.332323656108943044e-01 1.502916639863495263e+01 2.752272976881634444e+06
2.406547003375439087e-01 1.476581563750746007e+01 2.345000194155715872e+06
2.483069316820114836e-01 1.456374512298513046e+01 2.026716959649858531e+06
2.562418631594732266e-01 1.435190851999140271e+01 1.735293610290014651e+06
2.644514454840203310e-01 1.418478922305067158e+01 1.498590319675941020e+06
2.729400982495569505e-01 1.400743854441364000e+01 1.285662867912214715e+06
2.817135562940916160e-01 1.384605459769903923e+01 1.106292684293985600e+06
2.907790522545825040e-01 1.369573538439942872e+01 9.535951952854492702e+05
3.001316431491047876e-01 1.355825610880535415e+01 8.210291458796766819e+05
3.097741780704535985e-01 1.342615111452513155e+01 7.071059459922142560e+05
3.197338332676420425e-01 1.331267150555955325e+01 6.091170979151276406e+05
3.299994268495909377e-01 1.319622842818879072e+01 5.249810542956831632e+05
3.405757974663355947e-01 1.308586993353419814e+01 4.516282451556567103e+05
3.514775931105009188e-01 1.298890970877043927e+01 3.906287000118793221e+05
3.626776707935672750e-01 1.289702040556954188e+01 3.371641537513174117e+05
3.742045957887641383e-01 1.281315436873425462e+01 2.903825307898459723e+05
3.860693412808234304e-01 1.272987810027891520e+01 2.505490994542367116e+05
3.982595630363029438e-01 1.265747008355043945e+01 2.164662459875977656e+05
4.108015047304471867e-01 1.258666805228697250e+01 1.867041173989536765e+05
4.236346559388862176e-01 1.252270953374250517e+01 1.615026762699014798e+05
4.368262050007810093e-01 1.245965882832555671e+01 1.397575667031010671e+05
4.503639960811637866e-01 1.240407603778897716e+01 1.206854800706298993e+05
4.642321741232830479e-01 1.235044536671067839e+01 1.043981151315422030e+05
4.784266981914468975e-01 1.230009073482494486e+01 9.043958456325669249e+04
4.929533531189346784e-01 1.225464561359127913e+01 7.811917399838994606e+04
5.078142293066351121e-01 1.221012481572891950e+01 6.777058037164584675e+04
5.230164966522345971e-01 1.216980470102378931e+01 5.876264458189332072e+04
5.385526525362305250e-01 1.213243035032196282e+01 5.097677483517190558e+04
5.544234172812144701e-01 1.209661039964324658e+01 4.419797432944674802e+04
5.706043754996041883e-01 1.206451970090339287e+01 3.834410828814002889e+04
5.870350314522355673e-01 1.203074077068504444e+01 3.333682041097671026e+04
6.031342533946800755e-01 1.200238322281475867e+01 2.914844090528715606e+04
6.189472853872920455e-01 1.197599464366887290e+01 2.558120862247105106e+04
6.345802551144906767e-01 1.194757753936663036e+01 2.254280906189430243e+04
6.502519270141732255e-01 1.191942506951910197e+01 1.983393169230279818e+04
6.660530857048294617e-01 1.189253088931533320e+01 1.750983073100763431e+04
6.820532517686183072e-01 1.186560108779471356e+01 1.544666268991572542e+04
6.983160621078291497e-01 1.183841666665410486e+01 1.362298727131860869e+04
7.149225927979390161e-01 1.181138679898929134e+01 1.201273592173590441e+04
7.319760211662634797e-01 1.178623477235151462e+01 1.057353910751797412e+04
7.494173615201210614e-01 1.175974247672891870e+01 9.327024389722311753e+03
7.673610055865627277e-01 1.173594371730944808e+01 8.169120540632980010e+03
7.856865028721964350e-01 1.170946814939783387e+01 7.188778210462412062e+03
8.046616075239072519e-01 1.168535450593171987e+01 6.260191113354146182e+03
8.242102115758278558e-01 1.166160560781994704e+01 5.509703312278559679e+03
8.443434584710336477e-01 1.163776221953571088e+01 4.821578631474532813e+03
8.650961446819162015e-01 1.161712191522945048e+01 4.213888952597914795e+03
8.864750790098676614e-01 1.159587876142296103e+01 3.671835683304078430e+03
9.084965196241552299e-01 1.157660978605084345e+01 3.202980511221451252e+03
9.311701005648015395e-01 1.155630447651320658e+01 2.789933712085768093e+03
9.545001621459082708e-01 1.153949715475166293e+01 2.429204595286156746e+03
9.784831788486314519e-01 1.152201379409835802e+01 2.112000117752858387e+03
1.003122939204791342e+00 1.150616121546483406e+01 1.835929327731361809e+03
1.028423940724076946e+00 1.149153223840492366e+01 1.594689517348757136e+03
1.054363335422240144e+00 1.147860779475863069e+01 1.384071342254763067e+03
1.080939297065841354e+00 1.146567553971261155e+01 1.201022139622109080e+03
1.108135166412257622e+00 1.145538673944530750e+01 1.037595644440298884e+03
1.135930660692413330e+00 1.144533211040857168e+01 9.035516554444295707e+02
1.164323116373619627e+00 1.143363355996112496e+01 7.839302792660964769e+02
1.193271848267631885e+00 1.142535328059214805e+01 6.803299040255784575e+02
1.222790866488869588e+00 1.142051947828731606e+01 5.896599466507482248e+02
1.252761975449349752e+00 1.140925984436750973e+01 5.088615245791762050e+02
1.283242762310400575e+00 1.140495580216083660e+01 4.446226061758014794e+02
1.314170159787471759e+00 1.139786230676035750e+01 3.860120625237841523e+02
1.345517766531152848e+00 1.139218662638900170e+01 3.354094395078949447e+02
1.377031619121121597e+00 1.138741649708628323e+01 2.919641835152800127e+02
1.408003482468024758e+00 1.138463975865713529e+01 2.548728954280310006e+02
1.438327539247014730e+00 1.137944090038872780e+01 2.234796693617550432e+02
1.468045249813354713e+00 1.136994588507522508e+01 1.965374613441567533e+02
1.497140427815697672e+00 1.136337086219516657e+01 1.733153571249839899e+02
1.525626501901828913e+00 1.135533387561480367e+01 1.532424896605686797e+02
1.553509265690627084e+00 1.134493347966239085e+01 1.358508324059057486e+02
1.580788549056054926e+00 1.133371250960980348e+01 1.207730295587648897e+02
1.607518205431899716e+00 1.132141535591043002e+01 1.074836991814176343e+02
1.633584415246472687e+00 1.130750774190640051e+01 9.585880064075290363e+01
1.659093466166681852e+00 1.129269063781845439e+01 8.571344217091950668e+01
1.684008967696243975e+00 1.127660567068166309e+01 7.665165223216804691e+01
1.708315787873096792e+00 1.125870417232219012e+01 6.871093843393582290e+01
1.732037876683235833e+00 1.124040054215575957e+01 6.168285676593034594e+01
1.755146308855862758e+00 1.122007552824718424e+01 5.550489850173634920e+01
1.777646051601450061e+00 1.119835918296072030e+01 4.995549709197798194e+01
1.799553190607724673e+00 1.117559205224375418e+01 4.500270996297328452e+01
1.820813384486916320e+00 1.115188117329156370e+01 4.069690900725648675e+01
1.841457748916693227e+00 1.112712185799238362e+01 3.679511424869765790e+01
1.861481015798813976e+00 1.110119326066468837e+01 3.332255313758921034e+01
1.880868299212870909e+00 1.107421608575805116e+01 3.011302773625608609e+01
1.899646890307128411e+00 1.104564975412868577e+01 2.734541304773821935e+01
1.917724223924106797e+00 1.101619037658270628e+01 2.494773216407831740e+01
1.935193481638730395e+00 1.098640511259304908e+01 2.270626206136597958e+01
1.951988725750069875e+00 1.095402535941031985e+01 2.062794013959720019e+01
1.968289162928088976e+00 1.092281213138258344e+01 1.888346444904861698e+01
1.983782207107817719e+00 1.088932964922702595e+01 1.720292053586759806e+01
1.998471255656509404e+00 1.085438059742258332e+01 1.575456065718405618e+01
2.012645752882172179e+00 1.081941824340040270e+01 1.447977692531462779e+01
2.026171165437591348e+00 1.078360657651443510e+01 1.327714080346716230e+01
2.039005643940167367e+00 1.074669701981805225e+01 1.220256842120915408e+01
2.051222142548637883e+00 1.070915505609114149e+01 1.118237502040078546e+01
2.062732607975862997e+00 1.067110352956153463e+01 1.030997989743968013e+01
