2.191799393465098389e-01 1.550982308316407554e+01 3.683535669800713658e+06
2.247047229985087990e-01 1.528890379137611966e+01 3.258860041474726051e+06
2.303617978625843721e-01 1.508304059402190234e+01 2.889021459603740834e+06
2.362044363547841919e-01 1.493158110715336839e+01 2.586956307786746882e+06
2.422127690004644840e-01 1.472800967613397738e+01 2.272470400186109357e+06
2.483770170740444982e-01 1.455472433977061542e+01 2.012019977504911600e+06
2.547201374700292509e-01 1.439480879846842498e+01 1.785535276474766200e+06
2.612380851337204879e-01 1.424775878142684427e+01 1.582168669079536572e+06
2.679348247731415666e-01 1.409515266520623022e+01 1.407637818222676869e+06
2.748120606886853556e-01 1.397024754558803039e+01 1.243939206962849712e+06
2.818743574692276210e-01 1.384153823918402360e+01 1.103295458496771986e+06
2.891229375724070350e-01 1.371914029701443383e+01 9.798162811208752682e+05
2.965503054775104896e-01 1.361020021477057540e+01 8.677947379794832086e+05
3.041748246114773790e-01 1.349846749477458552e+01 7.705631820962205529e+05
3.120007286022529192e-01 1.339893030917131789e+01 6.859164429293703288e+05
3.200114436783768612e-01 1.330067071490716479e+01 6.085943175263933372e+05
3.282229947861881048e-01 1.320866572678001916e+01 5.382831274936089758e+05
3.366271280656257248e-01 1.312470005687698027e+01 4.787165355313237524e+05
3.452399598694966820e-01 1.304607998223968934e+01 4.253123329231192474e+05
3.540626998316953600e-01 1.296247901747799780e+01 3.777363206737504806e+05
3.630903867271776941e-01 1.289417774548507190e+01 3.348148862792623695e+05
3.723113748846242910e-01 1.282324710853400873e+01 2.973578294835089473e+05
3.817710754601408296e-01 1.275911162860911041e+01 2.643488480666096439e+05
3.914065628432533694e-01 1.269567096050803379e+01 2.355074052538143878e+05
4.012895173564958173e-01 1.263836222748822280e+01 2.087247719322692428e+05
4.113538072874629581e-01 1.258382882962655103e+01 1.862407222422646009e+05
4.216475490691272698e-01 1.253166430701209855e+01 1.649651540845446580e+05
4.321507526332680205e-01 1.248067642013070078e+01 1.468728219797059137e+05
4.428735713075606095e-01 1.243390323184366686e+01 1.304782942308881175e+05
4.538146895404149839e-01 1.238989120198513305e+01 1.164590141527091764e+05
4.649900799851505173e-01 1.234560997301105800e+01 1.036720912470271287e+05
4.763581833590443959e-01 1.230707804269666994e+01 9.233308316569124872e+04
4.879523018422894931e-01 1.227010217794076041e+01 8.216416609658391098e+04
4.997371378697615940e-01 1.223246756693780846e+01 7.344362475876531971e+04
5.117533837071887026e-01 1.220008562964514631e+01 6.532938344516646612e+04
5.239862571979306827e-01 1.216933783460228291e+01 5.827556715846266889e+04
5.364343341052539849e-01 1.213760440756192160e+01 5.197493399399900227e+04
5.490953481225238075e-01 1.210868458062596531e+01 4.640306351201274811e+04
5.619721242121538118e-01 1.208231957209727980e+01 4.141547035222462000e+04
5.750260265698238227e-01 1.205331419398384263e+01 3.692351839322029264e+04
5.883096705687665962e-01 1.203057051488454832e+01 3.300325537368575897e+04
6.017766137475282218e-01 1.200722409720871475e+01 2.949659397812463067e+04
6.154449869367655257e-01 1.198442758020406629e+01 2.609580436410713082e+04
6.294415994939775993e-01 1.196088871961786282e+01 2.357841231354575211e+04
6.437699360206540211e-01 1.194103809514361281e+01 2.105340739505143938e+04
6.584936916593908673e-01 1.192164174767539997e+01 1.878422788910510644e+04
6.735863661352915477e-01 1.190240463951096039e+01 1.677043006657986189e+04
6.891597559619658808e-01 1.188340234599515099e+01 1.493847138720394651e+04
7.052112043421135956e-01 1.186758462488659660e+01 1.330281236941967836e+04
7.217697645825675856e-01 1.185301241750949153e+01 1.182832074884311442e+04
7.388366481735574309e-01 1.183836582862037368e+01 1.051993272681145754e+04
7.564558132858130168e-01 1.182554690320675483e+01 9.323060915917279999e+03
7.746499808895404016e-01 1.181414854323692154e+01 8.187173056269849440e+03
7.934015416194701853e-01 1.180367644053770704e+01 7.320485982460494597e+03
8.127429873989950870e-01 1.179676527132991914e+01 6.475216240639762873e+03
8.326799532810447158e-01 1.178798656247686871e+01 5.724790816761797032e+03
8.532391237956915564e-01 1.178214387751439673e+01 5.062898977597558769e+03
8.743241192438609977e-01 1.177935327082129113e+01 4.470410426802572147e+03
8.955354372005588370e-01 1.177560741673276468e+01 3.956769253765395661e+03
9.168985633032235016e-01 1.177326981719735421e+01 3.507250412581926412e+03
9.384158926216302765e-01 1.177107212604263253e+01 3.113474302057250952e+03
9.600799609073124019e-01 1.176953499149850657e+01 2.766862210259419044e+03
9.819389526816605374e-01 1.176864913021983483e+01 2.461322165833604231e+03
1.003966103374097196e+00 1.176786213486660770e+01 2.190760321210515485e+03
1.026209668226033322e+00 1.176744529067757306e+01 1.953073519038889799e+03
1.048658684839404387e+00 1.176711312778337515e+01 1.741361974586616043e+03
1.071308509449724333e+00 1.176772293682535597e+01 1.553489083097919092e+03
1.094168365088602046e+00 1.176779715855470343e+01 1.387676565134146358e+03
1.117270543637465918e+00 1.176887008896835951e+01 1.239321348457050590e+03
1.140582272646248674e+00 1.176859136200113554e+01 1.108177325498925939e+03
1.164088258977294510e+00 1.176877681035312229e+01 9.897465830044191080e+02
1.187825743655702704e+00 1.177214854128109423e+01 8.851096970037490337e+02
1.211754784086560344e+00 1.177245008118565650e+01 7.924959962026214271e+02
1.235909952787887622e+00 1.177116196690489147e+01 7.087850195946986105e+02
1.260245155089793290e+00 1.177180647609550768e+01 6.355211942939848768e+02
1.284780828457405599e+00 1.177462173381121247e+01 5.687604366482590876e+02
1.309494442118357860e+00 1.177328210148047205e+01 5.100381785739152178e+02
1.334410205922345494e+00 1.177541202094619877e+01 4.572081780607104520e+02
1.359434981317531488e+00 1.177378120026886243e+01 4.074878539098353940e+02
1.384762420410773576e+00 1.177667190892607252e+01 3.675073799516273994e+02
1.409970437544673771e+00 1.177381785677968651e+01 3.303360389949317550e+02
1.435426409526365576e+00 1.177298071313477656e+01 2.966735835099181031e+02
1.461106976991892514e+00 1.177406904566128887e+01 2.666870587935675303e+02
1.486643334594987431e+00 1.177108283976328629e+01 2.398627160530348021e+02
1.512378544673410596e+00 1.177186374238931954e+01 2.155018809149692913e+02
1.538284598672397641e+00 1.177365069530378605e+01 1.938030578046760866e+02
1.564000995932841365e+00 1.176871796920941549e+01 1.747585713180458811e+02
1.589850003157853520e+00 1.176905035097931140e+01 1.574651912629984736e+02
1.615705736491918287e+00 1.176462849321042903e+01 1.419454895350928325e+02
1.641544111386495253e+00 1.176371721971512407e+01 1.280806046397026421e+02
1.667345648445254680e+00 1.175995983024941793e+01 1.155457450941524513e+02
1.693093443775120388e+00 1.175694190706455977e+01 1.043953444463613636e+02
1.718759135662808468e+00 1.175371326913219150e+01 9.440222027937807070e+01
1.744415819342119534e+00 1.175223159562179553e+01 8.524112972051767656e+01
1.769784984514696902e+00 1.174526465754036586e+01 7.725089711409152926e+01
1.795098723387128503e+00 1.174015221950297239e+01 7.001007736423629524e+01
1.820254509748841620e+00 1.173522592272858489e+01 6.341927573565284604e+01
1.845229990589825286e+00 1.172941880686357763e+01 5.725921214524870351e+01
1.870003578394869637e+00 1.172323721342969449e+01 5.223780888630553676e+01
1.894561782633017888e+00 1.171705614404791262e+01 4.740358799856194594e+01
