2.191799393465098389e-01 1.550982308316407554e+01 3.683535669800713658e+06
2.242179635014491246e-01 1.531570318122625274e+01 3.310574546745774802e+06
2.293900599064825907e-01 1.514706041876359954e+01 2.972243383432923350e+06
2.347036811809320445e-01 1.498369285330016965e+01 2.640695852274836507e+06
2.401602222889893945e-01 1.477902082187817356e+01 2.369157592340586707e+06
2.457509657526763536e-01 1.463200923052997737e+01 2.117916052541758865e+06
2.514835393566483002e-01 1.447545033174324125e+01 1.900395724608800607e+06
2.573626694939357140e-01 1.433152374159258713e+01 1.701855589411657536e+06
2.633900175868776339e-01 1.420170632533449862e+01 1.520923829053428024e+06
2.695674434457560054e-01 1.407522583909872971e+01 1.368219621418748982e+06
2.758974298884657728e-01 1.395235342444012261e+01 1.224683389885543846e+06
2.823818023709757652e-01 1.383362584281122309e+01 1.096580504001222318e+06
2.890228227962514107e-01 1.372355071441222485e+01 9.814095835222504102e+05
2.958216555580795437e-01 1.361553976906857777e+01 8.784875876751597971e+05
3.027803387183651274e-01 1.352267929828239090e+01 7.885500857416129438e+05
3.099120870530044924e-01 1.342447005977650853e+01 7.042073743868698366e+05
3.171762624758392990e-01 1.333288453466860091e+01 6.329988453311532503e+05
3.246190734527332200e-01 1.325369616246695514e+01 5.674070792445705738e+05
3.322268194432796418e-01 1.316680175090897009e+01 5.089595688742335769e+05
3.400066448817172238e-01 1.309823784999389140e+01 4.558370397085646982e+05
3.479569092410431663e-01 1.301733385385474406e+01 4.093800636800853536e+05
3.561092844416977599e-01 1.294740114037865020e+01 3.666562772300397046e+05
3.643965517020502087e-01 1.288357869124437904e+01 3.292030090447532712e+05
3.728466009507609424e-01 1.282031847341674435e+01 2.953552729398318334e+05
3.815122215844374831e-01 1.275922134460544832e+01 2.649714825610950938e+05
3.903184862197005556e-01 1.270333951257126692e+01 2.380806543259182363e+05
3.993211115186601212e-01 1.264787956376944678e+01 2.139046266039115435e+05
4.085059018548706233e-01 1.259866824783367534e+01 1.918413033154112054e+05
4.178595251827449397e-01 1.254403248185935915e+01 1.723009941727665719e+05
4.274052901115762970e-01 1.250596295832890448e+01 1.548486344954634551e+05
4.371219762001161135e-01 1.245887847960961636e+01 1.394153486092861567e+05
4.470333029921182977e-01 1.241711408945377570e+01 1.249181027007801313e+05
4.571154642179156569e-01 1.237713711057367405e+01 1.111677891930525802e+05
4.673884284459645100e-01 1.234184088546981606e+01 1.008808014307401754e+05
4.778317120604414492e-01 1.230198435927834844e+01 9.095137619064062892e+04
4.884614896408882023e-01 1.226586007909640941e+01 8.163441718417678203e+04
4.992518983873471261e-01 1.223390320827328992e+01 7.369007152585087169e+04
5.102366009689615067e-01 1.220442419646231613e+01 6.617361847877170658e+04
5.214030838636967147e-01 1.217560063667704640e+01 5.953260108407508233e+04
5.327499765466904291e-01 1.214637744322184965e+01 5.362227315626609925e+04
5.442766376073446821e-01 1.212090596187602642e+01 4.834094878867766965e+04
5.559823951478862769e-01 1.209357981183467068e+01 4.357771139244214282e+04
5.678693413378227417e-01 1.206824470315856956e+01 3.933554795642224053e+04
5.798848921808458234e-01 1.204550589821428908e+01 3.542618318731171894e+04
5.920861296072009727e-01 1.202308041257930249e+01 3.196970868576415523e+04
6.044416254703662839e-01 1.200124653908502736e+01 2.882900550060984096e+04
6.169873196524984227e-01 1.198095569481126432e+01 2.587700378580355391e+04
6.297938837705215898e-01 1.196133141599373140e+01 2.349185964737676477e+04
6.428894523885483325e-01 1.194287730527395475e+01 2.117524182932941767e+04
6.562611862108843619e-01 1.192274465123742289e+01 1.910206167620556880e+04
6.699562518810705525e-01 1.190599209579899842e+01 1.722573540777916060e+04
6.840366715965935374e-01 1.188943595383173246e+01 1.549739716073386080e+04
6.985094948723832298e-01 1.187182577870769329e+01 1.394244350078600110e+04
7.133878946501199803e-01 1.185633752107498751e+01 1.240866776349110478e+04
7.286824543121778186e-01 1.184413344657357392e+01 1.123930553572300778e+04
7.444293280406185653e-01 1.183260400831067827e+01 1.010272762839498137e+04
7.606206980705312315e-01 1.181940093554005600e+01 9.055013408099837761e+03
7.772714096255942673e-01 1.181043946169595849e+01 8.062532742807957220e+03
7.944049460705138177e-01 1.179985359630746977e+01 7.259458421933028148e+03
8.120277220743742363e-01 1.179363408730845109e+01 6.493531041222392560e+03
8.301501713447196895e-01 1.178693525332692005e+01 5.809126615843531908e+03
8.487771458636818034e-01 1.177999128246536742e+01 5.188554839889455252e+03
8.679284539131080223e-01 1.177637238401526254e+01 4.626620605863658966e+03
8.875960289139015469e-01 1.177385107712729173e+01 4.131370294571298473e+03
9.077846989241099562e-01 1.177022847892664892e+01 3.688504754041789056e+03
9.285111927450324654e-01 1.176942493746149587e+01 3.281553609312366007e+03
9.497629623614676220e-01 1.177074030143622707e+01 2.925365743799982283e+03
9.715475487915192776e-01 1.176891074447866359e+01 2.606397953989144753e+03
9.938572118913331366e-01 1.177337277668060800e+01 2.319767006723823670e+03
1.016703859956269662e+00 1.177691080213897656e+01 2.066862090177535720e+03
1.040081671967503674e+00 1.178161094204124026e+01 1.837916776118542884e+03
1.063772998503889733e+00 1.178743387241150486e+01 1.625873467206222585e+03
1.087711355367920074e+00 1.179331234313120369e+01 1.459464596341446395e+03
1.111873213318018250e+00 1.179983017371608689e+01 1.302883856550345172e+03
1.136289069799105933e+00 1.180735483639065286e+01 1.165024653424359258e+03
1.160918277020867473e+00 1.181485358246510664e+01 1.041500630089928336e+03
1.185777812550426802e+00 1.182256806449217379e+01 9.318024693980366919e+02
1.210878837509846040e+00 1.183504946675542158e+01 8.324808108683999990e+02
1.236198531017285163e+00 1.184242969089314990e+01 7.469538603666335348e+02
1.261710827212141561e+00 1.184902607610478675e+01 6.697643898906976574e+02
1.287454824060279002e+00 1.185871278512221494e+01 6.008196834348427728e+02
1.313373993703967013e+00 1.186844853822077894e+01 5.389795115253480162e+02
1.339526536639658927e+00 1.187644280256653495e+01 4.839351787366057351e+02
1.365831455732886557e+00 1.188672852269289493e+01 4.346191764973034424e+02
1.392285436988056846e+00 1.189558710541404984e+01 3.911494913228478367e+02
1.418928207780193906e+00 1.190830222710010133e+01 3.516091466400931722e+02
1.445727231069387608e+00 1.191439609906861996e+01 3.150315629085384899e+02
1.472630679857060754e+00 1.192375100796391330e+01 2.851233034344998600e+02
1.499646430517505680e+00 1.193246474932629475e+01 2.569985587558513203e+02
1.526801330205648899e+00 1.194189482503876043e+01 2.317730955166963156e+02
1.554008809265558400e+00 1.194953416384275968e+01 2.092354224869337713e+02
1.581291449300576746e+00 1.195849076606583949e+01 1.887105571983652226e+02
1.608640045481782410e+00 1.196693855413371743e+01 1.704837516626975287e+02
1.636030206754372385e+00 1.197443094084011683e+01 1.541866113852568390e+02
1.663442800811260724e+00 1.198311111351442548e+01 1.394531863579051389e+02
1.690937456668883510e+00 1.199032890539264962e+01 1.261127799721149216e+02
1.718276347573655993e+00 1.199728116587852966e+01 1.142025113198146045e+02
1.745753265292764977e+00 1.200549657478622656e+01 1.035463961739763761e+02
1.772959226714699854e+00 1.201129857289424763e+01 9.392584393194675840e+01
1.800205313818972641e+00 1.201873486795679646e+01 8.528828465715162110e+01
