2.191799393465098389e-01 1.550982308316407554e+01 3.683535669800713658e+06
2.260879293984941196e-01 1.524014004444381065e+01 3.166766453123399056e+06
2.332247927004032217e-01 1.499171304941942395e+01 2.728060994966713712e+06
2.406434615125372933e-01 1.476351793363119924e+01 2.341579022535018157e+06
2.482918352331551226e-01 1.455555279772941368e+01 2.017790378691296559e+06
2.562228934973832528e-01 1.436096320526897863e+01 1.736272733688757056e+06
2.644266326633341602e-01 1.417390322727900198e+01 1.496546962725582300e+06
2.729110452460085656e-01 1.401338326355130448e+01 1.290017700807953719e+06
2.816790480063220969e-01 1.384268306302560880e+01 1.109088497493363684e+06
2.907394037673485254e-01 1.369408749745011278e+01 9.539209413000723580e+05
3.000858665270144110e-01 1.355541932215769307e+01 8.218810634912245441e+05
3.097245527669599818e-01 1.342921993230750743e+01 7.072638735930512194e+05
3.196757530962394678e-01 1.330911653434344011e+01 6.093855461398938205e+05
3.299342690136729539e-01 1.319142897714446327e+01 5.256241661450203974e+05
3.405022773885458265e-01 1.309210333629418166e+01 4.526751922090016888e+05
3.513934370078567460e-01 1.298743270010504069e+01 3.908475319189278525e+05
3.625862594728374577e-01 1.289607519972904726e+01 3.370107994902139180e+05
3.741090687069424936e-01 1.280982265117462582e+01 2.911781527106839931e+05
3.859658792478063982e-01 1.272955602348556070e+01 2.514793104332271614e+05
3.981485724704761919e-01 1.265242881399786690e+01 2.164999499351784762e+05
4.106775132020395458e-01 1.258550815591301308e+01 1.871847133152962779e+05
4.235028554020994762e-01 1.252107795956376357e+01 1.617331960206943622e+05
4.366866596267998113e-01 1.245956835944626384e+01 1.398564187750410347e+05
4.502185578936366284e-01 1.240507323203671497e+01 1.194844748158543953e+05
4.640703113525173618e-01 1.235012482792570232e+01 1.046287504423913488e+05
4.782541050539851346e-01 1.230079053738571027e+01 9.058284995153589989e+04
4.927697652951165685e-01 1.224938963807937320e+01 7.846068378973705694e+04
5.076233740105570158e-01 1.221275490624847038e+01 6.723627567863083095e+04
5.228100813617990728e-01 1.217013812001277273e+01 5.877944919725233194e+04
5.383351538163524408e-01 1.213277891385062901e+01 5.105109163317149796e+04
5.541927926218733758e-01 1.209857937203118539e+01 4.423960880860658654e+04
5.703846372941369092e-01 1.206372341338123988e+01 3.842569795614515897e+04
5.867395603070747478e-01 1.203335041655075344e+01 3.341870078189583728e+04
6.024153055244342303e-01 1.200622976042679824e+01 2.927409147890147142e+04
6.173686210451133638e-01 1.197518812654763032e+01 2.587253835258476101e+04
6.318248263801373721e-01 1.194574042647855805e+01 2.297910655737559136e+04
6.460078531589903417e-01 1.191779717742368661e+01 2.042673011277959449e+04
6.600164084771912298e-01 1.188934556691517130e+01 1.822505328123756044e+04
6.739936820129842632e-01 1.186075424057293048e+01 1.623616583444866592e+04
6.879829819365845811e-01 1.183000243411435903e+01 1.449989322348722999e+04
7.020840318882936026e-01 1.179897755020281735e+01 1.292993920288574009e+04
7.163598093691523339e-01 1.176761263660232792e+01 1.154698860995906034e+04
7.308550755459041204e-01 1.173630694752275438e+01 1.029319870251645443e+04
7.456238621722893756e-01 1.170424253970191941e+01 9.151675503218884842e+03
7.607066825658188591e-01 1.167115063685428566e+01 8.183954248305047258e+03
7.761421270428604524e-01 1.164096292512393482e+01 7.246448463546716084e+03
7.919556814291255353e-01 1.160736690178892516e+01 6.435745086075204199e+03
8.081787447792404544e-01 1.157394934690807453e+01 5.712818049533271733e+03
8.248339742598561619e-01 1.154271553134248940e+01 5.052087945642969316e+03
8.419369482062873944e-01 1.150914930164090322e+01 4.473176656368543263e+03
8.595125696322261089e-01 1.147745548383021941e+01 3.951000733366060103e+03
8.775749390106092340e-01 1.144585056977193460e+01 3.484195357702045385e+03
8.961360542365783832e-01 1.141682092282162309e+01 3.072143680697882701e+03
9.151911477310346044e-01 1.138726393842067708e+01 2.684864388487918859e+03
9.347598494423534632e-01 1.135646125579726728e+01 2.379821071125561502e+03
9.548414530718370985e-01 1.132882462672159285e+01 2.091888881498518458e+03
9.754403921133849575e-01 1.130401610804654844e+01 1.836291799998999977e+03
9.965411318586199219e-01 1.127289437439967301e+01 1.611053680847353007e+03
1.018151556627774790e+00 1.124596655568263692e+01 1.412885402878388732e+03
1.040261838931046734e+00 1.121968293150819918e+01 1.238493112254543576e+03
1.062856765882211008e+00 1.119441558049592622e+01 1.083683787711205014e+03
1.085915182232691345e+00 1.117342892685176636e+01 9.496556691105674872e+02
1.109447418520200568e+00 1.114680128913623136e+01 8.314276904018774985e+02
1.133412592830270960e+00 1.112119269423142498e+01 7.240620781637591108e+02
1.157789112841986823e+00 1.109881436581724223e+01 6.374576788418879687e+02
1.182580020097874218e+00 1.107963708786716595e+01 5.545745600132345317e+02
1.207748145592435263e+00 1.105599927649811853e+01 4.882396169040332552e+02
1.233255764202908056e+00 1.103690036863688384e+01 4.274919160267464235e+02
1.259089457483132390e+00 1.101348211129388766e+01 3.746168933860411698e+02
1.285220302467191322e+00 1.099483404551521915e+01 3.281699655906704720e+02
1.311605281904638431e+00 1.097725896275087543e+01 2.873998349605503222e+02
1.338217132561625222e+00 1.095549820906562744e+01 2.522905554842115805e+02
1.365030262232727942e+00 1.093765551236797862e+01 2.212714528406207535e+02
1.391991720424670564e+00 1.091924527227137354e+01 1.943098236974320230e+02
1.419080495002159381e+00 1.089997199103151893e+01 1.708086190282806172e+02
1.446007283925137665e+00 1.088294313054307416e+01 1.502393482775727591e+02
1.472520615867844773e+00 1.086386623128206885e+01 1.325813123900994128e+02
1.498579920399730536e+00 1.084577291613216055e+01 1.174401436558624141e+02
1.524182726530980636e+00 1.082689492806182230e+01 1.040201762843863094e+02
1.549281612671050912e+00 1.080749096113836316e+01 9.202956701786938254e+01
1.573900657160062000e+00 1.078660786177206532e+01 8.227771102746271481e+01
1.598022160909449818e+00 1.076575571957823563e+01 7.332272956324739255e+01
1.621613219923832228e+00 1.074481800452232427e+01 6.524825218255520554e+01
1.644686357695718470e+00 1.072271621341261394e+01 5.839188455887911999e+01
1.667211956438275244e+00 1.069897841587680709e+01 5.257614658624154202e+01
1.689205456488295454e+00 1.067530447285750128e+01 4.720330603097830391e+01
1.710621267893437158e+00 1.065046805576442779e+01 4.237214839911408859e+01
1.731504350547555804e+00 1.062504419007899514e+01 3.818848736691011680e+01
1.751731342556095194e+00 1.059889053373311540e+01 3.444419591074078113e+01
1.771401855415982718e+00 1.057099279672838499e+01 3.112033671053732675e+01
1.790503802923419929e+00 1.054294925720213705e+01 2.811637829675825628e+01
1.808962247565448322e+00 1.051432713038924582e+01 2.540641078377170103e+01
1.826824586986266041e+00 1.048439527437599850e+01 2.311427104530244492e+01
1.844054098955218546e+00 1.045405827595640069e+01 2.093271865279445976e+01
1.860679852803442502e+00 1.042285233578965276e+01 1.903733069535824995e+01
1.876649662716131983e+00 1.039069930294224520e+01 1.739769643375139196e+01
1.891984432071194933e+00 1.035810843504916967e+01 1.581513603290685133e+01
1.906687465644087753e+00 1.032446153357032514e+01 1.450699317049503811e+01
1.920748780183322069e+00 1.029041407534061747e+01 1.326277995675606824e+01
1.934248395860550529e+00 1.025547593735141305e+01 1.211614729051242989e+01
