2.191799393465098389e-01 1.550982308316407554e+01 3.683535669800713658e+06
2.275700206954093530e-01 1.518355271634083614e+01 3.076498244023439940e+06
2.363358863799707443e-01 1.490704232708897159e+01 2.554255859310357366e+06
2.454796794749277700e-01 1.463325637045178063e+01 2.131785908183815423e+06
2.550090745048853025e-01 1.439031663781626413e+01 1.777972410087883007e+06
2.649399955734714762e-01 1.415271128516126709e+01 1.481676176145499106e+06
2.752826997845754797e-01 1.396145491035445119e+01 1.234254760617100168e+06
2.860465100659564386e-01 1.377709714403986752e+01 1.029176051273635589e+06
2.972274528628475743e-01 1.359732575848442693e+01 8.598142145537161268e+05
3.088572260426245553e-01 1.343802657262573774e+01 7.164861350269856630e+05
3.209431957099640464e-01 1.329758833070089530e+01 5.979359316317492630e+05
3.334423127904337369e-01 1.315775632340587009e+01 5.007860653880896280e+05
3.464165943780220247e-01 1.303272640704621566e+01 4.175210694176775869e+05
3.598858366544419041e-01 1.292083564516657290e+01 3.489792527998766745e+05
3.737831647126311219e-01 1.281401185478884841e+01 2.916230637911185040e+05
3.881847335421335643e-01 1.271499131724741538e+01 2.440529112538422341e+05
4.030958967248978175e-01 1.263068059676688115e+01 2.041917699561264599e+05
4.184365590877679453e-01 1.254750797175131005e+01 1.710917200664698903e+05
4.343081892840719993e-01 1.247262839430841552e+01 1.435450744834577199e+05
4.506708317836343736e-01 1.240086988230388165e+01 1.203536800768146932e+05
4.675242508532010399e-01 1.233888371394013639e+01 1.008914386106345919e+05
4.848517989451893717e-01 1.227916369719856071e+01 8.468556926332664443e+04
5.026860310022159828e-01 1.222602037783021700e+01 7.113770210791296267e+04
5.210107821559214480e-01 1.217545704782543048e+01 5.989719413370115944e+04
5.398266503664236327e-01 1.212903596646574478e+01 5.036368855984602123e+04
5.591326976843962182e-01 1.208636851597953310e+01 4.233966210057427816e+04
5.788893109998886066e-01 1.204716640818444695e+01 3.541466284452354739e+04
5.985464855454416533e-01 1.200971916359568858e+01 3.031493178849481410e+04
6.175249404057007174e-01 1.197656627815441510e+01 2.584591097417464698e+04
6.361525593127081990e-01 1.194266673587698335e+01 2.221789608369117559e+04
6.547226548524377465e-01 1.190996807759717413e+01 1.914039614294605053e+04
6.734667642749416760e-01 1.187429646911943060e+01 1.632238896084033877e+04
6.923853373121352517e-01 1.184238690675544881e+01 1.420245739745557148e+04
7.117444591251995689e-01 1.180776374915063975e+01 1.226239919397399171e+04
7.316000359944858644e-01 1.177487736511140248e+01 1.051915185645227757e+04
7.520367012321055311e-01 1.174234987573576561e+01 9.048396941357110336e+03
7.731201236192519755e-01 1.170956286544444680e+01 7.754831956590584014e+03
7.949185064289832070e-01 1.167800320573873130e+01 6.637480643191251147e+03
8.174757033260058314e-01 1.164707425507220329e+01 5.673830563866286866e+03
8.408409888143312250e-01 1.161462140146141664e+01 4.844963083043682673e+03
8.650452454734579577e-01 1.158644505694807059e+01 4.128331396531016253e+03
8.901273000730348661e-01 1.155662430619593906e+01 3.511053272754870250e+03
9.160931654823505355e-01 1.153183059973707891e+01 2.980748648422145379e+03
9.429657606696369987e-01 1.150664283793717679e+01 2.527486427639245903e+03
9.707445179832621118e-01 1.148229230465401329e+01 2.139157361757467697e+03
9.994365201111973240e-01 1.146037541393837422e+01 1.810506424407643863e+03
1.029032822950611825e+00 1.144078568480227354e+01 1.530679022787018084e+03
1.059521840987569963e+00 1.141837522183353215e+01 1.293691019510633623e+03
1.090884416315118344e+00 1.140099442582913269e+01 1.092788088161458518e+03
1.123088316868112724e+00 1.138351836727839128e+01 9.152327614960946676e+02
1.156104950960526789e+00 1.136923952449081732e+01 7.738353675011506994e+02
1.189902799155339475e+00 1.135313170401915706e+01 6.565548547643594475e+02
1.224430601423639020e+00 1.134059410952266234e+01 5.541984699267934502e+02
1.259639362496914217e+00 1.132841377089272328e+01 4.679916483267293188e+02
1.295485098131928581e+00 1.131509498964478766e+01 3.953969498651381400e+02
1.331899624249488490e+00 1.130459687017153492e+01 3.326491958341102873e+02
1.368825160571984778e+00 1.129488476566400124e+01 2.828223066776816381e+02
1.406192659652576005e+00 1.128479187464751732e+01 2.393647200609125036e+02
1.443928421804689943e+00 1.127605098333440026e+01 2.029502588682171620e+02
1.481962742468597050e+00 1.126643181578264752e+01 1.713702486522438448e+02
1.520212041546740389e+00 1.125807532625382201e+01 1.463869297056226628e+02
1.558603304552996116e+00 1.125015017062353451e+01 1.245470981558855215e+02
1.597057278404965697e+00 1.124225003338109552e+01 1.060119084755954901e+02
1.635477449019559160e+00 1.123764456983063376e+01 9.046263991318295439e+01
1.673807491940883185e+00 1.122403899034540409e+01 7.739331558238090736e+01
1.705820977639801228e+00 1.121343033276739476e+01 6.753349024408858270e+01
1.727627154717281233e+00 1.119537894398928479e+01 6.127147564117235845e+01
1.746806302580740766e+00 1.116937592564305604e+01 5.563163937454014274e+01
1.764606586044966230e+00 1.113866029314479889e+01 5.035868045641519331e+01
1.781233903262512408e+00 1.110419650490587706e+01 4.594197664704710604e+01
1.796789174390058363e+00 1.106654867639351281e+01 4.182153048213563551e+01
1.811352389664950602e+00 1.102488632400518220e+01 3.796924992034094259e+01
1.824990420580909101e+00 1.098152009142653895e+01 3.474059414979094385e+01
1.837710395558013410e+00 1.093523885637924309e+01 3.169702373341189272e+01
1.849570479760570541e+00 1.088739168987343753e+01 2.884049558334967855e+01
1.860594912349320174e+00 1.083675895851789583e+01 2.645740277343661262e+01
1.870801043437986255e+00 1.078394610090283123e+01 2.413799979295929532e+01
1.880201149391075077e+00 1.073053597864645070e+01 2.218769414233166160e+01
1.888811582611123585e+00 1.067503293857238233e+01 2.028267709814794628e+01
1.896657808601390105e+00 1.061777241222944390e+01 1.868661497305078001e+01
1.903747201362980812e+00 1.055909416628515629e+01 1.716734983650903956e+01
1.910094884175930874e+00 1.050019054541709451e+01 1.580086481486477190e+01
1.915711147815953863e+00 1.043915178175256742e+01 1.455923814907899683e+01
1.920609756655680345e+00 1.037810776656207956e+01 1.339217974854162385e+01
1.924798500085956876e+00 1.031596129681475382e+01 1.239974404326397917e+01
1.928306129831852234e+00 1.025258259221551782e+01 1.144338274328931249e+01
1.931123208563852556e+00 1.018893058258055184e+01 1.059801269950424363e+01
1.933283805948228018e+00 1.012413091972585910e+01 9.828719140922656194e+00
1.934793193959321478e+00 1.006038869589140106e+01 9.156731130880304548e+00
1.935654697395378099e+00 9.994918151722343325e+00 8.490685341579924383e+00
1.935917158047837150e+00 9.928760436187404892e+00 7.907243130809967546e+00
1.935528880272777252e+00 9.862524850108218999e+00 7.393574803600478695e+00
1.934575504482527242e+00 9.796457423163973388e+00 6.891565722285561968e+00
1.933033325763644728e+00 9.731149330726251989e+00 6.450503370783987833e+00
1.930936276443643074e+00 9.664117729851545491e+00 6.045868804654289441e+00
1.928287379724957340e+00 9.598217030159322150e+00 5.688182655467608484e+00
1.925111213817757072e+00 9.531766709762695911e+00 5.343726843170791163e+00
1.921428983878777252e+00 9.466004941737882206e+00 5.015264694685177993e+00
1.917268488036073304e+00 9.400537681172274063e+00 4.739810286026552966e+00
1.912611396416814102e+00 9.334543699946609152e+00 4.474729123825479604e+00
