2.191799393465098389e-01 1.550982308316407554e+01 3.683535669800713658e+06
2.248442596724593845e-01 1.529240197204084595e+01 3.256066267494268715e+06
2.306548609447765241e-01 1.507756366069515153e+01 2.872271675515701994e+06
2.366588767218549549e-01 1.489571583145549383e+01 2.545552051193047315e+06
2.428352982878419219e-01 1.471164963725730424e+01 2.242559287698608823e+06
2.491786900762278101e-01 1.454002501660798430e+01 1.991479201941209845e+06
2.557092537136573251e-01 1.437055776428706011e+01 1.752594350973492721e+06
2.624237804325460499e-01 1.421533792464076740e+01 1.550296263904774562e+06
2.693277674779688269e-01 1.407103236921779832e+01 1.369127441844747867e+06
2.764224807705570330e-01 1.393893043305526191e+01 1.210240303812211845e+06
2.837117715998158651e-01 1.381121683459444682e+01 1.069936453184562037e+06
2.911989593530311393e-01 1.368932490586334794e+01 9.492440190946344519e+05
2.988896703757855655e-01 1.357926852960928876e+01 8.368949288676785072e+05
3.067528574604354574e-01 1.346556747465231751e+01 7.406257046606407966e+05
3.148406329046436469e-01 1.339914628534891072e+01 6.545840873059715377e+05
3.231336113087343032e-01 1.326425883229086189e+01 5.799847781071807258e+05
3.316377546102327600e-01 1.317818685455365468e+01 5.126203452606690698e+05
3.403515999104611001e-01 1.308660031065716289e+01 4.552873811900063884e+05
3.492756145792556555e-01 1.300586234881682302e+01 4.017936046821994823e+05
3.584287041486342584e-01 1.292938350147046656e+01 3.524865544918683590e+05
3.677785457696827187e-01 1.286398967964823470e+01 3.151599301256921026e+05
3.773640909381699160e-01 1.279184010234106772e+01 2.790703454485211987e+05
3.871638467130980032e-01 1.272121552948749468e+01 2.475707368684784451e+05
3.972019697374847835e-01 1.266196748856147458e+01 2.191145657526848081e+05
4.074389485890689833e-01 1.260365881219280482e+01 1.944172627265025221e+05
4.179117921366305444e-01 1.255275598484488242e+01 1.705714549326404813e+05
4.286118883996501983e-01 1.249374974296449281e+01 1.525228432382704632e+05
4.395316798842078265e-01 1.244940059340399685e+01 1.353989650683595391e+05
4.507016599668442480e-01 1.240156935753652867e+01 1.191948048651824647e+05
4.620950554064271465e-01 1.235642368564845661e+01 1.068022044863221381e+05
4.736969959422414056e-01 1.231638077262418562e+01 9.484758816646589548e+04
4.855210248972627873e-01 1.227674097141861864e+01 8.413388414717296837e+04
4.975836745596535771e-01 1.224261788482838220e+01 7.467102366078498017e+04
5.098697640601990155e-01 1.220363784931085149e+01 6.648540801938661025e+04
5.223841232120758349e-01 1.217326410887314658e+01 5.901512694462697254e+04
5.351249354465741348e-01 1.214029743422296903e+01 5.258796532443608885e+04
5.480906903214534109e-01 1.211161089398516211e+01 4.675053739260463772e+04
5.612821339438941459e-01 1.208120889560793820e+01 4.160044178599801671e+04
5.746626082472310326e-01 1.205573349629992741e+01 3.704390172440987953e+04
5.882198769868193233e-01 1.203060585922979797e+01 3.265786381359946608e+04
6.016578533368056592e-01 1.200531782572580752e+01 2.951248846274905372e+04
6.150822896619853042e-01 1.198236328397771011e+01 2.641276359606930419e+04
6.285171771751285608e-01 1.196083637051072834e+01 2.343352373062514016e+04
6.420507282590166565e-01 1.193785757434403827e+01 2.105211874401782916e+04
6.557617641654733820e-01 1.191583756891643908e+01 1.907824373810155521e+04
6.696853766887727044e-01 1.189455892507292667e+01 1.713184657128223989e+04
6.838986994215597859e-01 1.187371788122622185e+01 1.535313096771756682e+04
6.983858792106053537e-01 1.185197931957915785e+01 1.377377881542676914e+04
7.131838126155198854e-01 1.183294231859610690e+01 1.233027327437066197e+04
7.282672194443063907e-01 1.181194373687015187e+01 1.098154613458509084e+04
7.437930684875312393e-01 1.179573955089186299e+01 9.881229304003712969e+03
7.597100504989602321e-01 1.177808260008484531e+01 8.832464566526701674e+03
7.760421312182422815e-01 1.176172814117022369e+01 7.894391919116906138e+03
7.928827920051739753e-01 1.174426321292538589e+01 7.035429809113305055e+03
8.100382810335611250e-01 1.172848882945819859e+01 6.286120065561101001e+03
8.277334727308983675e-01 1.171378951153566383e+01 5.588745252889029871e+03
8.459163302414576258e-01 1.169722517325286759e+01 4.982996699895566053e+03
8.645739631699654870e-01 1.168430218240408891e+01 4.435117918507583454e+03
8.837377907628427565e-01 1.167556372591058000e+01 3.939052612145463172e+03
9.034110193724065319e-01 1.166277287352004954e+01 3.499310522096101522e+03
9.235858592896802888e-01 1.165190783276521458e+01 3.111030252499950166e+03
9.443008164887525258e-01 1.164280736578489517e+01 2.754939748508801586e+03
9.655080834320544092e-01 1.163832415790656150e+01 2.446684887283142416e+03
9.872412719453169672e-01 1.162675865668309250e+01 2.171567713057588207e+03
1.009493477664003436e+00 1.162054188054789883e+01 1.921065504438352946e+03
1.032267738540215030e+00 1.161875846906906595e+01 1.703889855203845400e+03
1.055539675175716008e+00 1.160963304804261220e+01 1.509546066939153434e+03
1.079320122775343060e+00 1.160837395046069176e+01 1.335727295554780767e+03
1.103603617341530674e+00 1.160239517119864239e+01 1.183279214076823109e+03
1.128200730253381634e+00 1.160289280989090877e+01 1.047898285578768537e+03
1.152968827756966519e+00 1.159819813468369532e+01 9.245539804754193938e+02
1.177923336593245107e+00 1.159700037976001319e+01 8.252154504538268611e+02
1.203008491710052974e+00 1.159638518331999357e+01 7.331614547235952841e+02
1.228232493497015243e+00 1.159950085930539565e+01 6.484185923941404326e+02
1.253617438141154228e+00 1.159870300991386749e+01 5.811545664269635836e+02
1.279133317158074323e+00 1.159414584125863712e+01 5.180743803907132587e+02
1.304767173474267405e+00 1.159735084007854944e+01 4.621617012821700996e+02
1.330523073869449791e+00 1.159559641861791590e+01 4.123365627995501086e+02
1.356380239528161225e+00 1.159222052954106452e+01 3.683105115648614287e+02
1.382327283002748430e+00 1.159103186361096327e+01 3.294899587918628754e+02
1.408339263039244171e+00 1.159115664709834626e+01 2.944778016525380053e+02
1.434446564232747967e+00 1.159108520022963518e+01 2.622678216935646560e+02
1.460547275458583316e+00 1.158966151953646495e+01 2.364440930817615936e+02
1.486721455751345511e+00 1.158627823297845083e+01 2.121947207460175093e+02
1.512877343597251789e+00 1.158469444760395639e+01 1.901312827854973762e+02
1.539047292963380498e+00 1.158156703448593383e+01 1.706960008943748903e+02
1.565193118492580249e+00 1.157960559403661804e+01 1.535395575614306551e+02
1.591299410465472741e+00 1.157860155630278598e+01 1.379680440395650578e+02
1.617334042123802718e+00 1.157333150266485156e+01 1.241732138449046658e+02
1.643412425617548189e+00 1.157002700910863524e+01 1.117960859571146131e+02
1.669166536256653233e+00 1.156687352758550702e+01 1.007130214781836202e+02
1.694923479191827731e+00 1.156126541401248176e+01 9.090817524107112035e+01
1.720508211371017060e+00 1.155679655401672790e+01 8.200116177657146466e+01
1.745967422710546835e+00 1.155138178850614672e+01 7.376483845403662087e+01
1.771312627249324034e+00 1.154570183998518473e+01 6.670016650115114487e+01
1.796275059816069053e+00 1.153851807522002915e+01 6.064030048562681685e+01
1.821130610199519051e+00 1.153187553633877549e+01 5.490236326627138652e+01
1.845726858463935249e+00 1.152464594244025697e+01 4.956486763761540715e+01
1.870058394271880919e+00 1.151600989066227676e+01 4.515582530127532834e+01
1.894120919276174986e+00 1.150743263553360585e+01 4.099746325635641853e+01
