2.191799393465098389e-01 1.550982308316407554e+01 3.683535669800713658e+06
2.253805588010230898e-01 1.527079143611977230e+01 3.215898676402897574e+06
2.317887592411140840e-01 1.504396632620837160e+01 2.812120766897752881e+06
2.384032702253649216e-01 1.483307289387987993e+01 2.451965429510491900e+06
2.452358639845749200e-01 1.463921749959326846e+01 2.138048801251029596e+06
2.522741691399391084e-01 1.445110850050017959e+01 1.869299496763166972e+06
2.595345767998872843e-01 1.428032017038107604e+01 1.631883930072490126e+06
2.670184499270742418e-01 1.412681979973577739e+01 1.426923200791735901e+06
2.747310334012071364e-01 1.397265737135459318e+01 1.247807797465949319e+06
2.826758082740170042e-01 1.385639346467547206e+01 1.088788591175278882e+06
2.908579852756366102e-01 1.369426849029784954e+01 9.517642829360455507e+05
2.992696987724950963e-01 1.356441411797296936e+01 8.326111558417202905e+05
3.079304336475586767e-01 1.344817210788567152e+01 7.278413179641354363e+05
3.168328705525369493e-01 1.333580369290360679e+01 6.362302356001889566e+05
3.259763149259091719e-01 1.323561241948817191e+01 5.560496686489382992e+05
3.353795671860844707e-01 1.313942883699169784e+01 4.875254017348153284e+05
3.450362871797154063e-01 1.304747581164183501e+01 4.264236390997587005e+05
3.549585190501404197e-01 1.296209167425378972e+01 3.723609148581950576e+05
3.651351738793316981e-01 1.287882894616542906e+01 3.259525339714872534e+05
3.755659470953748857e-01 1.279885106501725467e+01 2.856718996064327075e+05
3.862748411683054606e-01 1.272740191718410152e+01 2.502329045779794105e+05
3.972597640915849215e-01 1.266138118887324815e+01 2.188965915869633900e+05
4.084900948530745257e-01 1.259690940356922795e+01 1.918615037565412640e+05
4.199915058906465992e-01 1.254177874805584914e+01 1.681147540438442375e+05
4.317784969673944540e-01 1.248199928950627324e+01 1.476110026186413888e+05
4.438460242223593033e-01 1.242850027990196793e+01 1.293371283689295378e+05
4.561652257193009041e-01 1.238160935028588483e+01 1.135197794619880733e+05
4.687792498960458576e-01 1.233633840247619418e+01 9.959282790549013589e+04
4.816378564756009228e-01 1.229009856784860055e+01 8.780155443013955664e+04
4.947880218914984529e-01 1.224849266642207368e+01 7.677158346954458102e+04
5.081994765870648800e-01 1.221059025636734141e+01 6.741433831377113529e+04
5.218879169407989460e-01 1.217362070884877667e+01 5.943079935949885839e+04
5.358473166703220381e-01 1.213799775794516478e+01 5.221194998524753464e+04
5.500764953918373390e-01 1.210748151684793861e+01 4.598905182798345049e+04
5.645781973388243058e-01 1.207428003276744377e+01 4.042797788549208781e+04
5.793029932902211687e-01 1.204758735749260623e+01 3.523456529039387533e+04
5.938840707587076384e-01 1.202022202790383609e+01 3.148183060822085827e+04
6.078497076310078739e-01 1.199183638677730812e+01 2.781571902637144740e+04
6.214127268900683232e-01 1.196929376344058049e+01 2.505430030791170066e+04
6.346467198841843071e-01 1.194370223991506386e+01 2.246354857382511182e+04
6.477435947588743304e-01 1.191697505839113269e+01 2.016784778982544594e+04
6.607609398885105900e-01 1.189228622054059414e+01 1.814458762299776936e+04
6.737926904083971769e-01 1.186317485918928050e+01 1.635771256652591546e+04
6.868765238908520754e-01 1.183866561659645278e+01 1.469417837669139954e+04
7.000804844295123175e-01 1.181191132325574067e+01 1.323320535386908159e+04
7.134497021752272961e-01 1.178481598521154439e+01 1.191472781999247127e+04
7.271119345480445695e-01 1.175892546389301074e+01 1.069915404967434370e+04
7.408408188062579613e-01 1.173017260242411552e+01 9.615948751460278800e+03
7.549300110640836392e-01 1.170330708059812430e+01 8.632826181634112800e+03
7.693256550812924699e-01 1.167561621338838407e+01 7.750681693383565289e+03
7.840360383194878713e-01 1.164652235633226596e+01 6.948149491259707247e+03
7.990914255385529463e-01 1.162082008807181488e+01 6.212715602937428230e+03
8.145182822552944346e-01 1.159435461558805613e+01 5.574024676379904122e+03
8.303196875013606482e-01 1.156754432960231149e+01 4.975123952481753804e+03
8.465341260392316158e-01 1.154013628139504988e+01 4.442929168426355318e+03
8.631459307008380044e-01 1.151284420018258459e+01 3.962315467363876451e+03
8.801799467450615033e-01 1.148846384788818931e+01 3.532475225166075234e+03
8.976424618741715156e-01 1.146416078569032138e+01 3.147904639012462212e+03
9.155433970414182943e-01 1.143759084890283617e+01 2.797052903267242982e+03
9.338800425904733027e-01 1.141356492056193694e+01 2.486941023476111241e+03
9.526624154769913755e-01 1.139023313110275382e+01 2.208769883685355126e+03
9.718022353465527452e-01 1.136719444235174947e+01 1.963094196254959343e+03
9.912715376358217645e-01 1.134493030421969451e+01 1.742426185340412076e+03
1.010943405509642234e+00 1.132178863650366196e+01 1.549352020512873423e+03
1.030948302396481608e+00 1.130191595207132060e+01 1.375404538978134042e+03
1.051196291510816838e+00 1.128171874945272357e+01 1.222771118080769838e+03
1.071741558469764710e+00 1.126177932993165598e+01 1.086117209668471787e+03
1.092533965847619859e+00 1.123913631840643923e+01 9.663929867759608214e+02
1.113615256912815044e+00 1.121995968900009899e+01 8.589682598881402100e+02
1.134906984051092360e+00 1.119982680587038715e+01 7.633687016199701247e+02
1.156468489958837331e+00 1.118005965086830678e+01 6.793674917718916504e+02
1.178238412623605846e+00 1.115982589035752781e+01 6.000742743656267066e+02
1.200227750429436968e+00 1.114275425899583816e+01 5.372499934616278097e+02
1.222438137736470809e+00 1.112412494298948573e+01 4.787771147056173504e+02
1.244896493023347706e+00 1.110544243420555155e+01 4.255720331790407727e+02
1.267391998828159227e+00 1.108708818283827213e+01 3.788419255957437031e+02
1.290061129647738891e+00 1.106786736954511063e+01 3.367624942561867556e+02
1.312900831845112970e+00 1.105217431470886780e+01 3.011797594159381788e+02
1.335849447094774600e+00 1.103136728417048040e+01 2.684451015462954615e+02
1.358903015585448681e+00 1.101348355466199003e+01 2.384094070870672510e+02
1.382028090249637797e+00 1.099657664682483116e+01 2.136601490587578382e+02
1.405190023836542901e+00 1.097741697010764206e+01 1.907745647922450587e+02
1.428390723245074989e+00 1.095983677499685705e+01 1.705789580179692848e+02
1.451596544745613615e+00 1.094136840997653515e+01 1.526137001297126972e+02
1.474798000415016963e+00 1.092349338915341583e+01 1.365629011857446642e+02
1.497941875070724960e+00 1.090465390213540431e+01 1.217463695182637906e+02
1.521040433691579707e+00 1.088617269387365027e+01 1.095717315898109376e+02
1.544022560979744885e+00 1.086774887888860697e+01 9.783212501300839392e+01
1.566910076680025465e+00 1.084981873660080609e+01 8.819545951407810946e+01
1.589660298262327798e+00 1.082959418165885523e+01 7.887908453616911686e+01
1.612239053665798671e+00 1.081064920983772382e+01 7.122470345641249878e+01
1.634642128405999539e+00 1.079019741071662253e+01 6.404483306005538168e+01
1.656818360447444682e+00 1.077103415158323685e+01 5.758643818086393651e+01
1.678783941248354283e+00 1.075060218495107911e+01 5.194637500820466158e+01
1.700470957182962595e+00 1.072991202849275716e+01 4.687200413510452535e+01
1.721892331239701868e+00 1.070940122712878306e+01 4.232017395726603581e+01
1.743020872337019744e+00 1.068874351540934065e+01 3.827808007008951563e+01
1.763782655926071197e+00 1.066717744438020787e+01 3.457292428030228848e+01
1.784232212206186663e+00 1.064539330993482125e+01 3.123716344580465076e+01
1.804308283361244714e+00 1.062316419324026384e+01 2.838359455408672005e+01
