2.191799393465098389e-01 1.550982308316407554e+01 3.683535669800713658e+06
2.266934194580197681e-01 1.521723236202491591e+01 3.129010385435152799e+06
2.344994681598754072e-01 1.496631705020796765e+01 2.669654815700004343e+06
2.426237884459148397e-01 1.471272761255311501e+01 2.255101964212057181e+06
2.510409615525646121e-01 1.448712423248372616e+01 1.914061448557311902e+06
2.597841429269675539e-01 1.427876702910069895e+01 1.628591304276454030e+06
2.688532574095682248e-01 1.408939122739264427e+01 1.381710842183521017e+06
2.782561007377606366e-01 1.393003722024689850e+01 1.172229262800891651e+06
2.879996356672114843e-01 1.374248540161033816e+01 9.982796339480286697e+05
2.980869029598604558e-01 1.358326817395602681e+01 8.479896936325880233e+05
3.085381268793233045e-01 1.344717762268165373e+01 7.211554119947943836e+05
3.193100036530865937e-01 1.331688895605198830e+01 6.135462822110431734e+05
3.304730861137580855e-01 1.318588817321417928e+01 5.218317633281112649e+05
3.420002987225150837e-01 1.307266911439602808e+01 4.440000685005343403e+05
3.538965837194385511e-01 1.296802628179618289e+01 3.777479445782185066e+05
3.661867690750792437e-01 1.286511773637283973e+01 3.186246301290168776e+05
3.788649467717862263e-01 1.277688215810089645e+01 2.741333491625773022e+05
3.918909697557855232e-01 1.269226433577160229e+01 2.317422623857487051e+05
4.053354632301406357e-01 1.261454571931101398e+01 1.990897742080758617e+05
4.191617600210376660e-01 1.253637938593935885e+01 1.685705018908107595e+05
4.333954471688404309e-01 1.247543124621473964e+01 1.447574965533895884e+05
4.480336905634574873e-01 1.241326524853501212e+01 1.237570234773360426e+05
4.630649840450891674e-01 1.235426221721990636e+01 1.056367562247445167e+05
4.784807793263392006e-01 1.230017622077559736e+01 9.039452199699981429e+04
4.942888658121539769e-01 1.224952062240134687e+01 7.725785050014744047e+04
5.104958148941558527e-01 1.220499295777038462e+01 6.603262291515643301e+04
5.271035663714590536e-01 1.216027080055866705e+01 5.660659305223132833e+04
5.441056837385933598e-01 1.212274964867342142e+01 4.841326150528671133e+04
5.615017640677233413e-01 1.208267644671843577e+01 4.147533702755409467e+04
5.792447802812044078e-01 1.204582414387047962e+01 3.560076677060242218e+04
5.970952561918315693e-01 1.201108740846036582e+01 3.066342909524383140e+04
6.147484397351263841e-01 1.198188159504623940e+01 2.649056644594792670e+04
6.323575358495531207e-01 1.195383845565833347e+01 2.294061896334973426e+04
6.501598321312348494e-01 1.192367075915799290e+01 1.978248248275963851e+04
6.682723050682248811e-01 1.189496347364541684e+01 1.728181916096745408e+04
6.867617263772113345e-01 1.186719363136731431e+01 1.502284176551483688e+04
7.057780473577809355e-01 1.184092620475856172e+01 1.300223506287427517e+04
7.253290864413501904e-01 1.181458077077629021e+01 1.125293505055127207e+04
7.454477162146179170e-01 1.178781182987261289e+01 9.730004591956638251e+03
7.662797893217384582e-01 1.176457138084985132e+01 8.398995996402038145e+03
7.878170360541135731e-01 1.174113280092043610e+01 7.242399190923195420e+03
8.101108074539408177e-01 1.171908974429042871e+01 6.238828926651112852e+03
8.331983444323506349e-01 1.169873971291214509e+01 5.359047843047362221e+03
8.570997414093289857e-01 1.167915299076327607e+01 4.606415705042588343e+03
8.818422425579128809e-01 1.166035675299786867e+01 3.946644283557082417e+03
9.074384430632864706e-01 1.164544048556665601e+01 3.382359481307294573e+03
9.339160200810441292e-01 1.162796353074417688e+01 2.893702542965501380e+03
9.612510712119424205e-01 1.161538410584639713e+01 2.460910201077956572e+03
9.894666515474473956e-01 1.160523635755305882e+01 2.113072622399900865e+03
1.018567430723220868e+00 1.159503198918673483e+01 1.802982725332348764e+03
1.048536332791444536e+00 1.158999128123692124e+01 1.538137385127416792e+03
1.079356476625746408e+00 1.158301395484873275e+01 1.309780579186742443e+03
1.111025976898503576e+00 1.157342775361854059e+01 1.117666180846386169e+03
1.143507368500594090e+00 1.157001220583966372e+01 9.525536444306549129e+02
1.176783882455316732e+00 1.156637072998152682e+01 8.128052242614888883e+02
1.210826164349456890e+00 1.156410642518881815e+01 6.930720402402306490e+02
1.245597009881345141e+00 1.156720511333477397e+01 5.902849699863501201e+02
1.281082669468307733e+00 1.156883523595084640e+01 5.030209769129305073e+02
1.317172237174988325e+00 1.156622237759908423e+01 4.269747725039504189e+02
1.353881690988343101e+00 1.156875958810948468e+01 3.646543581835703662e+02
1.391142093035132143e+00 1.157130638196245798e+01 3.137876428054161124e+02
1.428897377931009682e+00 1.157722067428773371e+01 2.681319126993736290e+02
1.467100786802333579e+00 1.157970147832332053e+01 2.282029284779892464e+02
1.505673840422928622e+00 1.158634057182049482e+01 1.955407936594932892e+02
1.544568528451615075e+00 1.158832660520470270e+01 1.687733808744790451e+02
1.583709031814247714e+00 1.159336919596648308e+01 1.447277730099826272e+02
1.620556830482346333e+00 1.159735761948627264e+01 1.256228273669005944e+02
1.653673002060685349e+00 1.159605602096007715e+01 1.103168704973869723e+02
1.683400720471917245e+00 1.159122172356289227e+01 9.792207024611415989e+01
1.710116926075069710e+00 1.158223394340215329e+01 8.769297192088309600e+01
1.734109931836356422e+00 1.156889375848341928e+01 7.900085281709169749e+01
1.755673491357266247e+00 1.155154937629779610e+01 7.168566470911451916e+01
1.774968775145150390e+00 1.152945606990666327e+01 6.534106505372233187e+01
1.792249717760999284e+00 1.150498289051616574e+01 5.981583851210338310e+01
1.807676926619508073e+00 1.147532161688758201e+01 5.498588623055304225e+01
1.821405308540815282e+00 1.144303567810906408e+01 5.075353933785518734e+01
1.833559446344984689e+00 1.140784367292285140e+01 4.697752338384481874e+01
1.844266186268264773e+00 1.136997916314573054e+01 4.342600562680146936e+01
1.853627702401237087e+00 1.132922164128821407e+01 4.038494725676468278e+01
1.861737536289884698e+00 1.128619306413287582e+01 3.783979332195063705e+01
1.868692104968054046e+00 1.124098096155912785e+01 3.520463776985013737e+01
1.874536074369908878e+00 1.119315183689657012e+01 3.306425061569289170e+01
1.879375316092047665e+00 1.114334323191637566e+01 3.105194986659367373e+01
1.883250552081962459e+00 1.109229488458091595e+01 2.904321396848505898e+01
1.886232013176312838e+00 1.103840016292079795e+01 2.731885572877727597e+01
1.888366294729674211e+00 1.098350438256685813e+01 2.574929819234870010e+01
1.889697372735474001e+00 1.092735773239674657e+01 2.436922731666154363e+01
1.890280463767056052e+00 1.086943878625124604e+01 2.302683189312742229e+01
1.890153617441231226e+00 1.080961420680777252e+01 2.176653661415057428e+01
1.889352646134464520e+00 1.074962855672963258e+01 2.062024151186216514e+01
1.887984729439470710e+00 1.068756026246563628e+01 1.952599381128808886e+01
1.886302217661963487e+00 1.062365839707335446e+01 1.838841141552732950e+01
1.884432646094589714e+00 1.055712843784512600e+01 1.743418982813900797e+01
1.882454865587043225e+00 1.048964203297293274e+01 1.642971898655501306e+01
1.880412583299100326e+00 1.042098602228006854e+01 1.542986253516337314e+01
1.878327454531824703e+00 1.035066924615057182e+01 1.455686844175459882e+01
1.876195703849769414e+00 1.028018075100396622e+01 1.368841919117165240e+01
1.874139225176746582e+00 1.020898208295914067e+01 1.283740541059909468e+01
1.871943140447730913e+00 1.013738506096032665e+01 1.205513835105691989e+01
1.869791690596933398e+00 1.006715465411204669e+01 1.126921141155292894e+01
