2.191799393465098389e-01 1.550982308316407554e+01 3.683535669800713658e+06
2.269979524901596935e-01 1.521041435313679457e+01 3.113431959277973045e+06
2.351363231593316394e-01 1.495379181906234756e+01 2.639420887532480992e+06
2.436156918347567868e-01 1.468305848679914405e+01 2.211114692777466495e+06
2.524183593598534059e-01 1.445217946006159337e+01 1.865648817927605240e+06
2.615709705740350000e-01 1.423529168148587942e+01 1.575135971650125459e+06
2.710793340945412133e-01 1.403931635215501927e+01 1.330055904393941164e+06
2.809500142669414946e-01 1.385706778120083271e+01 1.122968403035505442e+06
2.911930891737565252e-01 1.369014951590640550e+01 9.461591440746295266e+05
3.018150378281936885e-01 1.353362151665118418e+01 7.996058082326356089e+05
3.127987618408937798e-01 1.339218944936635758e+01 6.754643715860523516e+05
3.241760282635298140e-01 1.325061456747612354e+01 5.707001846788512776e+05
3.359556306975264861e-01 1.312948393268227498e+01 4.834496428599795327e+05
3.481367635572594210e-01 1.301423909321231065e+01 4.083530221763168229e+05
3.607533728504033199e-01 1.291010447445285969e+01 3.451997454782272107e+05
3.737266113619060470e-01 1.281450239949279712e+01 2.923369760156777920e+05
3.871486936379029409e-01 1.272187748866195278e+01 2.474609414172006364e+05
4.009933759268757836e-01 1.263889046274861094e+01 2.093661845436052536e+05
4.152563282617355855e-01 1.256184139414159873e+01 1.777078152450120542e+05
4.299442020103459994e-01 1.249355783485573212e+01 1.506066961734490178e+05
4.450809129506937967e-01 1.242730042836663529e+01 1.274925363696601271e+05
4.606382081454524213e-01 1.236303308475435081e+01 1.083757127649029280e+05
4.766096701301884564e-01 1.230813421570044319e+01 9.196632457665784750e+04
4.930117027629142279e-01 1.225401092626166388e+01 7.826340513816641760e+04
5.098410622464891739e-01 1.220754764501340439e+01 6.639040178794738313e+04
5.271050230014936444e-01 1.216203818836079975e+01 5.650999609596838127e+04
5.447954847806998346e-01 1.211789949873456784e+01 4.818510306037178088e+04
5.629123327650361608e-01 1.207942047718572809e+01 4.103516519696698379e+04
5.814015538734167432e-01 1.204292675962795478e+01 3.494749583734435873e+04
5.999520813062948488e-01 1.200945467018348012e+01 2.992900534992723988e+04
6.184040420645550151e-01 1.197708953015291833e+01 2.567074312754899074e+04
6.369538246354922162e-01 1.194514081066613720e+01 2.214870474900171030e+04
6.557686855428317418e-01 1.191745896858515508e+01 1.909002440436610050e+04
6.750055473466437528e-01 1.188618409719176405e+01 1.645057674288249837e+04
6.947766006832165608e-01 1.185867604653319596e+01 1.413679177745517154e+04
7.151584406136926031e-01 1.183219333360058556e+01 1.216579598325172446e+04
7.361426985369420306e-01 1.180300157779543113e+01 1.040230420697521367e+04
7.579421970110965523e-01 1.178050412314396311e+01 8.943935249038962866e+03
7.804159697076145097e-01 1.175731189431422052e+01 7.660535452488493320e+03
8.038003466598085955e-01 1.173278561350836036e+01 6.551963797486804651e+03
8.280615330258057627e-01 1.171345371803991142e+01 5.587349518076360255e+03
8.532385417372240211e-01 1.169510769950023388e+01 4.762318749886171645e+03
8.793463323804738829e-01 1.167603010929884100e+01 4.050813422330294088e+03
9.064081773552843391e-01 1.166283306136862308e+01 3.444239867200874414e+03
9.344521854907205105e-01 1.164852227054020695e+01 2.924605435093077176e+03
9.634766723453103143e-01 1.163668451067615450e+01 2.478270606852380297e+03
9.925701741335596351e-01 1.162708485726784069e+01 2.091596444744101518e+03
1.020638959661835932e+00 1.161669293893879029e+01 1.810527675810094479e+03
1.047842377976097250e+00 1.160845099037100248e+01 1.563952579042733760e+03
1.074245326745971729e+00 1.159634346250622983e+01 1.346231765454024980e+03
1.099963366882994231e+00 1.157966881238854029e+01 1.181637887975718741e+03
1.125079252795739393e+00 1.156301556573204969e+01 1.034126826902396033e+03
1.149632286569367334e+00 1.154580839976044437e+01 9.066374611352573538e+02
1.173700351753203197e+00 1.152776529192694532e+01 7.957331475888106525e+02
1.197315795205512234e+00 1.150755279639699502e+01 7.017044073137935811e+02
1.220494516635882931e+00 1.148796339267608246e+01 6.197216323599790258e+02
1.243318672793043422e+00 1.146088811973060118e+01 5.482275201404800100e+02
1.265780689980638529e+00 1.143402854446159367e+01 4.846947411632272065e+02
1.287902475821820270e+00 1.140968556934085321e+01 4.297406597979229446e+02
1.309725427762705063e+00 1.137914950375808587e+01 3.811329140827421611e+02
1.331234630475814917e+00 1.134836351345765415e+01 3.385628471272173670e+02
1.352442618800385965e+00 1.131548206229673070e+01 3.010639003697531848e+02
1.373361025400358093e+00 1.128492185485246324e+01 2.677150886818366189e+02
1.393984859059385517e+00 1.124809496017719113e+01 2.383083681514966656e+02
1.414317164187400166e+00 1.121331587383232709e+01 2.122144877506105161e+02
1.434348788087709936e+00 1.117571785036624199e+01 1.884404599149584669e+02
1.454079847174531759e+00 1.113721043405242206e+01 1.690226023475696593e+02
1.473633876276115195e+00 1.109816188926432012e+01 1.508898384170187228e+02
1.492592099221221602e+00 1.105672664179948761e+01 1.348323046522834261e+02
1.511516067221789328e+00 1.101579459683837037e+01 1.204104399276587145e+02
1.529768899621692935e+00 1.097240090392607925e+01 1.074413812833271891e+02
1.547827263724352642e+00 1.092894359253479486e+01 9.671720882721464818e+01
1.565496718362738182e+00 1.088401201235218707e+01 8.668678938177269799e+01
1.582782799345383795e+00 1.083860142597797527e+01 7.773048285084102815e+01
1.599661431682319668e+00 1.079271573224222003e+01 6.982510692506814109e+01
1.616122351124898993e+00 1.074505558587990883e+01 6.246931849393416769e+01
1.632138931198014120e+00 1.069708052374656759e+01 5.644744453815417984e+01
1.647704038573004626e+00 1.064863587897887598e+01 5.079909113260720233e+01
1.662797058362424085e+00 1.059902583403806275e+01 4.577194573135702882e+01
1.677408098975061712e+00 1.054941058077806204e+01 4.131286975255056149e+01
1.691518813826065504e+00 1.049856476918942860e+01 3.732838342429633371e+01
1.705112449433863420e+00 1.044668934618906952e+01 3.361297849976575236e+01
1.718186155744637622e+00 1.039449439732296909e+01 3.052820954630221095e+01
1.730705419527806876e+00 1.034277924130097048e+01 2.758839469429040392e+01
1.742681173547803608e+00 1.028870914619226085e+01 2.512723970477302160e+01
1.754096553884381127e+00 1.023546680156922051e+01 2.282124875544818465e+01
1.764934788713283131e+00 1.018121024372504202e+01 2.077074252708499102e+01
1.775196600123578383e+00 1.012698402443747447e+01 1.892057886697507030e+01
1.784869459022615068e+00 1.007215151465100256e+01 1.724706422625321167e+01
1.793948847671231306e+00 1.001715581440944369e+01 1.571637604808760003e+01
1.802436725098712111e+00 9.961084135646631310e+00 1.437826764766428056e+01
1.810322175054993155e+00 9.905318182966688312e+00 1.317241215379635300e+01
1.817601436471758980e+00 9.849261843630653601e+00 1.212454449841129289e+01
1.824282294030912466e+00 9.792781984243045912e+00 1.113460917821587870e+01
1.830363728290556935e+00 9.736627204216004472e+00 1.024913203214374846e+01
1.835843547035453938e+00 9.679239051993977938e+00 9.430104719958459114e+00
1.840725529908701308e+00 9.622920000385404293e+00 8.712126797083438845e+00
1.845017561965321518e+00 9.566213534252828055e+00 8.050615415808087150e+00
1.848723408187755490e+00 9.508444524055565950e+00 7.430596300790849540e+00
1.851844880203870725e+00 9.451690414199710233e+00 6.901579428058025378e+00
