2.191799393465098389e-01 1.550982308316407554e+01 3.683535669800713658e+06
2.254831043831585780e-01 1.526193275280157557e+01 3.217687085951322690e+06
2.319974682199162364e-01 1.507119526351116079e+01 2.838391546527042054e+06
2.387264229195553700e-01 1.482498656594744624e+01 2.442143629815735389e+06
2.456792948158067480e-01 1.462409023640742767e+01 2.122241484617253300e+06
2.528467924513215781e-01 1.444278061877893471e+01 1.847651894955015741e+06
2.602427508817701240e-01 1.427107534668282618e+01 1.617037084352024598e+06
2.678704164615806627e-01 1.410414338449822047e+01 1.405102493321443908e+06
2.757341122816124313e-01 1.395198358561614072e+01 1.225198731182312127e+06
2.838386491639736109e-01 1.380809217406863354e+01 1.069429729113741545e+06
2.921917047908612064e-01 1.367133372436729744e+01 9.318210439423396019e+05
3.007799344795717422e-01 1.354947706986009059e+01 8.117734373695323011e+05
3.096140901698610781e-01 1.343111449706468541e+01 7.084551727193970000e+05
3.187109108970759830e-01 1.331440560793940975e+01 6.193415072949901223e+05
3.280687751271544328e-01 1.320548090469665148e+01 5.361109418212581659e+05
3.376723253827326743e-01 1.311817169157192708e+01 4.708737661561206332e+05
3.475481058261834511e-01 1.302581456964524875e+01 4.116753737595395069e+05
3.576930455467877690e-01 1.293532782102101564e+01 3.601661754649198847e+05
3.681067719527889026e-01 1.285501075745126798e+01 3.136468620233352412e+05
3.788202719726778134e-01 1.277684115796200714e+01 2.741152813619823428e+05
3.897522525129084037e-01 1.270517002388597305e+01 2.396201784194998909e+05
4.009951941040687529e-01 1.263967875399804086e+01 2.101660624827837164e+05
4.125021765451846734e-01 1.257720249694770764e+01 1.831962028598685865e+05
4.243046852566432214e-01 1.251758476524186214e+01 1.604453184894173464e+05
4.363805154176927936e-01 1.246038842718611583e+01 1.403481323441150598e+05
4.487460484162664742e-01 1.241205097272231228e+01 1.228113016118987289e+05
4.613912091819031280e-01 1.236309830377579644e+01 1.074027582669471012e+05
4.743035661700783501e-01 1.231466302972648030e+01 9.394633171150652925e+04
4.875122461810650898e-01 1.227097663045150000e+01 8.243052505825625849e+04
5.009728783636087091e-01 1.222972278334127516e+01 7.227277164711520891e+04
5.147328410946879762e-01 1.219190315259746171e+01 6.350969624806520733e+04
5.287749569500591607e-01 1.215485384017732429e+01 5.573073629809343402e+04
5.430961535235578896e-01 1.212283775158940990e+01 4.890318730459094513e+04
5.576962081571096297e-01 1.209058562634588085e+01 4.293174932755101327e+04
5.725441791436255423e-01 1.205964000078381204e+01 3.770685454306402244e+04
5.875834160436641529e-01 1.203001464207089555e+01 3.295523273679536214e+04
6.023048361433296360e-01 1.200489509880026517e+01 2.933736286910622584e+04
6.167398142234961078e-01 1.197874077303720597e+01 2.603708774827497473e+04
6.310429901201513037e-01 1.195343483652851191e+01 2.316790533918994697e+04
6.453067142263997358e-01 1.192812373302846574e+01 2.065665521077045560e+04
6.596373414453634565e-01 1.190253288223421357e+01 1.841555992907346445e+04
6.741003529074406364e-01 1.187783885075886658e+01 1.642800885402410859e+04
6.887565471543622975e-01 1.185232654599492186e+01 1.467558912814360156e+04
7.036635702918090374e-01 1.182869809973574604e+01 1.306525432173353147e+04
7.188488835299067237e-01 1.180223586142532000e+01 1.163751704542398875e+04
7.343741104633270123e-01 1.177990328346361437e+01 1.036787468394622920e+04
7.502745807617147156e-01 1.175516379892254726e+01 9.233968378357851179e+03
7.666324994617302879e-01 1.173250367627916724e+01 8.191402478419355248e+03
7.832405179165659037e-01 1.171055158949728714e+01 7.289722513420663745e+03
8.004211889490652210e-01 1.168774228880539567e+01 6.457160572625283748e+03
8.180115168240604806e-01 1.166347307256028998e+01 5.724729898139207762e+03
8.361125523849519681e-01 1.164199374204826576e+01 5.073043397926626312e+03
8.547145735678906009e-01 1.162168158531894768e+01 4.486314378654696156e+03
8.738318035648152682e-01 1.160121006397081977e+01 3.963476086350830883e+03
8.934752142636058769e-01 1.158030914452041138e+01 3.498408196120032699e+03
9.136519785852820208e-01 1.156391193103462101e+01 3.088866122390089913e+03
9.343748222243845047e-01 1.154759547120752039e+01 2.701441715558977648e+03
9.554481618298932277e-01 1.152902126630579360e+01 2.402284554779559585e+03
9.766573114493131147e-01 1.151329533783022541e+01 2.122099908032791063e+03
9.980147593874859613e-01 1.149756277454689446e+01 1.873838929287729570e+03
1.019498187309083370e+00 1.148232452211277810e+01 1.657554628173547144e+03
1.041145257584063399e+00 1.146844881024754947e+01 1.468931277997306324e+03
1.062949101213291003e+00 1.145248611128996075e+01 1.301189889602917447e+03
1.084879634940509874e+00 1.143879798540626958e+01 1.155278838592636021e+03
1.106997477441041600e+00 1.142372339377710766e+01 1.023878419513038125e+03
1.129257570307650171e+00 1.140817639181474163e+01 9.087608425679536595e+02
1.151695570043509420e+00 1.139559443718617260e+01 8.074032488883124188e+02
1.174266032060933052e+00 1.138315670013106029e+01 7.180821462072451595e+02
1.196982065097700554e+00 1.136795738118065202e+01 6.386886232817921609e+02
1.219826720490868599e+00 1.135152780562166619e+01 5.677814600278096577e+02
1.242791988814300419e+00 1.133480685118357023e+01 5.055396409178757153e+02
1.265898113727191632e+00 1.132030243632045163e+01 4.473003373588045406e+02
1.289088558259436246e+00 1.130441322991729614e+01 4.008055985008663242e+02
1.312380424607147544e+00 1.128927733816049361e+01 3.552930317706517371e+02
1.335752903989710472e+00 1.127620527219856505e+01 3.185470495647885514e+02
1.359223715114783460e+00 1.125877450799699631e+01 2.842654154117826693e+02
1.382663965931751671e+00 1.124393959186483372e+01 2.536203951122151921e+02
1.406238781256306636e+00 1.122500426913467386e+01 2.266096599084444279e+02
1.429676813780796474e+00 1.120893730007304079e+01 2.019257470995569008e+02
1.453163541994298313e+00 1.119241866711420919e+01 1.811368555600886054e+02
1.476710689253163622e+00 1.117456637602492364e+01 1.620233040479528768e+02
1.500121700631178001e+00 1.115635227132385587e+01 1.446672028372607031e+02
1.523385588470315355e+00 1.113856427153551110e+01 1.300720158423675912e+02
1.546622318674651941e+00 1.111973485382308979e+01 1.166840925850786164e+02
1.569762524770066170e+00 1.110169073892824443e+01 1.045576231685924000e+02
1.592823117204619887e+00 1.108319877044099222e+01 9.386426205438969816e+01
1.615549437571928149e+00 1.106292250172263181e+01 8.442856053657477844e+01
1.638184388520578461e+00 1.104328292504479414e+01 7.567977771054890468e+01
1.660643000133953606e+00 1.102353934334345276e+01 6.836901494893693609e+01
1.682795350867761108e+00 1.100253645010662495e+01 6.157929757620068045e+01
1.704734804386965008e+00 1.098148849569479779e+01 5.552900409320145059e+01
1.726468784999469319e+00 1.096064400979224729e+01 5.004936980852554740e+01
1.747820368460934581e+00 1.093865836237142197e+01 4.524751901550931876e+01
1.768798202736687752e+00 1.091564789386183421e+01 4.092030218224776661e+01
1.789517678518249166e+00 1.089325804105160422e+01 3.706269018545828686e+01
1.809842595572404900e+00 1.086972761557593081e+01 3.343752938985469569e+01
1.829866940732780556e+00 1.084625119908974611e+01 3.040123536693705830e+01
1.849395672009484626e+00 1.082165163650601869e+01 2.761855408215172147e+01
1.868534741255184262e+00 1.079692209500770517e+01 2.502625686944247363e+01
1.887246606362141366e+00 1.077129167665018450e+01 2.285101900778802886e+01
