2.191799393465098389e-01 1.550982308316407554e+01 3.683535669800713658e+06
2.251474315275671101e-01 1.529055232590775404e+01 3.254627899155821651e+06
2.313110830113072613e-01 1.505634542881598392e+01 2.831664604246552102e+06
2.376670855020159012e-01 1.487425640738249122e+01 2.500220288521853741e+06
2.442233869585448414e-01 1.466792147005502756e+01 2.183642942635413259e+06
2.509687658632420715e-01 1.449370770869051483e+01 1.919969820208212361e+06
2.579205385644391391e-01 1.431588918938896704e+01 1.681336212831310462e+06
2.650783402009073697e-01 1.416441587609145181e+01 1.477382930769288680e+06
2.724475609915262830e-01 1.401298212439267843e+01 1.297653034782899776e+06
2.800308726439116325e-01 1.387462770459542227e+01 1.137749305638144026e+06
2.878334101490576113e-01 1.374109604343135871e+01 9.997110852311153430e+05
2.958493834705589465e-01 1.361954476935069636e+01 8.776221278336561518e+05
3.040875109035834356e-01 1.349861828490897508e+01 7.726721876746718772e+05
3.125543335096769293e-01 1.338714771351386013e+01 6.779611575862558093e+05
3.212595759462243405e-01 1.328373157762176682e+01 5.959641839076677570e+05
3.301870000038962250e-01 1.318779315716236944e+01 5.231991508280461421e+05
3.393452110921005294e-01 1.310019865544203377e+01 4.604358366109712515e+05
3.487477770618534478e-01 1.301186581144582810e+01 4.054749130004167673e+05
3.583840390554622335e-01 1.292961643946907913e+01 3.539256628899188363e+05
3.682740027258831761e-01 1.285367428718099525e+01 3.130531529778677505e+05
3.784285727678630140e-01 1.277937559540213996e+01 2.751440661426278530e+05
3.887823605338297517e-01 1.271178740173900756e+01 2.426684108633873111e+05
3.994046831657016017e-01 1.264879727254061237e+01 2.137726327471238910e+05
4.102977083378114842e-01 1.258930666321748504e+01 1.877666507605511288e+05
4.214188067139312266e-01 1.252611130544453921e+01 1.657187440623740549e+05
4.327878501155805746e-01 1.247817788696798580e+01 1.449479151378528331e+05
4.444368678420104191e-01 1.242922071103346049e+01 1.284500472803974262e+05
4.563038371368516311e-01 1.238135109778439436e+01 1.133415856136491202e+05
4.684554944745029648e-01 1.233420595548667364e+01 9.998223611967543548e+04
4.808367269363184593e-01 1.229180830450803619e+01 8.830785397096669476e+04
4.934799441525077879e-01 1.225211522450746138e+01 7.773207633916176565e+04
5.063693597437762817e-01 1.221634193523517098e+01 6.815760416176074068e+04
5.195142711785618594e-01 1.217885538832006453e+01 6.069429874926443881e+04
5.329136412991473115e-01 1.214554625279361311e+01 5.355241344059069525e+04
5.465630242299815977e-01 1.211420008006973426e+01 4.742164780316247197e+04
5.604639768968769920e-01 1.208428503749218663e+01 4.187161525903151778e+04
5.745796152298604520e-01 1.205806588201710206e+01 3.707054595671775314e+04
5.889290571731317092e-01 1.202485228871564438e+01 3.283887803881072614e+04
6.034714522788298119e-01 1.200298365990319738e+01 2.904814659481709896e+04
6.182301139244382737e-01 1.197843819177401770e+01 2.576073979796018830e+04
6.333487562189298314e-01 1.195405377709402650e+01 2.283534748266977840e+04
6.488014166413529349e-01 1.193225169041686762e+01 2.021453012099047555e+04
6.646630288877930504e-01 1.191160346995140529e+01 1.791541254421121994e+04
6.810224542304820217e-01 1.189175783571837997e+01 1.583139606018771519e+04
6.978654498021561459e-01 1.187259336047207015e+01 1.390426279095396421e+04
7.152337290039310069e-01 1.185501047410718201e+01 1.234440881919697495e+04
7.332093315334003991e-01 1.183782414067164268e+01 1.088658000126056504e+04
7.517406504967892866e-01 1.182431416719050610e+01 9.586061583868062371e+03
7.709268619776382669e-01 1.181044283592816946e+01 8.352675243597821463e+03
7.907487768990245636e-01 1.179735498187014997e+01 7.409173881413789786e+03
8.112334158417416896e-01 1.178722591121283614e+01 6.500085903291783325e+03
8.323780531405220451e-01 1.177913773548177723e+01 5.701141160992565347e+03
8.542224208431885568e-01 1.177128900165263303e+01 4.989905327971596307e+03
8.767658875439865440e-01 1.176695463015595777e+01 4.365142406875358574e+03
9.000274177794214125e-01 1.176010669184774926e+01 3.822794887779616602e+03
9.239930799627236180e-01 1.175848639351659131e+01 3.338999304003544694e+03
9.486889143226476806e-01 1.175743635274699628e+01 2.917024765136623046e+03
9.741058408306566552e-01 1.175893577878139240e+01 2.546251252303748061e+03
1.000250672536355578e+00 1.176011588492441362e+01 2.222143251507382047e+03
1.027113209011348616e+00 1.176275291607022133e+01 1.939821835653033986e+03
1.054687278996152999e+00 1.176809977333145874e+01 1.679797632298039161e+03
1.082967740885146135e+00 1.177430841860751265e+01 1.476097302208231667e+03
1.111959681584986148e+00 1.178204519047175403e+01 1.286838017818528670e+03
1.141627504143910565e+00 1.179102179758035440e+01 1.121990235130286919e+03
1.171972546666569359e+00 1.180075185070159804e+01 9.776704407792741449e+02
1.202973632488725242e+00 1.181202966733106585e+01 8.536712191149400724e+02
1.233995361143550573e+00 1.182420980877390448e+01 7.463178570845609556e+02
1.264773933328368960e+00 1.183674475723459274e+01 6.546224779636626181e+02
1.295296950170350847e+00 1.184830322757420795e+01 5.721814069835027112e+02
1.325592881436496562e+00 1.185819529531376126e+01 5.078947767629125565e+02
1.355680635011943469e+00 1.186863296854649619e+01 4.493255871767199210e+02
1.385523410197255334e+00 1.188104039020396208e+01 3.982264955778070430e+02
1.415169712102092303e+00 1.189079258812931883e+01 3.534479384625428793e+02
1.444653661038306058e+00 1.189688547411626907e+01 3.142771683237778575e+02
1.473824752876962574e+00 1.190331299950613797e+01 2.798804647801810574e+02
1.502842879653024433e+00 1.190902121257182067e+01 2.495229952620428833e+02
1.531630512695947521e+00 1.191463693940178459e+01 2.230062007745289065e+02
1.560236468776614593e+00 1.191956814666947473e+01 1.991031451604783626e+02
1.588603935885773533e+00 1.192487157989015678e+01 1.783659941636127257e+02
1.616700409627936041e+00 1.192460227859622712e+01 1.600091539960513387e+02
1.644588261276055841e+00 1.192580724167196848e+01 1.435547848806636466e+02
1.672220929179501381e+00 1.192887671314081111e+01 1.282760881453326078e+02
1.699578506634499719e+00 1.192596649657954266e+01 1.160201115974666237e+02
1.726662554892320012e+00 1.192379419022184983e+01 1.044835049567839320e+02
1.753459452043161004e+00 1.192165135126233722e+01 9.362975521001308721e+01
1.779960280773591474e+00 1.191930267483901851e+01 8.480488790161774659e+01
1.806141731178686261e+00 1.191331777788966484e+01 7.665532387778246459e+01
1.831995367700859800e+00 1.190997193390175823e+01 6.921270078347195920e+01
1.857703455582462748e+00 1.190169654791377774e+01 6.260554084028866129e+01
1.882661304899959420e+00 1.189373280172329039e+01 5.675444795550299659e+01
1.907441170249873030e+00 1.188507856458846490e+01 5.146037691204622178e+01
1.931841350366877652e+00 1.187554698826569854e+01 4.673665618550555223e+01
1.955831515137593790e+00 1.186551765742497366e+01 4.237477409855881660e+01
1.979434440722746658e+00 1.185379714117720340e+01 3.844276474655564613e+01
2.002561685493735588e+00 1.184144117538798113e+01 3.506704880144673098e+01
2.025265695522181275e+00 1.182826668269695425e+01 3.191780428202137543e+01
2.047697580574530107e+00 1.181498718286114524e+01 2.908232401499637731e+01
2.069291296243214617e+00 1.179858235252473264e+01 2.656560684863288557e+01
2.090591336058815308e+00 1.178302427644564432e+01 2.427823459194576472e+01
2.111386679746176220e+00 1.176670767837837417e+01 2.220082403686700800e+01
