2.191799393465098389e-01 1.550982308316407554e+01 3.683535669800713658e+06
2.263306832613435349e-01 1.524294962045093094e+01 3.164224414464665111e+06
2.337373310287476635e-01 1.497855252286905348e+01 2.699058408538928255e+06
2.414396477600405377e-01 1.478884270165989534e+01 2.304493691990948282e+06
2.493979528280896585e-01 1.453055339067475238e+01 1.976045028480251087e+06
2.576548314907695092e-01 1.433398736263455220e+01 1.699524082751166075e+06
2.662057224574757019e-01 1.413377832486041363e+01 1.450866139027610188e+06
2.750574335420079009e-01 1.396291470048223005e+01 1.239658673305787612e+06
2.842164198721576773e-01 1.380111266473694265e+01 1.062071781352622202e+06
2.937010746637568337e-01 1.365137878129051785e+01 9.091718640005071647e+05
3.034609415716730263e-01 1.350743491864293588e+01 7.793101664148871787e+05
3.135814120051911846e-01 1.338125733873507528e+01 6.685391943900258048e+05
3.239985863668827792e-01 1.326317434222437086e+01 5.733602524576539872e+05
3.347649412236277100e-01 1.314316629885399301e+01 4.912986536590000615e+05
3.458530042246332203e-01 1.303747091851707474e+01 4.215524701976691140e+05
3.573014457501183516e-01 1.293939659782218321e+01 3.610088900059446460e+05
3.690781970622460939e-01 1.284994154698594926e+01 3.096950039706177195e+05
3.812238193059882541e-01 1.276050118965741831e+01 2.660081382897294825e+05
3.936795237373842959e-01 1.268323420812130564e+01 2.271703671423333872e+05
4.065288168703961591e-01 1.260928571849779267e+01 1.962144910341727955e+05
4.197150760726350849e-01 1.254087533573296120e+01 1.686337402771673515e+05
4.332729799102950086e-01 1.247638826687205338e+01 1.450727797033063835e+05
4.471935026312190975e-01 1.241467456666782176e+01 1.248071461330351012e+05
4.614775068192785157e-01 1.235818695987712701e+01 1.072836456081196520e+05
4.761020390848408335e-01 1.230773165220590748e+01 9.258039786466435180e+04
4.910895754542636271e-01 1.225918761995792394e+01 7.975963735819078283e+04
5.064283732838178453e-01 1.221488636624660984e+01 6.866194429410432349e+04
5.221360896653070016e-01 1.217344944829728881e+01 5.921701791789686104e+04
5.382012058288284662e-01 1.213517156229994143e+01 5.107480018187826499e+04
5.546234506388248997e-01 1.209606965961320846e+01 4.407105755664713797e+04
5.713743289451385099e-01 1.206217536365548959e+01 3.805827931305699167e+04
5.884176830181284679e-01 1.202909451841346744e+01 3.296189329440156871e+04
6.053698849911257618e-01 1.199945984648640085e+01 2.860196415198957402e+04
6.223291372006578559e-01 1.196883706280483040e+01 2.491554146454601505e+04
6.394306350580621912e-01 1.194236626186320116e+01 2.168551819940031055e+04
6.567719526314341749e-01 1.191585488126725068e+01 1.892975826754591981e+04
6.745074606499688041e-01 1.188874479432577047e+01 1.650385328586176547e+04
6.926867593319960825e-01 1.186328002733298348e+01 1.436175012530638560e+04
7.114274541919918260e-01 1.183906711149588453e+01 1.250513362864103328e+04
7.306411786734955394e-01 1.181354611289077283e+01 1.089536357107626100e+04
7.505185482594869395e-01 1.179144349267273384e+01 9.447584046669180680e+03
7.710640934822944326e-01 1.177022974972859792e+01 8.189619593771774817e+03
7.923021965020680124e-01 1.174825837957659935e+01 7.088341252492044987e+03
8.142829148213248658e-01 1.173054755744451860e+01 6.126968419906956115e+03
8.370206616592271720e-01 1.171336400849153314e+01 5.300548659342661267e+03
8.605548569874910125e-01 1.169662367011823711e+01 4.574706967649861326e+03
8.848799148928739866e-01 1.168191657311343512e+01 3.938513075468177703e+03
9.100344459496271243e-01 1.166846403350997718e+01 3.389455508253819062e+03
9.360115228600303094e-01 1.165716740696005260e+01 2.914933450990035908e+03
9.628326872610092346e-01 1.164694151774712161e+01 2.505723206411662431e+03
9.904850682682275753e-01 1.163760506734895017e+01 2.134451840409289616e+03
1.018973293293498061e+00 1.163069654814462162e+01 1.844824073980057847e+03
1.048285471430726590e+00 1.162567425069147475e+01 1.585280560993695872e+03
1.078418793001011622e+00 1.162132495806330645e+01 1.358099584146495999e+03
1.109360596952870814e+00 1.161918123477034825e+01 1.163407700607025845e+03
1.141088187733144688e+00 1.161866423396163839e+01 9.973337411872776102e+02
1.173577177689046458e+00 1.161863859199937998e+01 8.546240569476517521e+02
1.206802583365286896e+00 1.162008714870969861e+01 7.276659789471048043e+02
1.240700575852886400e+00 1.162202051816155013e+01 6.277718597165908250e+02
1.274147536641974332e+00 1.162394608915089833e+01 5.405471301259028678e+02
1.306712105820015957e+00 1.162923916512414202e+01 4.690169426436013396e+02
1.338440319069888140e+00 1.162610617085251974e+01 4.083459351188327560e+02
1.369387258756698866e+00 1.162826870661961109e+01 3.549194028107717713e+02
1.399592950495951005e+00 1.162215469293679249e+01 3.130334240792770402e+02
1.429094536452782060e+00 1.162269123778813551e+01 2.756735490019457302e+02
1.457907505704643336e+00 1.161433302892396036e+01 2.432159996314489945e+02
1.486094240185879434e+00 1.160646478245521962e+01 2.151544863984506151e+02
1.513634780260326274e+00 1.159679898141263266e+01 1.908947144815444403e+02
1.540559455149828061e+00 1.158662744839893932e+01 1.694747588928639743e+02
1.566866792252261664e+00 1.157362485546152797e+01 1.509280680738701506e+02
1.592598531570724951e+00 1.155866916483931917e+01 1.345759424506540256e+02
1.617741121336348620e+00 1.154316229140973959e+01 1.202266158058374685e+02
1.642304414354803566e+00 1.152695944394552541e+01 1.071992421438693697e+02
1.666294113283028677e+00 1.150705893789620937e+01 9.629280587289402149e+01
1.689714695904725339e+00 1.148489238654417832e+01 8.643944354402798069e+01
1.712558746887077099e+00 1.146331246215718735e+01 7.762875682142586697e+01
1.734829624556419203e+00 1.143884984399377558e+01 6.981825435575200345e+01
1.756740032672632790e+00 1.141423665544546218e+01 6.290130667934884201e+01
1.777625745746277186e+00 1.138664069006677337e+01 5.672845281885093982e+01
1.798145182475260784e+00 1.135880136632364312e+01 5.120447728584547775e+01
1.818076024146584091e+00 1.132880019763492641e+01 4.624555129516099328e+01
1.837408349579545686e+00 1.129841469659574571e+01 4.183237686547478518e+01
1.856136740741014313e+00 1.126646709054051598e+01 3.791481337267938301e+01
1.874257767303495026e+00 1.123349429345222461e+01 3.425872907496124498e+01
1.891757340001007481e+00 1.119916535813058900e+01 3.122132273491521204e+01
1.908817995463810258e+00 1.116444609477707850e+01 2.839360234871710631e+01
1.925081160615533360e+00 1.112798827778912880e+01 2.580878301310879408e+01
1.940527610295703198e+00 1.108962193523003670e+01 2.357672458129297155e+01
1.955514788327353370e+00 1.105123810239089366e+01 2.141142221252042788e+01
1.969862320222988128e+00 1.101226435385911095e+01 1.963879965403192074e+01
1.983572876493029380e+00 1.097160744550796174e+01 1.797116951570412269e+01
1.996637807655019747e+00 1.093100004496946731e+01 1.644274792235549043e+01
2.009048410596211642e+00 1.088906542620809326e+01 1.508033681609614085e+01
2.020812061098896439e+00 1.084611373963472403e+01 1.384270345089811372e+01
2.031932842388306515e+00 1.080275057182535825e+01 1.273342651641480927e+01
2.042558452110740497e+00 1.075889191262739786e+01 1.170284680435688962e+01
2.052227487705025499e+00 1.071350142196285660e+01 1.076926318211680034e+01
2.061400766686749542e+00 1.066803332584823139e+01 9.964660375262809566e+00
2.069935116438755163e+00 1.062218094449993622e+01 9.187420315679819538e+00
2.077835029304612835e+00 1.057557046218223107e+01 8.522482830661557429e+00
