2.191799393465098389e-01 1.550982308316407554e+01 3.683535669800713658e+06
2.252626422564014408e-01 1.528155902901526453e+01 3.242828161919955630e+06
2.315467966893870189e-01 1.505199513740261885e+01 2.829865371018815320e+06
2.380293649053435989e-01 1.484626219042352524e+01 2.466362348512164783e+06
2.447232443399595114e-01 1.466599327507851314e+01 2.170413102408964187e+06
2.516129898985404179e-01 1.447497984508384228e+01 1.897985526775343809e+06
2.587159095374886308e-01 1.430383208506620818e+01 1.656345164253072580e+06
2.660351159782893826e-01 1.414768197356006496e+01 1.459395361577623757e+06
2.735728239174981535e-01 1.399257585127181436e+01 1.272506471650216263e+06
2.813342878363481736e-01 1.384811455565107075e+01 1.114212890306342626e+06
2.893225306181947398e-01 1.371730759615766182e+01 9.760173433586597675e+05
2.975310352470351694e-01 1.359973433503094142e+01 8.556977355957044056e+05
3.059779757229021957e-01 1.347886560106023168e+01 7.503159599467619555e+05
3.146634020969755752e-01 1.336329082002500890e+01 6.578501311966276262e+05
3.235974558855151395e-01 1.326669777506159953e+01 5.760879221902758582e+05
3.327424831879369216e-01 1.316495248051673883e+01 5.055148688870771439e+05
3.421519249683673269e-01 1.307387537566801505e+01 4.426063337403443875e+05
3.518003622401090769e-01 1.298725795102456537e+01 3.885106020244871615e+05
3.617083108268165370e-01 1.290152338138575416e+01 3.409951968943260727e+05
3.718607665148117580e-01 1.282644824985898246e+01 2.991340845072346274e+05
3.822890052199918731e-01 1.275391590096119465e+01 2.627501690390807926e+05
3.929435070015785403e-01 1.268577039416981656e+01 2.306889660655019688e+05
4.038667991261132850e-01 1.262292487303273880e+01 2.025375414270568581e+05
4.150577226231586536e-01 1.256251959196171697e+01 1.778971371718474256e+05
4.265133909960180381e-01 1.250803954020770981e+01 1.563256415856295498e+05
4.382114455119892060e-01 1.244863423579142392e+01 1.373783189614885196e+05
4.502080429484987545e-01 1.240559047920224423e+01 1.194980519672057708e+05
4.624456349916737374e-01 1.235058161724975356e+01 1.064389517021040811e+05
4.749380080636534940e-01 1.231061730073049887e+01 9.364067086993601697e+04
4.877062278400728368e-01 1.227053733132676072e+01 8.234403416777266830e+04
5.007092054040017670e-01 1.223189993794596298e+01 7.264455398232000880e+04
5.139917954470476502e-01 1.219433347767084541e+01 6.393001516069396166e+04
5.275374508017731667e-01 1.216157220454717702e+01 5.625641074551965721e+04
5.413436187983635683e-01 1.212628266183976500e+01 4.968804523212315689e+04
5.554104753397246519e-01 1.209501409305535269e+01 4.376109659859199019e+04
5.697398790744923058e-01 1.206522795581042651e+01 3.835949562516142760e+04
5.842504763151739056e-01 1.203591879625455618e+01 3.415957161789695238e+04
5.986486223989052613e-01 1.201091977706802183e+01 3.024759762358438456e+04
6.128729276664273140e-01 1.198521420794694414e+01 2.687994723795432583e+04
6.270276760228209456e-01 1.196179595326699996e+01 2.373972929553265931e+04
6.411915801865964992e-01 1.193600459618086873e+01 2.139193346122463845e+04
6.554884868061130465e-01 1.191334034790032170e+01 1.908908412451727054e+04
6.699648070714981918e-01 1.189033408660454860e+01 1.702242531299846814e+04
6.846651973728987706e-01 1.186827364518003591e+01 1.519499967048589315e+04
6.996292305847778836e-01 1.184401809179681386e+01 1.354592548828108738e+04
7.149180646735745492e-01 1.181962813065873164e+01 1.209246326568646327e+04
7.305671348055549075e-01 1.179913949242036075e+01 1.076279402018444853e+04
7.466630896313666277e-01 1.177797685691366780e+01 9.580523772618078510e+03
7.630314178705509542e-01 1.175821535434204179e+01 8.520194925823490848e+03
7.799090533844975637e-01 1.173626953948053853e+01 7.589723247414435718e+03
7.972504205971880920e-01 1.171763591418627293e+01 6.727421470546620185e+03
8.150633894510976862e-01 1.169799498638971436e+01 5.967239877468308805e+03
8.333797288042401608e-01 1.167964385907290570e+01 5.292868200691276797e+03
8.522146438342649288e-01 1.166279745117744859e+01 4.645143439158619003e+03
8.715562079449403754e-01 1.164863205653171718e+01 4.142467226944831054e+03
8.914358167913050135e-01 1.163124946122228032e+01 3.658821910003338417e+03
9.118720715357858664e-01 1.161554989591244968e+01 3.232510442273718127e+03
9.328489383393744339e-01 1.160141469510934975e+01 2.850799070174120970e+03
9.543702876296108473e-01 1.158913249183668448e+01 2.518613306107397420e+03
9.764467557555717159e-01 1.157667614666808120e+01 2.218113554375852800e+03
9.990784167470364574e-01 1.156574613990582279e+01 1.953506418782628998e+03
1.022254822118082052e+00 1.155599951473715770e+01 1.720514243660899410e+03
1.045979433950632309e+00 1.154875754179006897e+01 1.513806956625141538e+03
1.070250768080993398e+00 1.153840194678700826e+01 1.333694218463379457e+03
1.095042517997679266e+00 1.153188382256102784e+01 1.173136679177619271e+03
1.120358668133088820e+00 1.152511851685699718e+01 1.032521429146547916e+03
1.146182437083949290e+00 1.152345083087835853e+01 9.076476949913467251e+02
1.172500591307953810e+00 1.151343537902348224e+01 7.985576231124028936e+02
1.199297653669567421e+00 1.151031844187844122e+01 7.022941193464304206e+02
1.226558327795263192e+00 1.150703010353118572e+01 6.142702534098689284e+02
1.254246079276486014e+00 1.150752879244104321e+01 5.437271592263761022e+02
1.282366983343118605e+00 1.150409282863529370e+01 4.783243948262061735e+02
1.310875982047136290e+00 1.150042370285952487e+01 4.212388238335526580e+02
1.339754313454454504e+00 1.149988168164413871e+01 3.712671019475270668e+02
1.368979696124875911e+00 1.150041939437206828e+01 3.271310484162490866e+02
1.398528099610929942e+00 1.149979319828989155e+01 2.883772274415712218e+02
1.428360131728334093e+00 1.149953926323735054e+01 2.545577620320898973e+02
1.458448133081025944e+00 1.149974765666264886e+01 2.246585720376432960e+02
1.488519656978242178e+00 1.150000201603792327e+01 1.985349246790756865e+02
1.518299718739120285e+00 1.150174292389522357e+01 1.758257135064976922e+02
1.547743226856518772e+00 1.150246180522600703e+01 1.562966849539475902e+02
1.576885761178217660e+00 1.150049834756717537e+01 1.390781186894523103e+02
1.605654559586538133e+00 1.149878215486999444e+01 1.239270625988014416e+02
1.634099006191074288e+00 1.149769850122673809e+01 1.100600383961706541e+02
1.662127057607576619e+00 1.149442941101680482e+01 9.893622392962846845e+01
1.689822501673194699e+00 1.149056541679427390e+01 8.864199527227431474e+01
1.717093725239416946e+00 1.148600304031829999e+01 7.953908459330440905e+01
1.743993097386824509e+00 1.148133339205422487e+01 7.144338639604946195e+01
1.770461645639846759e+00 1.147490404483909110e+01 6.427304346657278700e+01
1.796511628205527122e+00 1.146775652352191166e+01 5.788168455014915992e+01
1.822113849604127811e+00 1.145997753085447002e+01 5.222204389951247805e+01
1.847257247850645268e+00 1.145085709083587311e+01 4.717688103609761896e+01
1.871945096503552675e+00 1.144100487833269497e+01 4.247246547421291751e+01
1.896149638488439315e+00 1.143036716350161619e+01 3.859888108971112075e+01
1.919871183344746601e+00 1.141862144235454046e+01 3.497720572626938917e+01
1.943103188874543363e+00 1.140620919759710894e+01 3.180234894763693987e+01
1.965812752242223072e+00 1.139310026069794013e+01 2.877049184531729864e+01
1.987971532725015367e+00 1.137849435189282943e+01 2.627279394298127002e+01
2.009735200344678674e+00 1.136354920926819823e+01 2.391796452229699099e+01
2.030889117947757061e+00 1.134758340702482826e+01 2.181314247413282459e+01
