2.191799393465098389e-01 1.550982308316407554e+01 3.683535669800713658e+06
2.256405829035916244e-01 1.527414108201026011e+01 3.209470853633692488e+06
2.323180718939832912e-01 1.506216466593840586e+01 2.773303702008326538e+06
2.392224993808331757e-01 1.481234352629012285e+01 2.412854523517990019e+06
2.463579254388480744e-01 1.463963107900180916e+01 2.126747662256702781e+06
2.537228388818414393e-01 1.442572818311489335e+01 1.826304954138658941e+06
2.613276517878772576e-01 1.424002683633370125e+01 1.581999689856732730e+06
2.691768015556232907e-01 1.407659118186168712e+01 1.372658219428839395e+06
2.772728365382552407e-01 1.392500771779044832e+01 1.195454136672598543e+06
2.856237150225297006e-01 1.378631194827978490e+01 1.038534028100680560e+06
2.942258890329893517e-01 1.364287254728741061e+01 9.011092318345208187e+05
3.030817316940985218e-01 1.351034903064306292e+01 7.846884068080445286e+05
3.122069919384966030e-01 1.339694265511907645e+01 6.829846788502043346e+05
3.216022565875863992e-01 1.328191733896723470e+01 5.924216292780702934e+05
3.312653918126761687e-01 1.317580528520266725e+01 5.155111221530665061e+05
3.412084883598660578e-01 1.308130093438218289e+01 4.495508080608453020e+05
3.514311528040680588e-01 1.298643193847838262e+01 3.901296683713680250e+05
3.619177867480828370e-01 1.290256760913690393e+01 3.399826453581310925e+05
3.726927729836686520e-01 1.282194052539291995e+01 2.960221797531998600e+05
3.837699067312234091e-01 1.274358503753314942e+01 2.584693758226821083e+05
3.951234222669592344e-01 1.267662379727147304e+01 2.249834851540766831e+05
4.067667581055107728e-01 1.260781938278780423e+01 1.956454122703607136e+05
4.186993183295844023e-01 1.254526155104939633e+01 1.705912500691926107e+05
4.309357198940290679e-01 1.248749475270533793e+01 1.487080428209019301e+05
4.434679126009632433e-01 1.243017422617853995e+01 1.299304050074332627e+05
4.562902827471967404e-01 1.237986762441220989e+01 1.133129180192742206e+05
4.694220091287463203e-01 1.233535996884275399e+01 9.856873871340157348e+04
4.828144855664547874e-01 1.228638401592820095e+01 8.659408215782557090e+04
4.965322381011632591e-01 1.224313210993727452e+01 7.557001206833598553e+04
5.105303143397804666e-01 1.220203347990017484e+01 6.608259591090484173e+04
5.248257875734229083e-01 1.216679292209610530e+01 5.776244750495208427e+04
5.394137534360374797e-01 1.213189415388226600e+01 5.060507724372982193e+04
5.542959271689252843e-01 1.209760148371969990e+01 4.426145131719833444e+04
5.694714690952685787e-01 1.206462900785758308e+01 3.870822922184637719e+04
5.848794561703789530e-01 1.203782128451917721e+01 3.392855936700166785e+04
6.005524667019385143e-01 1.200749692036674432e+01 2.956255741335395578e+04
6.164580595743278657e-01 1.197973530650480711e+01 2.615490535174048273e+04
6.327885301509790228e-01 1.195430820097681135e+01 2.295680980970144083e+04
6.495138349272588929e-01 1.193244310842321454e+01 2.012732771169334956e+04
6.667501374807616177e-01 1.190949509620326197e+01 1.764176820249375669e+04
6.845489187146464038e-01 1.188692527316316827e+01 1.544608215431466670e+04
7.030041721918924846e-01 1.186742481082025336e+01 1.347572835774929445e+04
7.220520424622487443e-01 1.184840796805409369e+01 1.180115394339229533e+04
7.418325936027627687e-01 1.183053414598895792e+01 1.027350784377055425e+04
7.623082032916560502e-01 1.181790135214288462e+01 8.935729303330603216e+03
7.835122533869456340e-01 1.180279733555679655e+01 7.765614754469360378e+03
8.054952432093791526e-01 1.179022984354069337e+01 6.744181115333845810e+03
8.282887332197769181e-01 1.178155254804429752e+01 5.855472763717720227e+03
8.518893711876068808e-01 1.177526573980556890e+01 5.070650794468966524e+03
8.763102456271639751e-01 1.176854767602273455e+01 4.389603463603781165e+03
9.014827098979620867e-01 1.176531792024291079e+01 3.799604913081818722e+03
9.265239701192631294e-01 1.176120673177063480e+01 3.300682199103455787e+03
9.512895713162186073e-01 1.175859270825868563e+01 2.880150064024639505e+03
9.758125116367218910e-01 1.175695236166559354e+01 2.521686457454033643e+03
1.000161308047960773e+00 1.175169140513159327e+01 2.213563298443841177e+03
1.024349715576899023e+00 1.175086540971373950e+01 1.948020541219776987e+03
1.048430535151601894e+00 1.175088055574959434e+01 1.718552702969118627e+03
1.072450912513851495e+00 1.174352751840496012e+01 1.518030458988726650e+03
1.096383077741359902e+00 1.173839380871431182e+01 1.343450845312548381e+03
1.120261458864812543e+00 1.173753930214397734e+01 1.181183318384016275e+03
1.144129016233013330e+00 1.172781990934331198e+01 1.055825448035328691e+03
1.168030476297094333e+00 1.172089431750455368e+01 9.371327695278790770e+02
1.191853052470780439e+00 1.171552912872721919e+01 8.330615953665941333e+02
1.215722280206579686e+00 1.170673977627213880e+01 7.364412341257802836e+02
1.239582924929596208e+00 1.169865608251771327e+01 6.597728766128135476e+02
1.263480768533941090e+00 1.168832989124678612e+01 5.870638847083295104e+02
1.287363703937011827e+00 1.167881156722786784e+01 5.236059337106827343e+02
1.311266071214865381e+00 1.167068784295840089e+01 4.668776688531810919e+02
1.335174158882177942e+00 1.165560563151994700e+01 4.140284555958861574e+02
1.359078255620867370e+00 1.164613862305092340e+01 3.721654611398922725e+02
1.382970717432629781e+00 1.163425983751292137e+01 3.300873786236754768e+02
1.406850202472374800e+00 1.161777570335648235e+01 2.965449954864274673e+02
1.430692809998035164e+00 1.160385157772848608e+01 2.639522580187603467e+02
1.454491558610968571e+00 1.158918031199918453e+01 2.362345748237919452e+02
1.478221980854349082e+00 1.157642540259909225e+01 2.128810646076537125e+02
1.501890992417479698e+00 1.155965064246372620e+01 1.904187871344717564e+02
1.525466410311069554e+00 1.154052829393451240e+01 1.707443880559704041e+02
1.548934768819281160e+00 1.152359040985248306e+01 1.531123895477888652e+02
1.572278633583014340e+00 1.150599179062758104e+01 1.367386598817087133e+02
1.595477830074003789e+00 1.148635778085226100e+01 1.234424417325090815e+02
1.618639907673046663e+00 1.146848022857980709e+01 1.108610229696442673e+02
1.641372575580258175e+00 1.144734161841142850e+01 9.976420206526073287e+01
1.664035009944015098e+00 1.142690620865330509e+01 8.973572211371509866e+01
1.686445656939869142e+00 1.140559116766942971e+01 8.084998101871536846e+01
1.708625247668107860e+00 1.138342553472958407e+01 7.291830655188486787e+01
1.730544423909364360e+00 1.136063657103128399e+01 6.568478569070961726e+01
1.752175965364319188e+00 1.133764375913182398e+01 5.934942908966856123e+01
1.773503618140934268e+00 1.131379780612906671e+01 5.362404007622322410e+01
1.794503245718653828e+00 1.128902657217442496e+01 4.849232107764365196e+01
1.815158548648727832e+00 1.126465254215765910e+01 4.387882814770586037e+01
1.835452432380147325e+00 1.123871586044429449e+01 3.974998768828935169e+01
1.855352723779674529e+00 1.121207241711163505e+01 3.604545910134775966e+01
1.874957716863371981e+00 1.118610653267274913e+01 3.260000836272187996e+01
1.893938821020719532e+00 1.115739791384713264e+01 2.970009072657413896e+01
1.912591093924416397e+00 1.112988586177699268e+01 2.693783569870494432e+01
1.930783977780116789e+00 1.110042731033939489e+01 2.463269145147790695e+01
1.948512380311929748e+00 1.107141252469225634e+01 2.242662318117144693e+01
1.965757015696570242e+00 1.104107014323753688e+01 2.048596314868565926e+01
1.982509911507553957e+00 1.101094556439418781e+01 1.864314536243977827e+01
1.998755998685169288e+00 1.097939346597824262e+01 1.709709456532976901e+01
