2.191799393465098389e-01 1.550982308316407554e+01 3.683535669800713658e+06
2.280725442055493157e-01 1.517505394267489294e+01 3.031493486245370936e+06
2.373843259976338993e-01 1.487812816629698709e+01 2.514359364032249432e+06
2.471123080945262784e-01 1.458565031484697272e+01 2.065583755402881885e+06
2.572819192727057169e-01 1.433463383917619538e+01 1.701881002992792055e+06
2.679043557246398310e-01 1.410078961872140013e+01 1.407881394524980336e+06
2.789887757921895584e-01 1.389196044866096891e+01 1.157570540785354329e+06
2.905497299301212366e-01 1.369401065456690247e+01 9.576307055839583045e+05
3.025772706127266565e-01 1.351991768682005635e+01 7.912367840958822053e+05
3.151079366927531655e-01 1.335648356578558626e+01 6.530124625771716237e+05
3.281488321648711737e-01 1.321850024361749654e+01 5.391209581214725040e+05
3.416924504475463698e-01 1.307483204927585874e+01 4.457376917044147849e+05
3.557702199209428207e-01 1.295158162546213276e+01 3.684652820243340684e+05
3.703392235364051932e-01 1.283903556907985433e+01 3.050746593629576964e+05
3.854726293455302821e-01 1.273310040998036463e+01 2.525130507671123487e+05
4.011609669153388125e-01 1.263738556437532701e+01 2.091434647466606111e+05
4.173559228885364014e-01 1.254906561111148378e+01 1.734638872440048435e+05
4.341191546048033811e-01 1.247356389770677865e+01 1.437012241969291354e+05
4.514374878507622091e-01 1.239778170963183612e+01 1.192519523442288773e+05
4.693149911840089894e-01 1.233208062182624332e+01 9.913698696266705520e+04
4.877417567986975233e-01 1.227017783122063044e+01 8.240907458176247019e+04
5.066920294131828095e-01 1.221328900192539813e+01 6.854270306432805955e+04
5.262122394510617696e-01 1.216037515563306570e+01 5.712364427772122872e+04
5.462821600765861429e-01 1.211633694045854526e+01 4.746819751400390669e+04
5.669001870267271759e-01 1.206918929658134587e+01 3.961578092874868162e+04
5.877686487026771989e-01 1.202950772487397302e+01 3.315855840728637850e+04
6.066376528928453249e-01 1.199442564767154273e+01 2.825672965856626615e+04
6.235406027963488196e-01 1.195710675435907255e+01 2.444507481065073443e+04
6.391456468219549603e-01 1.192015276913805266e+01 2.143481976774868963e+04
6.538935755092912805e-01 1.188101254764010939e+01 1.883368836115490558e+04
6.680606088993114033e-01 1.183798306185743421e+01 1.663955258622306792e+04
6.818774515907831679e-01 1.179265279871662209e+01 1.470068701706692082e+04
6.958741421084597700e-01 1.174535206055417547e+01 1.286095842146513678e+04
7.104916859739697221e-01 1.169466572820112837e+01 1.140107987825665623e+04
7.258499310384087799e-01 1.164413683429027913e+01 9.962373316267305199e+03
7.420343963639969287e-01 1.159092995239462454e+01 8.667792278581857317e+03
7.591039871040093923e-01 1.153706117026174560e+01 7.500792664075917855e+03
7.770989597314327257e-01 1.148393665641067507e+01 6.472454818280238214e+03
7.961085527543387830e-01 1.142746264399996647e+01 5.555912031339717032e+03
8.161165076299915500e-01 1.137694481918473421e+01 4.752645238255835466e+03
8.371787915503600130e-01 1.132589073619949716e+01 4.051054843910284035e+03
8.592883469902310445e-01 1.128128300279367302e+01 3.437233560352726727e+03
8.825000902712493156e-01 1.122655862063291288e+01 2.892252527705799366e+03
9.067609734103488917e-01 1.118127699766978012e+01 2.460516863811423718e+03
9.321256837054906486e-01 1.113575954484949015e+01 2.074861126709705786e+03
9.585361199785226161e-01 1.109434149832925343e+01 1.746049880801852623e+03
9.859989904799661975e-01 1.105175664692239046e+01 1.466367138693384504e+03
1.014496478922423117e+00 1.101252056842394289e+01 1.229772390478730586e+03
1.043970823325542696e+00 1.097967347613379907e+01 1.029905038096746921e+03
1.074386720341414359e+00 1.094275749318125079e+01 8.584239784070041424e+02
1.105721527396052783e+00 1.090955878026972137e+01 7.178096474949533103e+02
1.137891909721016503e+00 1.087857175464005621e+01 6.015467243493477554e+02
1.170873911648050436e+00 1.084846887855127306e+01 5.063051283778953575e+02
1.204583066094462529e+00 1.082424009230850892e+01 4.236967418520873139e+02
1.238943110490419386e+00 1.079882374394303035e+01 3.550540940250622839e+02
1.273897233338788126e+00 1.077326025887359506e+01 2.960361370480513301e+02
1.309341471494358089e+00 1.074921437823055470e+01 2.500177554508218520e+02
1.345223279061429578e+00 1.072838686568215216e+01 2.101352411908097508e+02
1.381444653400368816e+00 1.070596653190326286e+01 1.766043544743351958e+02
1.417917881043420536e+00 1.068588928713175967e+01 1.487344895470974109e+02
1.454553841231442268e+00 1.066505255214595138e+01 1.256480280660342146e+02
1.490004255872501737e+00 1.064611933345732631e+01 1.067502531971646107e+02
1.523055403636038863e+00 1.062520474385115676e+01 9.156609981187713743e+01
1.553795850830047787e+00 1.060259035790154414e+01 7.921964015832455175e+01
1.582382174192338731e+00 1.057799014206706900e+01 6.901352702298270003e+01
1.608928207073277550e+00 1.055051422420915586e+01 6.041337848406241307e+01
1.633567670340782430e+00 1.051999739062527794e+01 5.312430799672976178e+01
1.656395244270457479e+00 1.048781014511397380e+01 4.724926392899532601e+01
1.677524701161115406e+00 1.045174474975040191e+01 4.201533600768355825e+01
1.697040792430299927e+00 1.041410756594709852e+01 3.749633805056961933e+01
1.715024482814309970e+00 1.037324957694698924e+01 3.360195306488065370e+01
1.731562437860876269e+00 1.032963415507483340e+01 3.024036056596812827e+01
1.746682914776557238e+00 1.028503121771188944e+01 2.724093990875801197e+01
1.760482644483152725e+00 1.023682752911457960e+01 2.461662111390250018e+01
1.773020357744745423e+00 1.018852318511705235e+01 2.222694302908324815e+01
1.784330939523018911e+00 1.013674107895683818e+01 2.023766718306270107e+01
1.794474096455615841e+00 1.008346653321919817e+01 1.845431537658939192e+01
1.803491873692435910e+00 1.002936455479182420e+01 1.678707209432988279e+01
1.811423936386713063e+00 9.973122321233866217e+00 1.535263388416854369e+01
1.818318379155446696e+00 9.915825877333917404e+00 1.411169968087158999e+01
1.824207205545141930e+00 9.857046990584471757e+00 1.291643513967079926e+01
1.829339424923301261e+00 9.797865810731389402e+00 1.188788337113751581e+01
1.833137801695649216e+00 9.736091565650257351e+00 1.099386201384111317e+01
1.836236232260057388e+00 9.674136724533523690e+00 1.014030831531835730e+01
1.838644634062859051e+00 9.612028914692485770e+00 9.370323608081278621e+00
1.839884914465798271e+00 9.547631351711006076e+00 8.721567059679392386e+00
1.840495419690965084e+00 9.483535551585800860e+00 8.103089825721470518e+00
1.840340373799078888e+00 9.418993547019168133e+00 7.534460897583509009e+00
1.839605801425736153e+00 9.354674008964812160e+00 7.027990369151924988e+00
1.837873354382654645e+00 9.289090619632665025e+00 6.560596528882253864e+00
1.835580682511879003e+00 9.223591643139432250e+00 6.131977248432175287e+00
1.832800899632605507e+00 9.158113790287851330e+00 5.738476856127008752e+00
1.829114959510299565e+00 9.091686629473116454e+00 5.415343328566599723e+00
1.824973741990093989e+00 9.025990833024422955e+00 5.101153990076358724e+00
1.820418405645216398e+00 8.960950759262525267e+00 4.797973108278475785e+00
1.815035240535329386e+00 8.894464738580506236e+00 4.538614345270891803e+00
1.809284412669339925e+00 8.829220047589929621e+00 4.290666230223436628e+00
1.803050160809043456e+00 8.764374416675813961e+00 4.082364778399107053e+00
1.796366771097914539e+00 8.699274766150054461e+00 3.871361285534425711e+00
1.789246534080156881e+00 8.635156482514345200e+00 3.682471240328049067e+00
