2.191799393465098389e-01 1.550982308316407554e+01 3.683535669800713658e+06
2.266012603396961034e-01 1.523272998968826641e+01 3.126691880080230534e+06
2.343051025641645913e-01 1.496623999584708642e+01 2.668157202518163715e+06
2.423217449133071855e-01 1.473440840762762249e+01 2.270978606552334502e+06
2.506219812099785282e-01 1.450521219674564755e+01 1.939044820423107361e+06
2.592396816207196975e-01 1.428768249146158986e+01 1.645391573913830798e+06
2.681771019537805278e-01 1.410087354575603946e+01 1.398337392705366714e+06
2.774389047658467611e-01 1.391923560873581778e+01 1.193393710370431188e+06
2.870331883047839150e-01 1.375583612198639294e+01 1.012678869320027065e+06
2.969542402599991693e-01 1.360289209910980368e+01 8.625466324268267490e+05
3.072219997310491335e-01 1.345860831931089763e+01 7.362345610008954536e+05
3.178493462238791145e-01 1.332401604987278887e+01 6.264234311530179111e+05
3.288154638308782851e-01 1.320102145151311035e+01 5.342994938415063079e+05
3.401411697071645701e-01 1.308925312361066418e+01 4.551799315672023804e+05
3.518346640329805264e-01 1.298353175251844327e+01 3.882328635155245429e+05
3.639251860802638627e-01 1.288497737925913356e+01 3.310755678267028998e+05
3.763325885924592162e-01 1.279580115902258441e+01 2.824854221772998571e+05
3.891469547767720250e-01 1.271073874474322984e+01 2.414542269899228413e+05
4.023545109973113432e-01 1.263365999146880547e+01 2.059293332883662079e+05
4.159168919082271154e-01 1.255965598075107081e+01 1.760277610677341581e+05
4.298799350175790401e-01 1.249376522961548019e+01 1.491437114629676507e+05
4.442500220767042207e-01 1.242726374804305500e+01 1.286857983003577392e+05
4.589941786308811000e-01 1.237029878960021456e+01 1.101462438290441205e+05
4.741070266026583546e-01 1.231638321109447709e+01 9.433645573878531286e+04
4.896126020416324276e-01 1.226407145139733146e+01 8.025877592456388811e+04
5.055032377672210586e-01 1.221854626114308928e+01 6.921686382027121726e+04
5.217866919818272553e-01 1.217576318841211069e+01 5.938721120292656269e+04
5.384549566109139151e-01 1.213252766350498568e+01 5.093400036217378511e+04
5.555076723185631282e-01 1.209398413395923555e+01 4.376563626199551072e+04
5.729129234006996585e-01 1.205885848888161149e+01 3.757237459823142126e+04
5.905845816434821538e-01 1.202344210808132630e+01 3.237881940876662338e+04
6.080896870896365103e-01 1.199415223873756986e+01 2.797717463503505132e+04
6.255785906401563068e-01 1.196426164101810841e+01 2.425706333425724733e+04
6.432346915450735114e-01 1.193598132103234377e+01 2.105989922977987590e+04
6.610764598557068439e-01 1.190554121856195913e+01 1.830285874642719500e+04
6.793629926486733916e-01 1.188003785557417125e+01 1.589872056245284512e+04
6.981063262616212794e-01 1.185252505737234330e+01 1.379150247078586654e+04
7.173392855782150246e-01 1.182621713951952458e+01 1.194856506619520769e+04
7.372098978588268459e-01 1.180170729727665702e+01 1.035013640473386840e+04
7.577248977969558430e-01 1.177768312567772391e+01 8.969142702891298541e+03
7.789304275731153693e-01 1.175504893591011424e+01 7.722253471191246717e+03
8.009298907538450196e-01 1.173385753548314270e+01 6.656413252157628449e+03
8.236225724804270287e-01 1.171319178203179412e+01 5.683756355820162753e+03
8.471477218520818697e-01 1.169412182824596869e+01 4.929582204984632881e+03
8.715120487077505640e-01 1.167855395685985087e+01 4.231180603775052077e+03
8.967142802495883247e-01 1.165983752208875757e+01 3.629986604638082554e+03
9.227833962830709336e-01 1.164726339849147152e+01 3.109047110766944570e+03
9.497207084052167181e-01 1.163390218400695630e+01 2.662404693816684812e+03
9.775299358959760321e-01 1.162280797244719466e+01 2.278002174444506181e+03
1.006210163140094593e+00 1.161374383086177176e+01 1.937244523183052252e+03
1.035761683494621055e+00 1.160795102667290735e+01 1.662171901265590122e+03
1.066176992436903781e+00 1.160199557815696814e+01 1.419332884578409903e+03
1.097432173284899726e+00 1.159462453177538777e+01 1.210991910756222978e+03
1.129513405172349882e+00 1.159006587644693731e+01 1.035107642259099748e+03
1.162395389528814160e+00 1.158703368291076607e+01 8.819990136357673691e+02
1.196060544370045609e+00 1.158662524956801221e+01 7.519564183863741391e+02
1.230456432776521059e+00 1.158847832909086684e+01 6.420730402435882525e+02
1.265574780287068046e+00 1.158834128208838443e+01 5.483050871667504680e+02
1.301358318412761728e+00 1.159248333426954325e+01 4.683174789554045105e+02
1.337769016935694388e+00 1.159493426959978279e+01 4.001434050916075194e+02
1.374754680081469838e+00 1.159679650986339361e+01 3.424435550843710416e+02
1.412274830678489357e+00 1.160123238048018024e+01 2.930280631162245299e+02
1.450256720153597634e+00 1.160735011272090844e+01 2.508543764146521653e+02
1.488664836215913168e+00 1.161127641296283386e+01 2.152527053590586661e+02
1.527423452317798525e+00 1.161825241688703514e+01 1.845874080144032803e+02
1.566340311357290460e+00 1.162385806524115672e+01 1.578822369663439815e+02
1.603916182051394745e+00 1.162916053463113286e+01 1.373361032764434810e+02
1.639830463414206019e+00 1.163170518147368604e+01 1.195407403990544708e+02
1.674159963596280054e+00 1.163323489583287973e+01 1.046429722285615043e+02
1.706963122701491198e+00 1.163132678036254575e+01 9.211409399091081696e+01
1.738311042405727536e+00 1.162650648275246290e+01 8.133105659160082723e+01
1.768281230931730619e+00 1.161931279787907378e+01 7.220852203779729450e+01
1.796917161987858336e+00 1.160986844536422247e+01 6.424624527983938549e+01
1.824285998085693805e+00 1.159777900214470314e+01 5.734351351797669594e+01
1.850442359945260629e+00 1.158268778004653221e+01 5.133715665048150356e+01
1.875344746329208778e+00 1.156554729376664525e+01 4.603160037009844530e+01
1.899131424360390286e+00 1.154597275020021385e+01 4.149374103611616960e+01
1.921808622209063788e+00 1.152365670083356086e+01 3.741818452040543974e+01
1.943366971075520810e+00 1.149969061723867547e+01 3.382000176430606331e+01
1.963884514035548534e+00 1.147415816028759750e+01 3.060461528779966045e+01
1.983374023987940937e+00 1.144669143253744537e+01 2.766247408511612704e+01
2.001841237792195916e+00 1.141559787086628575e+01 2.524173680483984583e+01
2.019365562354344057e+00 1.138409130373744205e+01 2.297788209782211410e+01
2.035856790056378429e+00 1.135031439323876157e+01 2.093935006821527267e+01
2.051415675420548812e+00 1.131500974444598562e+01 1.914259381477575417e+01
2.066057888401530818e+00 1.127785160278496157e+01 1.751943010524183109e+01
2.079791483739398039e+00 1.123968750090089763e+01 1.606288597154696518e+01
2.092631075537175089e+00 1.119938875049946425e+01 1.474059774520832633e+01
2.104605251271524313e+00 1.115808560325476329e+01 1.355295203017283789e+01
2.115775495123890071e+00 1.111605620345119050e+01 1.243189743783811885e+01
2.125979277556989011e+00 1.107147561632412369e+01 1.147003648971607603e+01
2.135418153774709893e+00 1.102689151992641570e+01 1.062552291580642816e+01
2.144050937751770913e+00 1.098108048200400866e+01 9.823537621861389013e+00
2.152090809470049937e+00 1.093427186736784051e+01 9.103056840979363074e+00
2.159180460433934634e+00 1.088654451689447455e+01 8.429859767469908505e+00
2.165289212083629788e+00 1.083743104125364454e+01 7.837000625068387905e+00
2.170823303653099945e+00 1.078754541805210820e+01 7.293809780777016805e+00
2.175650414233297081e+00 1.073727113742061334e+01 6.785980252248567268e+00
2.179777192456838097e+00 1.068606864558301339e+01 6.331955712407706827e+00
2.183242272058378841e+00 1.063466564097350187e+01 5.899335613422302949e+00
