2.191799393465098389e-01 1.550982308316407554e+01 3.683535669800713658e+06
2.261508465229816744e-01 1.524972888253693348e+01 3.170135749698851723e+06
2.333607089167479554e-01 1.499441137857376738e+01 2.726436331036234275e+06
2.408523923396362620e-01 1.476362382876760471e+01 2.331387967808377929e+06
2.485816016153524211e-01 1.455442134241771512e+01 2.010204299033446005e+06
2.565980247377706580e-01 1.434861908063339087e+01 1.726468924821505090e+06
2.648932694937767285e-01 1.416189415566617704e+01 1.482701299184174277e+06
2.734729137151140632e-01 1.399791003559719194e+01 1.278309283962857211e+06
2.823437573930337452e-01 1.383340806711633064e+01 1.095948817021695431e+06
2.915125331311738122e-01 1.368275516087978616e+01 9.421341080448551802e+05
3.009747504026966669e-01 1.354457913445729034e+01 8.097172674151503015e+05
3.107329762494128733e-01 1.341124717659719146e+01 6.974130263174335705e+05
3.208270517268123623e-01 1.328910951327461554e+01 5.994305893669644138e+05
3.311936397514402275e-01 1.317872470054550327e+01 5.159995005196029088e+05
3.418976822973761043e-01 1.307158279570582593e+01 4.444550121305644861e+05
3.529254670022686224e-01 1.297626812480121927e+01 3.825535983346789144e+05
3.643018579656313594e-01 1.288368285569661076e+01 3.294513670794338104e+05
3.759619500313437501e-01 1.279638870067507739e+01 2.841956930636678590e+05
3.879808912633061491e-01 1.271681050057651241e+01 2.448274734002016485e+05
4.003342755498666139e-01 1.264357751600738489e+01 2.112237732943503361e+05
4.130191194990169845e-01 1.257258286868110275e+01 1.823113912186638336e+05
4.260626773682219537e-01 1.251098120144229320e+01 1.570628303888246883e+05
4.394173985855467923e-01 1.244804862238780885e+01 1.355277640878116654e+05
4.531350772150905537e-01 1.239287039109541411e+01 1.171907089822403505e+05
4.672090261207126893e-01 1.234071554673647064e+01 1.004410140572356759e+05
4.815903547217705305e-01 1.229002796333173464e+01 8.757182745382119901e+04
4.963302525135800947e-01 1.224325040324612957e+01 7.562844021014202735e+04
5.114051907683275777e-01 1.220096906148766003e+01 6.549466656268905353e+04
5.268236104003877207e-01 1.215855455763845860e+01 5.679393408519869263e+04
5.425817776679325855e-01 1.212392732526367567e+01 4.908552493203132326e+04
5.586794126597619536e-01 1.208751116461075448e+01 4.260583808580246114e+04
5.750790909674405871e-01 1.205615629007850487e+01 3.687264598959497380e+04
5.915101238343506429e-01 1.202476632494480313e+01 3.210302038097180048e+04
6.071621169681793440e-01 1.199377571112143848e+01 2.815458400749973589e+04
6.222081066994487042e-01 1.196663082253262544e+01 2.491425314136356610e+04
6.368703494361935835e-01 1.193584230971437599e+01 2.204026230066912467e+04
6.513085660431218171e-01 1.190938407109340957e+01 1.959424641639319452e+04
6.656731963683675257e-01 1.188011645931121940e+01 1.741684629511701496e+04
6.800474323670752108e-01 1.185047073222626679e+01 1.549899045477971777e+04
6.945095061182837703e-01 1.182144525069142738e+01 1.367890342765064088e+04
7.091281697542224371e-01 1.178993033853658012e+01 1.228598697791819905e+04
7.240548818535694764e-01 1.175884193860598970e+01 1.091328456896529678e+04
7.391051748839500002e-01 1.172723380814946559e+01 9.697842636815843434e+03
7.545373955145298073e-01 1.169619203045068190e+01 8.609997765732356129e+03
7.703483071878338695e-01 1.166385463778013687e+01 7.641902473948232000e+03
7.865283130004278034e-01 1.163251987398187381e+01 6.771973607480534156e+03
8.031501075157353453e-01 1.160077426458680527e+01 5.985541983218095083e+03
8.202101065474608488e-01 1.157012894900539912e+01 5.290433272673380998e+03
8.377512371545476899e-01 1.153868660492881126e+01 4.667979839385978266e+03
8.557833693628656979e-01 1.150820537458873893e+01 4.113474948544992913e+03
8.743171253825138267e-01 1.147712286031654827e+01 3.624587204075861791e+03
8.933720234117527026e-01 1.144649689976608364e+01 3.188779776392188978e+03
9.129585266517321607e-01 1.142223425967029726e+01 2.797501219701885930e+03
9.330799422355139372e-01 1.138982538896804542e+01 2.438275172369382744e+03
9.537295692564277116e-01 1.136323526793567318e+01 2.153349986120180802e+03
9.749252410120755608e-01 1.133463491013301017e+01 1.886401964644051077e+03
9.966638396753002560e-01 1.130749905567954983e+01 1.652575416618057034e+03
1.018927555137451479e+00 1.128441114947713686e+01 1.444135592967120601e+03
1.041718429040267457e+00 1.126019757004373645e+01 1.262811753823317076e+03
1.065028225483169555e+00 1.123432279381011689e+01 1.104311868516402455e+03
1.088830883648559178e+00 1.120892606881988485e+01 9.645130968572735810e+02
1.113120639478584861e+00 1.118909812582746000e+01 8.383229031676498835e+02
1.137883788406828689e+00 1.116689086302437595e+01 7.354810559350762560e+02
1.163087458157562315e+00 1.114481591826247175e+01 6.426791813295179736e+02
1.188710491839712891e+00 1.112503284311931928e+01 5.608464271285199629e+02
1.214742196723747725e+00 1.110680420420240466e+01 4.881017962036029303e+02
1.241132778852072294e+00 1.108624973938001723e+01 4.279550939005540613e+02
1.267883145059929273e+00 1.107029479640320879e+01 3.720039805716837122e+02
1.294929545761796197e+00 1.104839173528351459e+01 3.271290199207491014e+02
1.322253158670568585e+00 1.103311272051710645e+01 2.859536138644149332e+02
1.349828685238330772e+00 1.101433248879252069e+01 2.503972990447381335e+02
1.377606327141347897e+00 1.099717609689373354e+01 2.180242830372038725e+02
1.405552011958307368e+00 1.098133440057352139e+01 1.918187892228476699e+02
1.433634382628742099e+00 1.096375797459965185e+01 1.683818387057999928e+02
1.461598818731174809e+00 1.094660523333881308e+01 1.478562074912591697e+02
1.489056275967646004e+00 1.093119351323028532e+01 1.295760506307158835e+02
1.515979315691708518e+00 1.091426677001778600e+01 1.149353737759806648e+02
1.542327355316172932e+00 1.089603384882058634e+01 1.017717885581455874e+02
1.568099510779354278e+00 1.087815396867348028e+01 9.036535829152316524e+01
1.593303006415378142e+00 1.085884307762860956e+01 8.034436686674521866e+01
1.617918898569203456e+00 1.083889605313667204e+01 7.167106079402387309e+01
1.641912883372915299e+00 1.081844429562465315e+01 6.402581090055277002e+01
1.665319490704007865e+00 1.079633811756077932e+01 5.720708706311853575e+01
1.688131265386432878e+00 1.077471840756903987e+01 5.108134277928444789e+01
1.710307056972554030e+00 1.075018983760661229e+01 4.604857693589984535e+01
1.731871855522189252e+00 1.072601842509275549e+01 4.144278783379030529e+01
1.752806279632908470e+00 1.070042338784986846e+01 3.732086756600027400e+01
1.773104051576663842e+00 1.067493443104334538e+01 3.366908626843554941e+01
1.792764386091627138e+00 1.064687359612769413e+01 3.042326050080292177e+01
1.811792758338425013e+00 1.061873619191190876e+01 2.751943367135013574e+01
1.830132580738079939e+00 1.058921087813272344e+01 2.488353108310198181e+01
1.847922265055801594e+00 1.055952877511563770e+01 2.262378469364366040e+01
1.864974862299052072e+00 1.052823735343459433e+01 2.056818048770178109e+01
1.881260314061759198e+00 1.049579570749065560e+01 1.873151923279681696e+01
1.896980798200240903e+00 1.046394852671156883e+01 1.706407382376342952e+01
1.912033861335294294e+00 1.043006405111281865e+01 1.558258688946761517e+01
1.926408785861154715e+00 1.039590693038118552e+01 1.424216494408080358e+01
1.940095263298545536e+00 1.036034491442031857e+01 1.303673959738203614e+01
1.953232014667253047e+00 1.032508716279483352e+01 1.195532463972975812e+01
1.965500483004420929e+00 1.028839131692591202e+01 1.094223965565026901e+01
