2.191799393465098389e-01 1.550982308316407554e+01 3.683535669800713658e+06
2.261428377029017500e-01 1.525655167142308777e+01 3.168355670937947929e+06
2.333434393331838552e-01 1.501757763933746226e+01 2.740999013278120197e+06
2.408236340371676942e-01 1.476052405362912623e+01 2.337291541247124784e+06
2.485443074531375196e-01 1.455635164506215773e+01 2.006810527092044242e+06
2.565491853570867065e-01 1.441540496425066031e+01 1.724090382519863313e+06
2.648326939415616699e-01 1.417765048675824247e+01 1.483142991389931412e+06
2.733996251756841134e-01 1.400090257124712778e+01 1.275652741439451231e+06
2.822570390896494419e-01 1.383993368058486695e+01 1.095215748940394958e+06
2.914116054669637079e-01 1.368535379061337665e+01 9.432798307467228733e+05
3.008646684387001891e-01 1.354672228177414794e+01 8.032588152627899544e+05
3.106151855656498761e-01 1.341364836595587740e+01 6.993547872821190394e+05
3.206803089271975660e-01 1.329853852457115515e+01 5.947166489502176410e+05
3.310289075820471716e-01 1.318012445203120109e+01 5.175768109279152704e+05
3.417213955907662526e-01 1.307662003051623323e+01 4.455530708196884952e+05
3.527237473037467264e-01 1.297556586336366991e+01 3.837011322125737788e+05
3.640838277214653584e-01 1.288658649874651019e+01 3.306876829986605444e+05
3.757205399540248236e-01 1.279839769838105923e+01 2.851058671803401667e+05
3.877178358927525492e-01 1.271745763218366498e+01 2.458200353152548196e+05
4.000494581754046042e-01 1.264346237052428101e+01 2.117506262366045266e+05
4.127246237531026485e-01 1.257492092530852545e+01 1.826577191493542632e+05
4.257320467117457485e-01 1.250949507829484020e+01 1.578640725253748242e+05
4.390597031761698799e-01 1.244876071163236020e+01 1.363388574424904073e+05
4.527510106512485089e-01 1.239323915645208096e+01 1.176928472378442821e+05
4.667982465174482787e-01 1.234097645093100404e+01 1.016137862525665696e+05
4.811553153390192850e-01 1.229219182025162738e+01 8.785770605397273903e+04
4.958650738100996991e-01 1.225948599518552484e+01 7.594657799735179287e+04
5.109107125780001368e-01 1.220336059694000674e+01 6.584331539660113049e+04
5.262995298833736957e-01 1.216269198640905813e+01 5.709261482493635413e+04
5.420271895525421435e-01 1.212379066812941808e+01 4.935319591106279404e+04
5.580933576512662198e-01 1.208908213272766652e+01 4.278896473667782266e+04
5.744622722279524307e-01 1.205557320071411809e+01 3.707986649510251300e+04
5.911412215363822664e-01 1.202637387340941721e+01 3.219284909138339572e+04
6.080884466029359281e-01 1.199560658113793821e+01 2.800374652454277020e+04
6.254160888045635636e-01 1.196821152222520723e+01 2.430293811644145899e+04
6.432226404280863008e-01 1.194094589447945509e+01 2.114364374222838160e+04
6.615424848259179313e-01 1.191387953981077708e+01 1.835193779138435275e+04
6.805415704268749089e-01 1.189207703061117094e+01 1.588024161871426440e+04
7.002040630911758878e-01 1.187019561060935402e+01 1.367603663059846076e+04
7.206062905911413408e-01 1.185073513781547838e+01 1.191069156756566736e+04
7.417927923753179220e-01 1.183325762630176214e+01 1.027061998981354554e+04
7.638124345177064178e-01 1.181603606466451239e+01 8.760532930277458945e+03
7.863259912385683892e-01 1.180187246188369521e+01 7.631040539216765865e+03
8.082422857051645426e-01 1.178904770936722635e+01 6.617370234232768780e+03
8.296217139589950884e-01 1.177587903279742498e+01 5.782090396990246518e+03
8.505710992822642647e-01 1.176310179663838085e+01 5.063470766540981458e+03
8.711823797844812090e-01 1.174899571009781596e+01 4.427544775046861105e+03
8.915244290086462575e-01 1.173658463718107114e+01 3.928151611746263370e+03
9.116598843761185567e-01 1.171930214654201841e+01 3.473242378370452570e+03
9.316679671549602526e-01 1.170521816449650565e+01 3.075523202890167340e+03
9.515862233692518046e-01 1.168739416105436923e+01 2.726851929349611055e+03
9.714258440450602716e-01 1.166771733778102060e+01 2.420212963264399605e+03
9.912581183282489494e-01 1.164890976397447453e+01 2.146402250482187355e+03
1.011074552598600462e+00 1.163458337585538160e+01 1.910065296625881956e+03
1.030931072294558160e+00 1.161005198477436018e+01 1.697802960390686167e+03
1.050865053187717058e+00 1.159248765485166821e+01 1.509027497503501309e+03
1.070822232309222244e+00 1.156717046432023466e+01 1.343819423463103703e+03
1.090880200102358533e+00 1.154570027608298410e+01 1.196858977896247779e+03
1.111035073927042482e+00 1.152630277254480262e+01 1.063860308002183501e+03
1.131290040070062286e+00 1.149877257739543879e+01 9.463471703242737476e+02
1.151625188444158177e+00 1.147287432438253418e+01 8.429557283172739517e+02
1.172081263023574182e+00 1.145265582805533278e+01 7.506468382185355495e+02
1.192626111495038055e+00 1.142230762310576786e+01 6.647201503007852352e+02
1.213278167116390582e+00 1.139735130472081970e+01 5.952215773365165887e+02
1.234013610733900146e+00 1.137138499642461476e+01 5.296742775873168512e+02
1.254842085198348611e+00 1.134308373817403570e+01 4.723681526340870960e+02
1.275736260351686635e+00 1.131592490817978280e+01 4.183490139791858837e+02
1.296698778543636132e+00 1.128750406047780430e+01 3.748900971224805971e+02
1.317704367802277510e+00 1.125868467467990897e+01 3.341949062837179554e+02
1.338750392679081358e+00 1.123278636949617848e+01 2.977892441634207330e+02
1.359801410213920425e+00 1.120089639850321817e+01 2.656985997832756539e+02
1.380879533422432859e+00 1.117158669813791327e+01 2.368904691692691529e+02
1.401918066473569979e+00 1.114032825903209378e+01 2.118070195959885780e+02
1.422915676373432969e+00 1.111038528335893716e+01 1.889602263843793537e+02
1.443872929688065465e+00 1.107897463886763489e+01 1.687498642755225546e+02
1.464723677897774134e+00 1.104725062241184297e+01 1.508275767332490034e+02
1.485476514432098716e+00 1.101591958064821242e+01 1.349063912069925664e+02
1.506110121682850078e+00 1.098294022506119560e+01 1.207375329616709365e+02
1.526589297075083618e+00 1.095066060455026857e+01 1.074711197803160587e+02
1.546892987080181081e+00 1.091713545038101607e+01 9.680287672506351271e+01
1.567001552675109766e+00 1.088373945544146970e+01 8.668505466523014036e+01
1.586879095399339246e+00 1.085000594231390991e+01 7.782747682129964062e+01
1.606516962655527569e+00 1.081604877786611318e+01 6.984148838463735842e+01
1.625880993296737964e+00 1.078097180590750170e+01 6.255816156840292308e+01
1.644952316933504743e+00 1.074556113608341334e+01 5.650275407844802089e+01
1.663703781330988507e+00 1.071064137267945249e+01 5.066795969808677569e+01
1.682117328092863850e+00 1.067401320928039610e+01 4.586448917137241921e+01
1.700172547272229551e+00 1.063832309642354801e+01 4.116303040849842176e+01
1.717836753189369903e+00 1.060108715928076606e+01 3.719440235077084367e+01
1.735102530041902291e+00 1.056483191682306710e+01 3.374538314072892575e+01
1.751946816419227115e+00 1.052683180434481258e+01 3.054372201092682104e+01
1.768346612034596532e+00 1.048921284253774111e+01 2.767041077492164547e+01
1.784289741166219079e+00 1.045006490828323287e+01 2.509791308974606849e+01
1.799758040445064600e+00 1.041143704035681061e+01 2.278810117663572044e+01
1.814733673675194225e+00 1.037248734094948865e+01 2.066101886632742080e+01
1.829206602290140982e+00 1.033334521963459274e+01 1.880026702833626473e+01
1.843164556471341475e+00 1.029310328495299309e+01 1.718660080284687908e+01
1.856593643059720300e+00 1.025333070228627719e+01 1.563804596301694794e+01
1.869483681116106188e+00 1.021253861745752367e+01 1.433174224006539710e+01
1.881826560619579203e+00 1.017147122337454235e+01 1.310830095295243858e+01
