2.191799393465098389e-01 1.550982308316407554e+01 3.683535669800713658e+06
2.258285880474080742e-01 1.527557126627855588e+01 3.201983030774036888e+06
2.326874574464493917e-01 1.501305363696538286e+01 2.761294998496029992e+06
2.397943368265621211e-01 1.478901302650525729e+01 2.388574882036137860e+06
2.471437602771493769e-01 1.458333253056985157e+01 2.064740970807083882e+06
2.547383966830829571e-01 1.440317599514081159e+01 1.782840543471861165e+06
2.625861656785888343e-01 1.421923681270119211e+01 1.546820595966084860e+06
2.706917184896827644e-01 1.405341699535931355e+01 1.339871965001781937e+06
2.790601792539504356e-01 1.391761833856454622e+01 1.157107250540958019e+06
2.876959308467679222e-01 1.374489167280430912e+01 1.000243655174937798e+06
2.965934722345031083e-01 1.360697912565807322e+01 8.701464598395024659e+05
3.057742407170911947e-01 1.347912465088950285e+01 7.519164379666073946e+05
3.152288948623113707e-01 1.335227675521389656e+01 6.518727413399132201e+05
3.249727524119802036e-01 1.325055374899046612e+01 5.647749884420271264e+05
3.349981398707654878e-01 1.314653147594169980e+01 4.889610521695750649e+05
3.453155474015781046e-01 1.304029374753675263e+01 4.238066400449307403e+05
3.559548718841802351e-01 1.295017328245024935e+01 3.670433747724492569e+05
3.668386727214551501e-01 1.286226522047888565e+01 3.190887507245241432e+05
3.780576701628977632e-01 1.278278368690379629e+01 2.767488451211455395e+05
3.895660869129047854e-01 1.270918151867187795e+01 2.401615433534813346e+05
4.014021720453385123e-01 1.263621185495708943e+01 2.083730407939797442e+05
4.135125367974955557e-01 1.257359474653811660e+01 1.810006750931591378e+05
4.259653785759910383e-01 1.251021775714128736e+01 1.572058236823952757e+05
4.386978227290274646e-01 1.245288510430756013e+01 1.365401731722976256e+05
4.517675702862478659e-01 1.240015636043956704e+01 1.188171185591987887e+05
4.651527434910837644e-01 1.234832524745284310e+01 1.032876910804768704e+05
4.788330527353251154e-01 1.230212999602654556e+01 8.985890235191555985e+04
4.928196844559779577e-01 1.225549400467305716e+01 7.827119425309516373e+04
5.071156739470880082e-01 1.221116110194482474e+01 6.814166062212784891e+04
5.217292764963163965e-01 1.217350384752479719e+01 5.944219287438112951e+04
5.366525058358787570e-01 1.213693862075855101e+01 5.185606476466137974e+04
5.518839174233017841e-01 1.210359447444682246e+01 4.513528402963423287e+04
5.674261122032415727e-01 1.207086075163871186e+01 3.934441956316403957e+04
5.832354945979163485e-01 1.203753289145073246e+01 3.439814053413996589e+04
5.986624158526755446e-01 1.201027488052230474e+01 3.023869720379947830e+04
6.136240797415404291e-01 1.198215849418010315e+01 2.670966931931169529e+04
6.282484529909574400e-01 1.195585461953379536e+01 2.345295866529504929e+04
6.426920325678117107e-01 1.192987908983029932e+01 2.108605892000015592e+04
6.571094181575362070e-01 1.190244866623354447e+01 1.873524258124478001e+04
6.715979857700428157e-01 1.187366797188459344e+01 1.668968605870582178e+04
6.861077548643543800e-01 1.184802689890865146e+01 1.476779181639417584e+04
7.008537410761940256e-01 1.182181140601808700e+01 1.324949457258296570e+04
7.158409716026432612e-01 1.179096941812492005e+01 1.178427364477019910e+04
7.311152448685636074e-01 1.176597438111393501e+01 1.042326641274958092e+04
7.467085519551743822e-01 1.173786397813971050e+01 9.318814750198222100e+03
7.626760732263827558e-01 1.171105076270749201e+01 8.282422501800308964e+03
7.790901942712482597e-01 1.168280009689028098e+01 7.373223865560386002e+03
7.958253352142610204e-01 1.165538857806824780e+01 6.506130049556022641e+03
8.130639991739790906e-01 1.162990289707999025e+01 5.756699825830312875e+03
8.307741566504556197e-01 1.160429840133317292e+01 5.093259786976299438e+03
8.489785584074610592e-01 1.157697292195539340e+01 4.500316712267254843e+03
8.676928626271522837e-01 1.155125556749551485e+01 3.962807754778346862e+03
8.869190709671616046e-01 1.153155388331727593e+01 3.489421666323240515e+03
9.066773561697122341e-01 1.150195058529054037e+01 3.079745191629357578e+03
9.269722901368265822e-01 1.148073167301106778e+01 2.710565412093794293e+03
9.478104689352065959e-01 1.145947056737031389e+01 2.378765688253684857e+03
9.691915313917864871e-01 1.143659810160985124e+01 2.089464757096816356e+03
9.911157717657762545e-01 1.141574184706305850e+01 1.833609536721372933e+03
1.013581401678409488e+00 1.139876812839704634e+01 1.608332374849494727e+03
1.036580697157607700e+00 1.137728898263545219e+01 1.410314816673081623e+03
1.060087650933464021e+00 1.135977378929046644e+01 1.235405198477694512e+03
1.083734961198909330e+00 1.134023373019173420e+01 1.085683350048100692e+03
1.107414589670910443e+00 1.132393818097170168e+01 9.540651765489518539e+02
1.131128928436614167e+00 1.131075465280576431e+01 8.392212997325865445e+02
1.154839120813569542e+00 1.129444466889892951e+01 7.410994770776820815e+02
1.178570000939389351e+00 1.127424032465720138e+01 6.538201873662251273e+02
1.202331157087036972e+00 1.125678365582746743e+01 5.779390834368424521e+02
1.226097052872459292e+00 1.123941615578359432e+01 5.083506236680978532e+02
1.249857536533622415e+00 1.122320523465074338e+01 4.530481816948106371e+02
1.273620185903276747e+00 1.120902764712227295e+01 4.017352544420649565e+02
1.297372092050383285e+00 1.118807106023883691e+01 3.544714780592417469e+02
1.321082552973896762e+00 1.117092365435461510e+01 3.161831860206953593e+02
1.344748405582070871e+00 1.115372039473626486e+01 2.812520282218688408e+02
1.368374173415338957e+00 1.113207634077492258e+01 2.503645353728799705e+02
1.391912418700939069e+00 1.111332357349698263e+01 2.217304399004087259e+02
1.415375014236217810e+00 1.109397197017623071e+01 1.986251818459590197e+02
1.438748937293608199e+00 1.107333066646373076e+01 1.771975969231348813e+02
1.461997394339557221e+00 1.105338021625766132e+01 1.580185034319632393e+02
1.485151266188918351e+00 1.103615040720255713e+01 1.412090400042173144e+02
1.508019389519224207e+00 1.101023665904098081e+01 1.263177019640188377e+02
1.530776063068148174e+00 1.098829974440665858e+01 1.130161099609333064e+02
1.553336447990362190e+00 1.096614803140100669e+01 1.008808332748311898e+02
1.575676564668116564e+00 1.094280322186798493e+01 9.072434218370402448e+01
1.597878120393277257e+00 1.091934925530305378e+01 8.108149829421735433e+01
1.619733374060975173e+00 1.089551180055609869e+01 7.298772398615352586e+01
1.641174711155899857e+00 1.087062694859249845e+01 6.569765685305925729e+01
1.662419336640494905e+00 1.084546070867422962e+01 5.911463726988232992e+01
1.683450401866517732e+00 1.081931314269281508e+01 5.321600232666445152e+01
1.703934286878812765e+00 1.079320468064535810e+01 4.798380527993894873e+01
1.724153620572778323e+00 1.076627548628063913e+01 4.314333940517354193e+01
1.743978387730400925e+00 1.073882893866897881e+01 3.911409504599522791e+01
1.763409049472788759e+00 1.071151162781410093e+01 3.535745464865927801e+01
1.782422864364138215e+00 1.068273658397507120e+01 3.201937745414537773e+01
1.801084166925188246e+00 1.065451344044755544e+01 2.888857711573188070e+01
1.819229263292809762e+00 1.062521893467475742e+01 2.628259006069244919e+01
1.836754331382410843e+00 1.059336937249318389e+01 2.392821308340600694e+01
1.853922575885793567e+00 1.056372332809932502e+01 2.176168612685703962e+01
1.870588835825938157e+00 1.053180471431268472e+01 1.980247286029628029e+01
1.886802570989188688e+00 1.050152249063000731e+01 1.799971936713508924e+01
1.902368180726137226e+00 1.046838125537685471e+01 1.645811837323033089e+01
