2.191799393465098389e-01 1.550982308316407554e+01 3.683535669800713658e+06
2.261621772234854444e-01 1.524833436245128127e+01 3.172960953772852663e+06
2.333900880223696295e-01 1.499261116880846245e+01 2.723149247295706999e+06
2.408964290238687078e-01 1.477199037270866633e+01 2.346159660836632829e+06
2.486441162394461002e-01 1.457235665706530447e+01 2.020102479929794790e+06
2.566790724181339245e-01 1.435092746127952346e+01 1.721362658565923339e+06
2.649926082054989696e-01 1.416469233192103161e+01 1.484638737489240244e+06
2.735941297822436225e-01 1.399987419335684891e+01 1.276202046647366835e+06
2.824863551504381842e-01 1.383385615383358491e+01 1.092610434300482040e+06
2.916786541920770581e-01 1.367800837955712723e+01 9.403144841400542064e+05
3.011659291231357782e-01 1.353825659280414406e+01 8.090940986540651647e+05
3.109619474555794794e-01 1.340608353249580986e+01 6.948963307535748463e+05
3.210559081452127317e-01 1.328822637768239190e+01 5.977546691270137671e+05
3.314644060628994526e-01 1.317421990663752318e+01 5.149212782269641175e+05
3.421975358467939099e-01 1.307161045228476226e+01 4.429962403878174955e+05
3.532573996543847961e-01 1.297083360435182264e+01 3.809313328868555836e+05
3.646586517595936106e-01 1.288225843538591420e+01 3.285945211213047733e+05
3.763600672372370282e-01 1.279769390451940048e+01 2.822434506629907992e+05
3.884134012751422338e-01 1.271386010398235555e+01 2.435478801479641988e+05
4.008044027227702366e-01 1.263946197816569494e+01 2.100028856295105652e+05
4.135267658825098613e-01 1.257050085844955767e+01 1.809669649815541634e+05
4.266071281946677840e-01 1.250522110285652388e+01 1.560262807213891647e+05
4.400057532072194633e-01 1.244619980068160814e+01 1.348485936220095027e+05
4.537671477873428949e-01 1.239172997990891290e+01 1.150792500095982978e+05
4.678823046670049224e-01 1.233718549277874565e+01 1.005475804901436350e+05
4.823016857906572974e-01 1.228847087772763658e+01 8.698988849750606460e+04
4.970949295747360552e-01 1.224070516037725653e+01 7.511339182716756477e+04
5.122183987686421691e-01 1.219826673450091903e+01 6.516019403480557230e+04
5.276858806807783742e-01 1.215687368614399055e+01 5.630525044046217226e+04
5.434946797522510753e-01 1.211987262796688114e+01 4.868074217389893602e+04
5.596436664564253816e-01 1.208706620830363931e+01 4.214580501983367867e+04
5.761019267014769740e-01 1.204923668822849159e+01 3.625180354101042758e+04
5.926604554844884243e-01 1.202038173867586046e+01 3.164600502182013224e+04
6.088761902936328241e-01 1.199313616788931292e+01 2.777185789460429078e+04
6.249119236490386919e-01 1.196639334394156684e+01 2.435640405983570599e+04
6.408616843891015158e-01 1.193689131320084584e+01 2.140963716821122580e+04
6.569320068339300489e-01 1.190626745433510436e+01 1.886886658593031825e+04
6.731926603048981050e-01 1.188078286298921782e+01 1.658515023203386227e+04
6.897258298788107034e-01 1.185578067175476669e+01 1.458531701652296761e+04
7.065879698378495499e-01 1.182833031007745461e+01 1.282961658617022113e+04
7.238673723382176295e-01 1.181063135957328036e+01 1.125467100884182946e+04
7.415723584217285280e-01 1.177492690835255296e+01 9.893169152435555588e+03
7.597767878454995127e-01 1.175152908274261243e+01 8.676981040242913878e+03
7.785282519746637986e-01 1.172743928493877341e+01 7.595365444726566238e+03
7.979158513939879072e-01 1.170364694692371188e+01 6.635913668876291013e+03
8.177363029561099950e-01 1.167981975879134460e+01 5.801995259514430472e+03
8.382587184044634210e-01 1.165799382688200758e+01 5.060141717296905881e+03
8.594189214420834277e-01 1.163684919512030369e+01 4.413294048036492313e+03
8.812467321539174669e-01 1.161703336951734933e+01 3.840874515085554776e+03
9.037493488416269427e-01 1.159705072414150884e+01 3.337558660770120241e+03
9.269203411676032456e-01 1.157916294292147263e+01 2.899903174183511510e+03
9.507919502289550184e-01 1.156368210270063024e+01 2.516629547307330085e+03
9.753446177485267654e-01 1.154791868828277934e+01 2.184833979145967078e+03
1.000594913155749666e+00 1.153367640959578999e+01 1.893267661279595814e+03
1.026532450822019271e+00 1.151898788943697483e+01 1.638564677703716825e+03
1.053154387139028092e+00 1.151026325667913852e+01 1.418692577024318325e+03
1.080442236188062788e+00 1.149702169926898065e+01 1.228695561497238486e+03
1.108386503878623808e+00 1.148884697068107386e+01 1.063048279037025850e+03
1.136748996054919081e+00 1.147499172061261241e+01 9.205889551747367250e+02
1.164751520951980091e+00 1.146588732154038581e+01 7.998579546057019343e+02
1.192326010225028821e+00 1.145793856620378470e+01 6.986949557597699823e+02
1.219503650854028676e+00 1.145158505999002685e+01 6.116430489690364993e+02
1.246280880440495231e+00 1.144126423269303316e+01 5.374356788745541280e+02
1.272708998572588124e+00 1.142627214224548560e+01 4.732037134294487259e+02
1.298796607487055166e+00 1.141632576523169895e+01 4.174357071754886306e+02
1.324560729534437709e+00 1.140169602954979311e+01 3.667521705281409936e+02
1.349967041368777432e+00 1.138975407142752161e+01 3.267540413617300601e+02
1.375070406813626800e+00 1.137484514896543786e+01 2.897719323999687049e+02
1.399847620203675369e+00 1.135866846833338606e+01 2.574171892083572857e+02
1.424293665352619254e+00 1.134162811528283932e+01 2.290726709360427549e+02
1.448461388550394524e+00 1.132367360970931358e+01 2.037977083179709439e+02
1.472250208566571184e+00 1.130443765614925766e+01 1.820057768449990476e+02
1.495742887090073303e+00 1.128433162674019385e+01 1.616125024853302250e+02
1.518901907262258044e+00 1.126419338682931937e+01 1.452009420283989414e+02
1.541723395389154261e+00 1.124083598941233042e+01 1.300021870956505836e+02
1.564187220892342411e+00 1.121769319898610640e+01 1.164568041505447553e+02
1.586292577660843195e+00 1.119280818087347917e+01 1.044154759344266949e+02
1.608142492745355367e+00 1.116779404607661164e+01 9.369277869505575040e+01
1.629579304986434662e+00 1.114198261598165729e+01 8.409966719992755202e+01
1.650347774215590091e+00 1.111357668313650038e+01 7.574761486619695461e+01
1.670904061783285321e+00 1.108522714598240988e+01 6.814028816197884453e+01
1.691037635250310478e+00 1.105580813450627886e+01 6.144609251866879873e+01
1.710878071393806099e+00 1.102626897818318241e+01 5.545478626486649176e+01
1.729991037156818123e+00 1.099444616307020084e+01 5.011953266062040768e+01
1.748781019435359463e+00 1.096282585621063532e+01 4.512263008000743270e+01
1.767103657835225938e+00 1.092992962780585486e+01 4.096943705565193738e+01
1.784963572775488894e+00 1.089665932267273618e+01 3.712814921001624668e+01
1.802500173193311017e+00 1.086205827040731009e+01 3.354052080462612651e+01
1.819292618557600605e+00 1.082714642422367035e+01 3.056310034644101847e+01
1.835729969975168796e+00 1.079159589962846866e+01 2.766897297077072793e+01
1.851669326033492213e+00 1.075385963480166751e+01 2.525530677462047180e+01
1.867098410238573702e+00 1.071668496584947761e+01 2.299158667050075522e+01
1.882008414688633113e+00 1.067886238411309385e+01 2.088589601054643907e+01
1.896365079691449740e+00 1.063985997346284229e+01 1.913453617604900003e+01
1.910185365941510227e+00 1.060130798013561204e+01 1.746592593059227028e+01
1.923602777482686710e+00 1.056161764852995155e+01 1.595576242988519944e+01
1.936209707197112495e+00 1.052129027440711440e+01 1.461558939217053954e+01
1.948336697505755000e+00 1.048050206814895979e+01 1.341394450722115650e+01
1.959984797998166606e+00 1.043895700574931951e+01 1.227119404295947902e+01
1.971010888735350131e+00 1.039750680913128633e+01 1.131384352485526001e+01
