2.191799393465098389e-01 1.550982308316407554e+01 3.683535669800713658e+06
2.264899605529690774e-01 1.523558184413161953e+01 3.142947915000028908e+06
2.340729915774784342e-01 1.497299574517438359e+01 2.674827174841057975e+06
2.419604322016294384e-01 1.474215555666996913e+01 2.292926108370980248e+06
2.501211817685833338e-01 1.451321942484158356e+01 1.949340277713220799e+06
2.585908301199003057e-01 1.430781244859598722e+01 1.665656367593623931e+06
2.673698512254683579e-01 1.411248989805721266e+01 1.418284573971665930e+06
2.764633828142328831e-01 1.394012202453429694e+01 1.208245269554118393e+06
2.858787309201550886e-01 1.377592743913007389e+01 1.032238846661375370e+06
2.956134893206545655e-01 1.362360919314931884e+01 8.805329904138502898e+05
3.056814014882707764e-01 1.348298270508107066e+01 7.528954996988392668e+05
3.160895177951490997e-01 1.334764590872602774e+01 6.430181707780159777e+05
3.268383870698246541e-01 1.323064700956149409e+01 5.491550867894401308e+05
3.379288829672020267e-01 1.310835914457685902e+01 4.693503176728524850e+05
3.493774567761808725e-01 1.300941139959391535e+01 4.016252191442615585e+05
3.611828011442754782e-01 1.290730708068089250e+01 3.431640535988802440e+05
3.733493821242368504e-01 1.281509651781855474e+01 2.934082915552925551e+05
3.858857606497083648e-01 1.272929227469993485e+01 2.514328648758720665e+05
3.987829689382627607e-01 1.265374255182777574e+01 2.147508168014058028e+05
4.120542609284853497e-01 1.258134685360437466e+01 1.842225012290388695e+05
4.257157781130910257e-01 1.251365424512624180e+01 1.576729079009115521e+05
4.397180711388636865e-01 1.244641877612613889e+01 1.354525030963852478e+05
4.541209114755804244e-01 1.238926300127526225e+01 1.160179044880497968e+05
4.689105300688825029e-01 1.233138906397695855e+01 9.968556677388302342e+04
4.840412741135556862e-01 1.228845380557952716e+01 8.532053553945924796e+04
4.995701148678054482e-01 1.223410334028197433e+01 7.340406016762304353e+04
5.154665526519830454e-01 1.219027821790659161e+01 6.302046266266750172e+04
5.317392479900772129e-01 1.214747289371376304e+01 5.419248394650869159e+04
5.483852069893602188e-01 1.211061469036418892e+01 4.658455595020695182e+04
5.654049915889179934e-01 1.207629336817213073e+01 4.011021360045348410e+04
5.827335261928042742e-01 1.204616307741768999e+01 3.455275152546542085e+04
6.000191868536014494e-01 1.200771736778974130e+01 2.994191191334857649e+04
6.171256489398150302e-01 1.197819815792389164e+01 2.596027365291903334e+04
6.342328713379846716e-01 1.194901215354494362e+01 2.259792390883367989e+04
6.515063772661251473e-01 1.192078133569318510e+01 1.970856073259982441e+04
6.690192826164921280e-01 1.189407227740102790e+01 1.718036917435162832e+04
6.869222513817105913e-01 1.186703004609221423e+01 1.495384617887511740e+04
7.052540230157910983e-01 1.183916063036998878e+01 1.302925686512892389e+04
7.241066969541170018e-01 1.181457221281760894e+01 1.134966326587013100e+04
7.435221600328276725e-01 1.178682084056106305e+01 9.847150810276421907e+03
7.635592065715925969e-01 1.177728188123160358e+01 8.542540683886005354e+03
7.842395948925021676e-01 1.174075569655083129e+01 7.404697264355247171e+03
8.056320503771587926e-01 1.172001319911814754e+01 6.406744358893487515e+03
8.277764104622208352e-01 1.169865923006724096e+01 5.534282547819584579e+03
8.506062715706262933e-01 1.167846801552978597e+01 4.782444590619822520e+03
8.742549766984839543e-01 1.165984732577615546e+01 4.118681449850671015e+03
8.986896034760264440e-01 1.165270248883637372e+01 3.545799442344300132e+03
9.239489283396880026e-01 1.162746146184495188e+01 3.050667742015928525e+03
9.500128163782757262e-01 1.161329392366459068e+01 2.620827981562877085e+03
9.768982326582602571e-01 1.160167605238156874e+01 2.250096873412764580e+03
1.004601617150876480e+00 1.158956302830000240e+01 1.931843667034391046e+03
1.033119044419850585e+00 1.158026175647044909e+01 1.654605019400241872e+03
1.062439894726555423e+00 1.157084148145854741e+01 1.420370366588193974e+03
1.092563592886058199e+00 1.156504495350149853e+01 1.207177312141723633e+03
1.123455277211645509e+00 1.155844029663543004e+01 1.041223485874917287e+03
1.155102188616172310e+00 1.155516578456308530e+01 8.930139556388886604e+02
1.187487105007720922e+00 1.155103708552054442e+01 7.626945351355965386e+02
1.220561107279402036e+00 1.154947464960541481e+01 6.539780483193793543e+02
1.254309195913776209e+00 1.155134919908839208e+01 5.570259643533280496e+02
1.288690992551717152e+00 1.155012473944702123e+01 4.775562546546933618e+02
1.323657039273907543e+00 1.154811950343335702e+01 4.123075328540303417e+02
1.359176990758810932e+00 1.154793451533999082e+01 3.536655937144018367e+02
1.395189200401882657e+00 1.155217701092645122e+01 3.034881440720810701e+02
1.431339886503023795e+00 1.155607072159495630e+01 2.613369960786525894e+02
1.466367172146316067e+00 1.155645713612283387e+01 2.262646365016184120e+02
1.500184729011354579e+00 1.155722389000065675e+01 1.967806936145905752e+02
1.532827645059935850e+00 1.155426607661914851e+01 1.718287481604569393e+02
1.564356558366654770e+00 1.155050630182822324e+01 1.513907388744850948e+02
1.594828294280894676e+00 1.154640846690391953e+01 1.334312008104248264e+02
1.624249899510332940e+00 1.153744885776978712e+01 1.180137162665037067e+02
1.652696717745810950e+00 1.152726922995201342e+01 1.047049674388057383e+02
1.680184337635668879e+00 1.151578227745409322e+01 9.272555243598162633e+01
1.706726811417139666e+00 1.150124218764386974e+01 8.308321095804282663e+01
1.732361967232050937e+00 1.148540750185921766e+01 7.427555910769245884e+01
1.757102894001611570e+00 1.146744540643094012e+01 6.649408021471836605e+01
1.780983531614350523e+00 1.144815493550977514e+01 5.972561475965238031e+01
1.804001368379587911e+00 1.142568334244954720e+01 5.369372192892323170e+01
1.826155215245875318e+00 1.140207883801095967e+01 4.839061946877533416e+01
1.847504902040568275e+00 1.137610982041992003e+01 4.364450521093923641e+01
1.868041720860744048e+00 1.134884702803225309e+01 3.944235577044982222e+01
1.887739700605884474e+00 1.132019400017651023e+01 3.557560717344652090e+01
1.906645222321490696e+00 1.129019984880958916e+01 3.232682569212298773e+01
1.924756986468241005e+00 1.125818133040966273e+01 2.936741856556266939e+01
1.942079384672466214e+00 1.122459275467291206e+01 2.672521491296758356e+01
1.958619070523211381e+00 1.118946579441240985e+01 2.437012709582013059e+01
1.974395625133908316e+00 1.115392788251338629e+01 2.219366164383136208e+01
1.989406189771877109e+00 1.111606478469792059e+01 2.018236673840311113e+01
2.003600537110791446e+00 1.107656513271487064e+01 1.852769210026798419e+01
2.017065967672682980e+00 1.103750536781024572e+01 1.696640471785155313e+01
2.029961539693340367e+00 1.099747842924758601e+01 1.555099167079006151e+01
2.041743937778138118e+00 1.095440439719612691e+01 1.427963313723602745e+01
2.052966636966201186e+00 1.091085203411179627e+01 1.313218053152877474e+01
2.063645903112897084e+00 1.086756428784762285e+01 1.208206818543516192e+01
2.073221049677158145e+00 1.082200342399749537e+01 1.110553459851204927e+01
2.082430563572335913e+00 1.077686393303355317e+01 1.025903416191659900e+01
2.090608929571520669e+00 1.072915873460377156e+01 9.506731856508389811e+00
2.098245200473336514e+00 1.068215450400800215e+01 8.805281042630287658e+00
2.105308926428081762e+00 1.063474245875699076e+01 8.156421794704884931e+00
2.111661233262092985e+00 1.058676195800131303e+01 7.562659975670052326e+00
2.117065553981695825e+00 1.053650114947197025e+01 7.042334697586055015e+00
