2.191799393465098389e-01 1.550982308316407554e+01 3.683535669800713658e+06
2.241608777563159072e-01 1.531122420608943457e+01 3.296251052120177075e+06
2.292776555353065737e-01 1.513349742420609623e+01 2.956027838626725134e+06
2.345266218317856310e-01 1.495664249121037770e+01 2.661808921216299757e+06
2.399166624262439873e-01 1.479136450104416767e+01 2.387652852187906392e+06
2.454403327838073079e-01 1.464182165000154612e+01 2.131054914418085013e+06
2.511010300874720880e-01 1.448357355976491512e+01 1.911675361495745368e+06
2.569052168888777410e-01 1.434146793463388292e+01 1.717618277894242899e+06
2.628538852045064211e-01 1.421004971461850808e+01 1.536967427244473947e+06
2.689501173596997030e-01 1.408575178156822894e+01 1.377190084562389413e+06
2.751944306470848201e-01 1.396296962619362070e+01 1.237780925398464547e+06
2.815893356797490865e-01 1.384524041766377067e+01 1.109291297392568551e+06
2.881382709864766523e-01 1.373517698718761082e+01 9.950803666799574858e+05
2.948339487828259831e-01 1.363918976754061418e+01 8.921897986958832480e+05
3.017060485683678572e-01 1.353465363454127157e+01 8.014107913335126359e+05
3.087113292450874846e-01 1.343856882042694245e+01 7.201383510954161175e+05
3.158774650813969687e-01 1.334987774949335915e+01 6.455359959348840639e+05
3.232087377825448860e-01 1.326279069774631658e+01 5.797476842167880386e+05
3.307078759186523054e-01 1.318940979370277766e+01 5.208423468419053243e+05
3.383674068682388514e-01 1.310758168302596793e+01 4.666759727460528375e+05
3.461942670734987626e-01 1.303688771748203301e+01 4.195831535831477959e+05
3.541955746892403445e-01 1.295992439599066870e+01 3.771122629499833565e+05
3.623557114135142476e-01 1.289725989617807933e+01 3.385565667800685042e+05
3.706892302428465569e-01 1.283674893293201436e+01 3.034619727879538550e+05
3.792064289744787042e-01 1.277418264804053294e+01 2.725982107076680404e+05
3.878777691470015609e-01 1.271798400212642299e+01 2.452777054637010733e+05
3.967414429776179863e-01 1.266486254480703799e+01 2.203455297799500404e+05
4.057622304969819016e-01 1.260948633396394669e+01 1.985506380061262171e+05
4.149612366306597022e-01 1.256674315649695473e+01 1.781302122698449239e+05
4.243684901686554656e-01 1.251668579571384576e+01 1.600905040745041333e+05
4.339003715176960041e-01 1.247365013943177203e+01 1.440697536052888317e+05
4.436368935480844433e-01 1.243112249859769314e+01 1.296902559816136345e+05
4.535401560502721474e-01 1.239391472956820017e+01 1.166064066040435137e+05
4.636493404421681008e-01 1.235156347493830253e+01 1.042143414284190076e+05
4.739072375337106680e-01 1.231555526576974913e+01 9.439221355893071450e+04
4.843332618727426708e-01 1.228094935708274882e+01 8.516908366490516346e+04
4.949583321956620985e-01 1.224842718535676056e+01 7.668751586477935780e+04
5.057494592234049735e-01 1.221723616914345456e+01 6.839488608131087676e+04
5.167179765064574548e-01 1.218631314145521749e+01 6.228054377147676132e+04
5.278656529905236816e-01 1.215443151710250369e+01 5.620497378107690020e+04
5.391875386872804210e-01 1.213139555918823298e+01 5.069955861739399552e+04
5.506853425967253024e-01 1.210530118288737711e+01 4.575397664831966540e+04
5.623611092662342825e-01 1.208005462203791147e+01 4.120347304686652205e+04
5.741753235625860485e-01 1.205648386074745204e+01 3.723313294310562196e+04
5.861764580943819025e-01 1.203440126567508273e+01 3.360541193917825149e+04
5.983631607240782468e-01 1.201316892735418840e+01 3.032799077132931052e+04
6.107984881235505314e-01 1.199077071361871738e+01 2.712093432273112194e+04
6.234835289427990146e-01 1.197042129620926509e+01 2.472409791241738276e+04
6.364820339720764775e-01 1.195180147693583095e+01 2.231117279973864788e+04
6.498203400794009266e-01 1.193381592724361617e+01 2.009723183038192292e+04
6.635353504354231102e-01 1.191758674390634987e+01 1.811161492925315542e+04
6.775886971152721427e-01 1.189961870031065772e+01 1.629198935407828685e+04
6.920738709060397786e-01 1.188109518377097018e+01 1.466909519280403947e+04
7.069762927297068567e-01 1.186828202512438146e+01 1.316706908643889983e+04
7.223414992916119548e-01 1.185760926332130971e+01 1.181351320279534957e+04
7.381525416103733583e-01 1.184577196164257629e+01 1.059410999589723360e+04
7.544443265086051564e-01 1.183229606947950252e+01 9.496481194994941688e+03
7.712277249520520517e-01 1.182612175606179505e+01 8.502583891786347522e+03
7.885068603415804622e-01 1.181689624584240050e+01 7.600415634512785800e+03
8.063019270341534872e-01 1.180962923158109845e+01 6.789454024810061128e+03
8.246138384524455134e-01 1.180450986715495709e+01 6.064611766915089902e+03
8.434549579835305400e-01 1.179854847165114862e+01 5.420373213635671164e+03
8.628305072838214906e-01 1.179506944559407344e+01 4.830600162525380256e+03
8.827511410607361553e-01 1.179425689269494271e+01 4.300659050350842335e+03
9.032153674270431143e-01 1.179342344247201702e+01 3.839343763786090221e+03
9.242234752889414429e-01 1.179311616610763025e+01 3.419553238408692778e+03
9.457834525497738065e-01 1.179560977296065793e+01 3.042741534725563724e+03
9.678996067065651632e-01 1.179656409033066566e+01 2.709034675824932947e+03
9.905677477169266831e-01 1.180288425546893194e+01 2.410902936181965742e+03
1.013791578103912183e+00 1.180882364713768418e+01 2.143561014108107884e+03
1.037560165139302049e+00 1.181381689106306254e+01 1.906868430096152906e+03
1.061872341654878316e+00 1.182241822240175111e+01 1.696314502871155810e+03
1.086727989983857556e+00 1.183185660319221633e+01 1.507407729050593616e+03
1.112117998820602693e+00 1.184179800698938045e+01 1.340745290287493390e+03
1.138036254583339124e+00 1.185342722003836791e+01 1.192543357465322288e+03
1.164469262360173119e+00 1.186546194598369119e+01 1.058747412946297572e+03
1.191421570591508772e+00 1.188027363191199370e+01 9.438329773948380534e+02
1.218867792872631028e+00 1.189238500044554669e+01 8.351042490364565083e+02
1.246787394242745206e+00 1.190947212818290524e+01 7.462822729814151899e+02
1.274874424299387687e+00 1.192261334071080725e+01 6.648107496030199854e+02
1.303089041038394402e+00 1.193997918019743132e+01 5.907418693813356185e+02
1.331409973358026466e+00 1.195478745257368836e+01 5.304061879562015065e+02
1.359826710608762035e+00 1.196998235932212395e+01 4.738313247564640278e+02
1.388366280698282829e+00 1.198655656778789691e+01 4.243340411526403955e+02
1.416966752645386407e+00 1.200136210131129744e+01 3.803541414497652227e+02
1.445650467258203342e+00 1.201669423194117137e+01 3.410457970785298016e+02
1.474408141690267682e+00 1.203515413097258069e+01 3.052682057421787363e+02
1.503224701291287380e+00 1.204693719293801024e+01 2.755874005140723852e+02
1.532081156134267985e+00 1.206500366335198215e+01 2.478779834415720700e+02
1.560981172924756022e+00 1.207778834442956395e+01 2.232980173024163832e+02
1.589900779205992931e+00 1.209174248359571102e+01 2.013380357005249550e+02
1.618826567163258234e+00 1.210503442917061889e+01 1.817560016415344819e+02
1.647745103818113011e+00 1.212009857918667954e+01 1.639510476983307115e+02
1.676634365498040680e+00 1.213304461530769807e+01 1.473855179739067012e+02
1.705504421947834137e+00 1.214532922776725421e+01 1.340385306921531594e+02
1.734320372184976256e+00 1.215868369530500281e+01 1.212778073611367518e+02
1.763056757660524054e+00 1.217166189726982140e+01 1.097810720714692110e+02
1.791698815542919210e+00 1.218156458919556329e+01 9.965066001545378072e+01
1.820254218529962387e+00 1.219254434164622047e+01 9.030890847758878692e+01
1.848684013007588112e+00 1.220429823803860003e+01 8.199221270997296074e+01
