2.191799393465098389e-01 1.550982308316407554e+01 3.683535669800713658e+06
2.255816992882450356e-01 1.525679683651043916e+01 3.206081502633473370e+06
2.321979286360176808e-01 1.503321208618947047e+01 2.796664723336051684e+06
2.390363010800028165e-01 1.482650243314217775e+01 2.423967715686392970e+06
2.461032413498139282e-01 1.463740106668441321e+01 2.125739813540830277e+06
2.533998067522233444e-01 1.442814862662321218e+01 1.813651248858997831e+06
2.609199167625466109e-01 1.425348142708026167e+01 1.595447245902512223e+06
2.686854653201796173e-01 1.408919201068771088e+01 1.384926897203008877e+06
2.766951819869446494e-01 1.396635318159882821e+01 1.202403602136473404e+06
2.849525902930614696e-01 1.378942210915465516e+01 1.050581178386236774e+06
2.934735515864973499e-01 1.365113186091768860e+01 9.119782141472073272e+05
3.022132082152416133e-01 1.352791480278709102e+01 7.966173089361863676e+05
3.112393662709408981e-01 1.341449794063762901e+01 6.914770587750540581e+05
3.205333137983437664e-01 1.329304187305086415e+01 6.017724019769219449e+05
3.300616017061885898e-01 1.318909390219335975e+01 5.249735192602031166e+05
3.398720638583329623e-01 1.309393826077410061e+01 4.572626857885448844e+05
3.499599720155747717e-01 1.299913771911218774e+01 3.981753045227686525e+05
3.603290904125951433e-01 1.292116791919045404e+01 3.471037643109251512e+05
3.709648175030367256e-01 1.283259543799717939e+01 3.029767651337179122e+05
3.819052562892434333e-01 1.275743304993894789e+01 2.639073315782531863e+05
3.930968971798956546e-01 1.268479704600537161e+01 2.301177219780244923e+05
4.045863456203353525e-01 1.261833682690509661e+01 2.006407961391868012e+05
4.163642959003667765e-01 1.254952981325918060e+01 1.754574459100483800e+05
4.284371102155700162e-01 1.249784939416426965e+01 1.529997514495796058e+05
4.407861465586882521e-01 1.244223089155272888e+01 1.336386117146472097e+05
4.534379622783042407e-01 1.239207872382840847e+01 1.168724925394663005e+05
4.663941563172539495e-01 1.234152553908711525e+01 1.022058262818097865e+05
4.796194759794910056e-01 1.229628811224498897e+01 8.928214358043801622e+04
4.931280666407904523e-01 1.225383315858475619e+01 7.813843480307277059e+04
5.069262750070068213e-01 1.221181835424076922e+01 6.838364293574786279e+04
5.210198149440600224e-01 1.217834995699092282e+01 5.986978397403729468e+04
5.354025311050999436e-01 1.213934284452421863e+01 5.250879059745682753e+04
5.500716854463739702e-01 1.210521847113353999e+01 4.605423081678803283e+04
5.650305138242220915e-01 1.207333380555102487e+01 4.027784269939553633e+04
5.802260940703428682e-01 1.204457697969975172e+01 3.528677608135241462e+04
5.952127718322229866e-01 1.201430940725583163e+01 3.113366312617643416e+04
6.096148759075376011e-01 1.199055033004671778e+01 2.758776215958692774e+04
6.234963609171889631e-01 1.196216249109177099e+01 2.462442042392171061e+04
6.371556777497411339e-01 1.193764416619682756e+01 2.199374441988973922e+04
6.506619964244250154e-01 1.191319934784832313e+01 1.973111641129967029e+04
6.641221582909958565e-01 1.188554934718415623e+01 1.766846685306064683e+04
6.776063696793068747e-01 1.185952812582166516e+01 1.582930676612106436e+04
6.911709365193929866e-01 1.183118427623774771e+01 1.419535034540066044e+04
7.048798217320574322e-01 1.180411012295829210e+01 1.274128665584193914e+04
7.187854882176352156e-01 1.177410329087929775e+01 1.142244223832469834e+04
7.329279607368793803e-01 1.174892599790921466e+01 1.023321875137858478e+04
7.473435898458185012e-01 1.171972260952926170e+01 9.164493060477479958e+03
7.620599940098233827e-01 1.169097719534602398e+01 8.194344139521061152e+03
7.771229093621810913e-01 1.166276186342516930e+01 7.326937015099193559e+03
7.925327442894366525e-01 1.163418398945531784e+01 6.539781280003950087e+03
8.083291299057748791e-01 1.160505296360124028e+01 5.828981761611117690e+03
8.245284257879855749e-01 1.157944652755089265e+01 5.193492301933440103e+03
8.411567270259686646e-01 1.155213057374010255e+01 4.611517681550867565e+03
8.579263185942742620e-01 1.152461167577413370e+01 4.115548652373256118e+03
8.749494059802639390e-01 1.149790800285730441e+01 3.668495161344574626e+03
8.922061964467465911e-01 1.146948222390584071e+01 3.263945120223452705e+03
9.096873066989313861e-01 1.144576558203752903e+01 2.905183586716098944e+03
9.274233528012953975e-01 1.142074823832687969e+01 2.586757405220000237e+03
9.454224218483932018e-01 1.139400134396384701e+01 2.302871219114335418e+03
9.636829393496645357e-01 1.137327095324536508e+01 2.048966182095054137e+03
9.822306659865075451e-01 1.134439439325203303e+01 1.824951641176065777e+03
1.001043481935252943e+00 1.132176256300502004e+01 1.624087358627622734e+03
1.020121333785284135e+00 1.129429577157662123e+01 1.444509685994484016e+03
1.039463987649537513e+00 1.126820025131857150e+01 1.286631138249462083e+03
1.059108888056754516e+00 1.124703629426201168e+01 1.143689223783780562e+03
1.078988473301884410e+00 1.122500867473578445e+01 1.016917850486907923e+03
1.099140065245144404e+00 1.119705094091564312e+01 9.052831844843634599e+02
1.119549198563922321e+00 1.117317339809601684e+01 8.052154913413301074e+02
1.140199137301955323e+00 1.115158459411892800e+01 7.162892217889743733e+02
1.161091279819936206e+00 1.112500306904134817e+01 6.367466881402801846e+02
1.182194687484306561e+00 1.110205327481977911e+01 5.663704612124422511e+02
1.203517196407901668e+00 1.107926769666645406e+01 5.039384193609714657e+02
1.225019907355337168e+00 1.105620860010409778e+01 4.485030438387175877e+02
1.246708737782957321e+00 1.103500280359565444e+01 3.992295517589927840e+02
1.268556263233648229e+00 1.101098831311019133e+01 3.553786222946436624e+02
1.290586865388122506e+00 1.098828738237726554e+01 3.152511018051808378e+02
1.312660043936267451e+00 1.096539177617182581e+01 2.820800792079666053e+02
1.334873057800380902e+00 1.094282529821340333e+01 2.513767891748504155e+02
1.357171065796687559e+00 1.092123314115882771e+01 2.238714366081667038e+02
1.379509301707490865e+00 1.089713435546188514e+01 1.998535865158262652e+02
1.401947424975130918e+00 1.087771814531936165e+01 1.782645155141642022e+02
1.424286783209784302e+00 1.085105903646135772e+01 1.593485004728393335e+02
1.446668743241104504e+00 1.082881914823702907e+01 1.423827469107103809e+02
1.469010538094378759e+00 1.080575270344555605e+01 1.274347561180585444e+02
1.491287936013875326e+00 1.078332634889452990e+01 1.139806785726328684e+02
1.513477707639372394e+00 1.076054148989532244e+01 1.020106091248589166e+02
1.535587747786005153e+00 1.073701400057383637e+01 9.135651557839625525e+01
1.557527900612132976e+00 1.071433900445285836e+01 8.190767709225559656e+01
1.579268540052334302e+00 1.069012536654527068e+01 7.356751141348010492e+01
1.600855752975349322e+00 1.066625856185732069e+01 6.613427855627453766e+01
1.622252811254589977e+00 1.064197998289162506e+01 5.945003751845209194e+01
1.643364525213485194e+00 1.061857582119784382e+01 5.345326571567384377e+01
1.664234169620758541e+00 1.059308716428915531e+01 4.819071182545646082e+01
1.684810248645475239e+00 1.056806868481747586e+01 4.331886384854248462e+01
1.705104623598726610e+00 1.054286182224478985e+01 3.926370196128147683e+01
1.725051888458837723e+00 1.051780406634415321e+01 3.545688675174589122e+01
1.744663598754646605e+00 1.049232438813121426e+01 3.194663898314811590e+01
1.763895472008387921e+00 1.046648891619711819e+01 2.890423682413958417e+01
1.782704087624084499e+00 1.043891487507437610e+01 2.624493482152345081e+01
1.801129850242718877e+00 1.041269489871198672e+01 2.389580427653158523e+01
