2.191799393465098389e-01 1.550982308316407554e+01 3.683535669800713658e+06
2.265904797673403137e-01 1.523598414085373420e+01 3.159293920678019989e+06
2.342833108022281952e-01 1.496728757304312829e+01 2.673832889535752125e+06
2.422869115760886150e-01 1.472733307696438843e+01 2.278257535695341416e+06
2.505746932935427052e-01 1.449656619279898884e+01 1.937687500678518554e+06
2.591774442458182337e-01 1.429500061521943266e+01 1.645152397876084782e+06
2.681010672460243383e-01 1.410027888180959010e+01 1.400264191344989697e+06
2.773456919063101989e-01 1.392287643995161694e+01 1.193890819036678877e+06
2.869234218273634118e-01 1.375607443312784461e+01 1.014792859758899896e+06
2.968308510659372623e-01 1.360087438792340819e+01 8.561526155011391966e+05
3.070757571042569412e-01 1.346128246455269206e+01 7.369185280095640337e+05
3.177001864498390504e-01 1.333253858003096681e+01 6.271502009101831354e+05
3.286290017242450290e-01 1.320748661653274070e+01 5.354877868299509864e+05
3.399309029706354957e-01 1.309353122169679295e+01 4.564268074656126555e+05
3.516103023993113474e-01 1.298744851840632641e+01 3.904244542023405666e+05
3.636500784041538648e-01 1.288712728079499570e+01 3.323627873051324859e+05
3.760494145788557119e-01 1.279560259419723245e+01 2.841725582743801060e+05
3.888380464474022746e-01 1.271229608691899138e+01 2.423206043822918728e+05
4.020133609463413249e-01 1.263364464250527419e+01 2.071170763040534221e+05
4.155711591157175699e-01 1.256070331789661232e+01 1.768543972540865943e+05
4.294858397532848593e-01 1.249310960050198993e+01 1.513457268927395635e+05
4.438143264040465552e-01 1.242858797164302587e+01 1.293813015531796118e+05
4.585352144685087561e-01 1.237158923478951067e+01 1.106157147287060798e+05
4.736146182617034794e-01 1.231684055922261045e+01 9.489389430491787789e+04
4.890940753578407185e-01 1.226637777922155692e+01 8.115406021859472094e+04
5.049402806946352573e-01 1.221966612857779921e+01 6.970114642590694712e+04
5.211867700707092377e-01 1.217672507426808259e+01 5.982513575198942272e+04
5.378176752176236919e-01 1.213391593462431217e+01 5.126793669059783861e+04
5.548320433104898530e-01 1.209635025962319332e+01 4.404318358311057091e+04
5.721989701610170620e-01 1.205973883350194775e+01 3.785131024724865711e+04
5.897228833536488635e-01 1.202744093076568710e+01 3.260293722056453043e+04
6.064023871689788736e-01 1.199726179738083154e+01 2.832901940840193492e+04
6.223661023284445815e-01 1.196372527815426956e+01 2.472552104343163592e+04
6.379215283320976981e-01 1.193598567901558383e+01 2.185683766793082395e+04
6.532168744079694944e-01 1.190402852214264939e+01 1.927404516235228220e+04
6.684333673635545203e-01 1.187320603882710301e+01 1.701146953129991743e+04
6.836675354615225908e-01 1.184241099431605448e+01 1.504796314365041690e+04
6.990825326556137087e-01 1.181130870400570032e+01 1.328961388178563175e+04
7.145935712650001159e-01 1.177793028421410604e+01 1.174026519700216522e+04
7.304132464135133507e-01 1.174410223333449999e+01 1.037140221119334274e+04
7.465670348151474123e-01 1.171034298083230318e+01 9.135386307474162095e+03
7.631038672501987419e-01 1.167395659762102689e+01 8.065034479340761209e+03
7.800615240107686699e-01 1.164076653065349554e+01 7.093673055757702059e+03
7.974852556080542776e-01 1.160841139525088295e+01 6.233073067714697572e+03
8.154019711504387757e-01 1.157452523712362336e+01 5.465764551553065758e+03
8.338324196881319317e-01 1.154119657448179481e+01 4.789210329051898952e+03
8.528272974955291019e-01 1.150823387117531382e+01 4.190569447274820959e+03
8.723799129677570763e-01 1.147580308059158583e+01 3.659954838723915600e+03
8.925145471416600085e-01 1.144306680805445353e+01 3.193436436460190635e+03
9.132421698800569088e-01 1.141726933046749615e+01 2.785083246085079736e+03
9.345677996070154148e-01 1.138426722071217156e+01 2.421234562975683275e+03
9.565032018117590740e-01 1.135295868567176925e+01 2.108373552414128881e+03
9.790498559231669562e-01 1.132311040785632628e+01 1.820365668125544062e+03
1.002190478325630796e+00 1.129572796208589658e+01 1.589556675340359106e+03
1.025925259173326998e+00 1.127125691248152073e+01 1.379173868316663402e+03
1.050250637010874177e+00 1.124331061451142233e+01 1.188558118901301896e+03
1.075144261319927352e+00 1.121677873558841476e+01 1.036803153942630843e+03
1.100594152770060896e+00 1.119406753404514099e+01 8.980987704014353312e+02
1.126587547586429983e+00 1.116916703795976495e+01 7.769754495460778116e+02
1.153081961341185124e+00 1.114762303053929315e+01 6.732263603369240172e+02
1.180055942805491753e+00 1.112266901079658155e+01 5.833698479108128367e+02
1.207497031533075305e+00 1.110129423077396638e+01 5.050102630259714829e+02
1.235017571349948717e+00 1.107975401376473990e+01 4.378864598672325315e+02
1.262110505929370463e+00 1.106057980280338704e+01 3.794977017033669426e+02
1.288730787371672015e+00 1.103795121313173411e+01 3.336047376162683804e+02
1.314915283064555629e+00 1.101972972377445714e+01 2.919993558201096562e+02
1.340603975365471268e+00 1.099530702971843255e+01 2.566828408075557491e+02
1.365877543760265711e+00 1.097464217760105498e+01 2.259353843452980755e+02
1.390692899306326114e+00 1.095036407100096909e+01 1.993471077081580347e+02
1.415053909965292123e+00 1.092602367813871922e+01 1.763207643517050940e+02
1.438946255621624815e+00 1.090043642891310682e+01 1.563420786984298729e+02
1.462412695301447574e+00 1.087433960827023682e+01 1.380303596134280610e+02
1.485379090307711314e+00 1.084696447059420699e+01 1.231517994099133375e+02
1.507893394408529542e+00 1.081887102621611341e+01 1.096492891917837369e+02
1.529934357295972935e+00 1.079057453457062721e+01 9.777097505617885531e+01
1.551477257976976443e+00 1.075992153910291194e+01 8.722739604896140975e+01
1.572543219591633790e+00 1.072870642147094067e+01 7.798377255963893617e+01
1.593101310715046459e+00 1.069639919900733993e+01 6.983792742637328388e+01
1.613161581248422349e+00 1.066335399896997238e+01 6.258028037792701070e+01
1.632699224926076553e+00 1.063011317907325370e+01 5.613787590428743357e+01
1.651670410290465130e+00 1.059497942482834176e+01 5.048375212147576718e+01
1.670107087101808441e+00 1.055909703796591081e+01 4.541925328640379433e+01
1.688008141862558986e+00 1.052275684003114975e+01 4.092056542852839840e+01
1.705337703768254665e+00 1.048464229575343687e+01 3.695061030135612157e+01
1.722077257572366848e+00 1.044618485256421359e+01 3.335814322590570669e+01
1.738245562690417190e+00 1.040757246629362953e+01 3.017003942537261807e+01
1.753826646730405114e+00 1.036704416351494373e+01 2.723748437222904784e+01
1.768981931061105684e+00 1.032691187499732877e+01 2.474841694804327119e+01
1.783320875535580052e+00 1.028528924094861630e+01 2.248957844338873002e+01
1.796932880778823183e+00 1.024277611877649008e+01 2.048288948792574260e+01
1.810083774942091495e+00 1.020057224420910025e+01 1.864496482662998034e+01
1.822588693653659719e+00 1.015626248882138682e+01 1.699484807710617673e+01
1.834573169761912537e+00 1.011319901223121498e+01 1.550968369293525129e+01
1.845726696539994105e+00 1.006768648970710345e+01 1.416012820891094570e+01
1.856345542232434642e+00 1.002251952356364129e+01 1.299613842346796666e+01
1.866318191928936443e+00 9.976987580536180289e+00 1.192047251063011082e+01
1.875670266618421955e+00 9.930842425625295178e+00 1.094895220974302497e+01
1.884380420104621479e+00 9.884440409634333236e+00 1.004056450536487688e+01
1.892571940378384499e+00 9.837719963987112237e+00 9.264632082718209816e+00
1.899934958995011858e+00 9.789550269095840918e+00 8.527029062631559242e+00
