2.191799393465098389e-01 1.550982308316407554e+01 3.683535669800713658e+06
2.251719361550271470e-01 1.528285405197179081e+01 3.237377284981369972e+06
2.313611318470605860e-01 1.508665498827888030e+01 2.828983563895748463e+06
2.377433204261769351e-01 1.485813959199911238e+01 2.492336102882809937e+06
2.443292940959456983e-01 1.466601959733412386e+01 2.178018882744946983e+06
2.511056368616305101e-01 1.449266936046396914e+01 1.914491211017991416e+06
2.580894539876568694e-01 1.432273060196927439e+01 1.682408976506791310e+06
2.652816198096666356e-01 1.415400965713040016e+01 1.477120605540508870e+06
2.726858065995272917e-01 1.402472539683175157e+01 1.298036918185626157e+06
2.803077739440257843e-01 1.386817695862105815e+01 1.134555785069017671e+06
2.881486670262125016e-01 1.374294816949866949e+01 9.985919329715649365e+05
2.962120711617613478e-01 1.361375207760207928e+01 8.728998507538853446e+05
3.044894443717022781e-01 1.349303251062620568e+01 7.677372357256985269e+05
3.130026488873142720e-01 1.337934750889965940e+01 6.732843190723718144e+05
3.217453152830971885e-01 1.328710824678482361e+01 5.923399211935048224e+05
3.307262680991649439e-01 1.318133191673311266e+01 5.203196503998991102e+05
3.399401841646796374e-01 1.309341642001453465e+01 4.575070125703564845e+05
3.493952220409348719e-01 1.300340025342012318e+01 4.022439719838816673e+05
3.590936091002104869e-01 1.292449514501583430e+01 3.529138934903742629e+05
3.690406084003166054e-01 1.284946721598226915e+01 3.102301702374800225e+05
3.792333612969698842e-01 1.277601760444908940e+01 2.728924442298947251e+05
3.896634515181912062e-01 1.270669882902043213e+01 2.400721246415135975e+05
4.003541854755880980e-01 1.264222062418483006e+01 2.111566243639651511e+05
4.112984276066634082e-01 1.258183547742878261e+01 1.861489817393039702e+05
4.224828042668897221e-01 1.252692760179763631e+01 1.636675436976185010e+05
4.339396632351218974e-01 1.247285913041607408e+01 1.441153619194923958e+05
4.456485596711399766e-01 1.242247577392629232e+01 1.269947040742599784e+05
4.576027892305975509e-01 1.237411549436045277e+01 1.117887424521879875e+05
4.698275227381777386e-01 1.233083063486989417e+01 9.856873032359362696e+04
4.822786731490155687e-01 1.228755911670583068e+01 8.589317353387812909e+04
4.950105250342906604e-01 1.224746018904869160e+01 7.657185528288582282e+04
5.079830757806884645e-01 1.221075789889906638e+01 6.767790038760458992e+04
5.212138540856040558e-01 1.217371192669904723e+01 5.972940559201785800e+04
5.346987019643021366e-01 1.214106547340410103e+01 5.276916487844644871e+04
5.484364528883668433e-01 1.210939903290420361e+01 4.662002378487959504e+04
5.624276677027095772e-01 1.207976555308981759e+01 4.123097142394922412e+04
5.766387886332411394e-01 1.205308101331930537e+01 3.609681198499241873e+04
5.910795910634040196e-01 1.202335523996785760e+01 3.224831416123978852e+04
6.057819768792280790e-01 1.199860935101076542e+01 2.850356108624850094e+04
6.207746126527012853e-01 1.197460509673046580e+01 2.511296241925761569e+04
6.361797228960501815e-01 1.195069599860740261e+01 2.232120390763826072e+04
6.519791621902681911e-01 1.192941159914129834e+01 1.975534809877899170e+04
6.682214837911526484e-01 1.190871102418390670e+01 1.743514617993525826e+04
6.850194895906738246e-01 1.188889118005631396e+01 1.540753837780282629e+04
7.023826764049138083e-01 1.187020822341287385e+01 1.356806746220708192e+04
7.203422007340695155e-01 1.185364315143730174e+01 1.193225426035770943e+04
7.389130800895414852e-01 1.183808801826793555e+01 1.050091237121098675e+04
7.581076318726811536e-01 1.182651936331395071e+01 9.223550303973292102e+03
7.779852832909681659e-01 1.181434675780434418e+01 8.080833089767206729e+03
7.985613208927235807e-01 1.180222369395738369e+01 7.086809761576786514e+03
8.198341039396235264e-01 1.179446046220195754e+01 6.199198774432299615e+03
8.415955072225654865e-01 1.178787597084596328e+01 5.435548320212892577e+03
8.632896519169798166e-01 1.178059244987599463e+01 4.768064019222679235e+03
8.849174258694795236e-01 1.177507657136487929e+01 4.204168579485294686e+03
9.065150398748481608e-01 1.177043760950247986e+01 3.706821405631958442e+03
9.281363674658925644e-01 1.176428373730723997e+01 3.281357927931241647e+03
9.498026426843797498e-01 1.176166119371806218e+01 2.905181073813754665e+03
9.715744660521870024e-01 1.175617830192689794e+01 2.575584497647890657e+03
9.933696794203669134e-01 1.175137342446627109e+01 2.288642093572245813e+03
1.015279428954635188e+00 1.174678960324740196e+01 2.033589182747594123e+03
1.037321068006374469e+00 1.174692046678315371e+01 1.808744831991422188e+03
1.059513028290446357e+00 1.173671028889319601e+01 1.610940438050733064e+03
1.081838123601101875e+00 1.173141687308353553e+01 1.424067544818983833e+03
1.104319292521347196e+00 1.172606265081216570e+01 1.277435282644398740e+03
1.126940941601884072e+00 1.172130544887474812e+01 1.136095416868980237e+03
1.149728865958709489e+00 1.171381088080407373e+01 1.016758230662669121e+03
1.172676156002056880e+00 1.170821976922567664e+01 9.075824029304579881e+02
1.195793692272658193e+00 1.170213740651380085e+01 8.099026453299503601e+02
1.219051255780607246e+00 1.169451604298548375e+01 7.235428727181545128e+02
1.242475073497383065e+00 1.168919983421842801e+01 6.457445114818798402e+02
1.266127853151700178e+00 1.168259734315014065e+01 5.770547218079293543e+02
1.289742052444990517e+00 1.167404096985110051e+01 5.165143315780801458e+02
1.313583104835584381e+00 1.166906349103978435e+01 4.618374040263853999e+02
1.337550856967939739e+00 1.165752161434287082e+01 4.130063327090363714e+02
1.361615793028640331e+00 1.164925180048199849e+01 3.698378377791972298e+02
1.385774750353127693e+00 1.164090448975552761e+01 3.313852492063697355e+02
1.410028666826912414e+00 1.163434020015980686e+01 2.965942842949096416e+02
1.434340807572302978e+00 1.162565949325346359e+01 2.658352864695715994e+02
1.458712973492240605e+00 1.161341288482722867e+01 2.384288099048953313e+02
1.483116794833124530e+00 1.160384527125884979e+01 2.136810592113642997e+02
1.507544754402292408e+00 1.159311775358154861e+01 1.919086181388274497e+02
1.531963486394190443e+00 1.158253774641367251e+01 1.722200963583559599e+02
1.556437973704073441e+00 1.157106190903576781e+01 1.548859129495649825e+02
1.580725193567574349e+00 1.156047147914863338e+01 1.391603571344878674e+02
1.605118914486984183e+00 1.154958127954168035e+01 1.248207672594756303e+02
1.629246624807079602e+00 1.153640122672446822e+01 1.125917643738366820e+02
1.653355174740465561e+00 1.152244535533063718e+01 1.014554203635368737e+02
1.677347845124529613e+00 1.150930290037698711e+01 9.141496462173674331e+01
1.701189377014674653e+00 1.149573302410174769e+01 8.247663428254710993e+01
1.724864654393336361e+00 1.148136016561026551e+01 7.406427070047622863e+01
1.748350794805206831e+00 1.146762663092422940e+01 6.719233396347777898e+01
1.771623200207752546e+00 1.145158120923532508e+01 6.072944419077388289e+01
1.794713277446305488e+00 1.143628799681712671e+01 5.482956099370838388e+01
1.817434579318045529e+00 1.141932431066907228e+01 4.977190485179747270e+01
1.839952181730827530e+00 1.140288256148791213e+01 4.511084091404275398e+01
1.862164768575060636e+00 1.138537944631395327e+01 4.088403358385429698e+01
1.884060572978935921e+00 1.136846473145502401e+01 3.711959745747574146e+01
1.905621622147020355e+00 1.134948096713139520e+01 3.360506066329931940e+01
1.926824969514395747e+00 1.133069535028969810e+01 3.068456742380035251e+01
1.947653020528175238e+00 1.131184129925467197e+01 2.784771110008363593e+01
