2.191799393465098389e-01 1.550982308316407554e+01 3.683535669800713658e+06
2.273029672958789271e-01 1.519822946909159178e+01 3.082094471415141132e+06
2.357728707598975293e-01 1.491701365905468890e+01 2.587651138869803399e+06
2.446082783835200614e-01 1.465688482099315415e+01 2.165378038513575681e+06
2.537976168657603560e-01 1.442268876053250004e+01 1.819830098602177342e+06
2.633643729593940219e-01 1.419253934213631396e+01 1.524433764522678684e+06
2.733148624549734951e-01 1.399731450944324607e+01 1.276509580994087737e+06
2.836583836184274343e-01 1.380968925473429110e+01 1.072438384851405397e+06
2.943988292099015691e-01 1.363987046519507196e+01 8.989634075909022940e+05
3.055443972436308053e-01 1.348009362894828911e+01 7.553910356164496625e+05
3.171136819499706383e-01 1.333617154650146830e+01 6.343450874756284757e+05
3.290923188686888379e-01 1.319785740695086673e+01 5.325394623385010054e+05
3.415254173716893993e-01 1.307891202769036099e+01 4.471810746400132193e+05
3.543565500069988938e-01 1.296636016290411497e+01 3.754505555671786424e+05
3.676432408128124663e-01 1.285069285688924978e+01 3.160802021616377751e+05
3.814015469270103376e-01 1.275940648170748482e+01 2.652603231431895983e+05
3.955831404002710383e-01 1.267353446191445165e+01 2.233543266840119031e+05
4.102395328731631707e-01 1.258899298670599265e+01 1.880891166124587762e+05
4.253481165991270241e-01 1.251266031912170895e+01 1.582106455501389864e+05
4.408963894739776901e-01 1.244501010742440883e+01 1.333749033860953641e+05
4.569380576314073239e-01 1.237739294745034435e+01 1.126600530795857194e+05
4.734451558454953468e-01 1.231927101914236289e+01 9.491459732285796781e+04
4.904021434412588754e-01 1.226223370745211305e+01 8.013478353434990277e+04
5.078095786295980796e-01 1.221260356926364210e+01 6.775723773639819410e+04
5.256902437678617757e-01 1.216350833959925204e+01 5.728911407277342369e+04
5.440305885000144004e-01 1.211937431727358394e+01 4.850942877743535792e+04
5.628304655490949937e-01 1.207948960413080819e+01 4.106068257003168401e+04
5.820327582604660765e-01 1.204203374197019372e+01 3.475278036223524396e+04
6.011828638781726575e-01 1.200515118995785357e+01 2.966303123258266351e+04
6.200930219627741602e-01 1.197154114051498297e+01 2.510823048563092379e+04
6.389984483451737196e-01 1.194185199284911825e+01 2.175427590696416883e+04
6.581218907295676157e-01 1.190829555065033141e+01 1.870077277103163215e+04
6.776425382708484157e-01 1.187901623821622543e+01 1.606189588532957532e+04
6.975517911035823415e-01 1.184930394018310906e+01 1.379005910332340682e+04
7.180924263502308502e-01 1.181841596841649533e+01 1.183796553939451951e+04
7.392532386930238397e-01 1.179060851839820678e+01 1.013538792878768800e+04
7.611543400380409441e-01 1.176335511423581792e+01 8.666990582784334038e+03
7.838477399983546645e-01 1.173754174564178321e+01 7.399800910713756821e+03
8.073751047913528822e-01 1.171045925542410338e+01 6.304084506510961546e+03
8.317829920298537294e-01 1.168847497217212350e+01 5.373663222794762987e+03
8.571263540364459921e-01 1.166507359853667758e+01 4.560204892322464730e+03
8.833924329486476656e-01 1.164579525532528770e+01 3.875879602977563081e+03
9.106416144821032344e-01 1.162666830557616038e+01 3.279343774224810204e+03
9.388685234313568495e-01 1.161005049319505567e+01 2.775649861301729288e+03
9.680879275438529774e-01 1.159432579630626314e+01 2.346094206321049114e+03
9.983037587390946044e-01 1.158309422825251112e+01 1.967213477895039659e+03
1.029504789755657290e+00 1.156766647998981945e+01 1.672208145859911156e+03
1.061683315920832094e+00 1.155702132997666176e+01 1.409936476224697572e+03
1.094825167514920095e+00 1.155011639341386775e+01 1.187049709316124563e+03
1.128530281887335063e+00 1.154156768509786524e+01 1.003056815557121809e+03
1.162173135737477381e+00 1.153499407487246131e+01 8.502346971095661274e+02
1.195773009887334482e+00 1.153060881771316204e+01 7.229458078449068807e+02
1.229234010040424430e+00 1.152186643545070943e+01 6.128907501553619568e+02
1.262648455341825349e+00 1.151814824589449948e+01 5.269373515975998998e+02
1.295957303163281837e+00 1.151065329547964389e+01 4.512349085423491033e+02
1.329207805026473066e+00 1.149929531151216366e+01 3.874724268683255559e+02
1.362329505822331255e+00 1.148996519750478207e+01 3.331963433877535294e+02
1.395332330657633513e+00 1.148020800198056079e+01 2.870586996689140165e+02
1.428240190578749180e+00 1.146880171740456866e+01 2.474120350224651190e+02
1.460925217857084624e+00 1.145597508051825919e+01 2.141890722420021405e+02
1.493430028992905445e+00 1.144412685487499459e+01 1.852999791208580405e+02
1.525736508517661738e+00 1.143064286135829910e+01 1.606945316619472806e+02
1.557751994046790101e+00 1.141500972375961176e+01 1.393445444173566159e+02
1.589495247316798476e+00 1.140064060422252368e+01 1.211766453951068456e+02
1.620903301909861538e+00 1.138181588336956551e+01 1.054902025926569991e+02
1.652011918389202583e+00 1.136385095987822069e+01 9.195160791722224758e+01
1.681949081385349043e+00 1.134434306301293383e+01 8.056417961903025571e+01
1.708675348376174297e+00 1.132285260133034654e+01 7.128274924645013755e+01
1.732132408596035900e+00 1.129806778231521669e+01 6.378370971824850244e+01
1.752637368966409426e+00 1.126972626792666787e+01 5.754683159080633459e+01
1.770466702098046685e+00 1.123768191888287937e+01 5.222698320027600261e+01
1.785883441761647150e+00 1.120255781099300130e+01 4.770968416882821117e+01
1.799206772857206538e+00 1.116442663093963361e+01 4.377147656472233450e+01
1.810298317106409316e+00 1.112251160425055652e+01 4.045423769427320337e+01
1.819692908902401873e+00 1.107822642102417809e+01 3.745349758675104823e+01
1.827537654076011542e+00 1.103085197166081421e+01 3.481530815708042326e+01
1.833631450952322384e+00 1.098011050944814926e+01 3.246279616510756227e+01
1.838428865665388212e+00 1.092747175867133258e+01 3.037791023498911969e+01
1.841951939796977467e+00 1.087335473228400140e+01 2.846629270150724977e+01
1.844252750555393838e+00 1.081664002068826314e+01 2.673611623600089615e+01
1.845568299824644098e+00 1.075894437573535001e+01 2.519294424515879882e+01
1.845645871035228591e+00 1.069856309249207982e+01 2.375773365067450271e+01
1.844867451263883851e+00 1.063643807614682224e+01 2.246135770759740780e+01
1.843207388330948993e+00 1.057325616504501298e+01 2.126123101217145361e+01
1.840733716492285010e+00 1.050927313593978774e+01 2.018432253127877374e+01
1.837482707921607616e+00 1.044348923713780053e+01 1.915811253608660891e+01
1.833513549212828719e+00 1.037653031925939828e+01 1.822975168400286350e+01
1.828960394221149643e+00 1.030958951402119972e+01 1.735086195953062571e+01
1.823600034072013543e+00 1.024067947489204577e+01 1.655697996638055969e+01
1.817757273948146013e+00 1.017141453057546308e+01 1.579753985689828077e+01
1.811495986963240101e+00 1.010188492124524551e+01 1.512568295076772706e+01
1.804474054329701316e+00 1.003100591589264390e+01 1.447278505429741280e+01
1.797320628396867237e+00 9.961688022934154674e+00 1.382778313541508908e+01
1.789351250808083993e+00 9.889849019149565379e+00 1.326475469327216139e+01
1.781037555631384439e+00 9.819035104873904629e+00 1.275745761833970526e+01
1.772407952680891130e+00 9.746223848588789096e+00 1.231135289134891941e+01
1.763423616332483013e+00 9.674960330701500411e+00 1.181201072229494464e+01
1.754239172888928389e+00 9.603656431342351141e+00 1.137636661405720240e+01
1.744466431839416076e+00 9.531917109076749384e+00 1.099544825700374950e+01
1.734566700145484086e+00 9.460433655074021786e+00 1.062266821822044172e+01
