2.191799393465098389e-01 1.550982308316407554e+01 3.683535669800713658e+06
2.257398977566803799e-01 1.525469402384489470e+01 3.197449984656091779e+06
2.324977379302112235e-01 1.502656941359328080e+01 2.776468488496410195e+06
2.395008928535269921e-01 1.480257099906978446e+01 2.402001773689753376e+06
2.467390995729073222e-01 1.460181404915898540e+01 2.083446808091380168e+06
2.542156628814428165e-01 1.440896443485053524e+01 1.802126014991449891e+06
2.619387799549557916e-01 1.422429055208807469e+01 1.562657623481517890e+06
2.699119731808327649e-01 1.406289147954052865e+01 1.354242602312981151e+06
2.781400601805651962e-01 1.393810176136369172e+01 1.175007669382372405e+06
2.866352331973833212e-01 1.376416654784265070e+01 1.009568064565883018e+06
2.953739969355975159e-01 1.365626499618248069e+01 8.754589380442070542e+05
3.043874989395865538e-01 1.349665666106623796e+01 7.684294423544788733e+05
3.136857089829782064e-01 1.337781738597128722e+01 6.670325215096685570e+05
3.232348962040474394e-01 1.326183274084671737e+01 5.792935176889367867e+05
3.330772264773263491e-01 1.315924668808780496e+01 5.035313897843508166e+05
3.431999529288433659e-01 1.305990918888813823e+01 4.375944997310203617e+05
3.536033978236378661e-01 1.297138824794819101e+01 3.791064683370174025e+05
3.643219661470651904e-01 1.288485677099828486e+01 3.298788443817706429e+05
3.752877775093089729e-01 1.280042983500019282e+01 2.868984466311224387e+05
3.865755236097458414e-01 1.272538725838129636e+01 2.489765643009205814e+05
3.981586008710480962e-01 1.265591727471016092e+01 2.168875866886947479e+05
4.100474620402946302e-01 1.259309966231267452e+01 1.884290125721658405e+05
4.222111337294648381e-01 1.252860851266119901e+01 1.641102338400171429e+05
4.347065963130793964e-01 1.246999718944206137e+01 1.428379367108375009e+05
4.474929545944889564e-01 1.241575551355453833e+01 1.245119877508874924e+05
4.605944149266470444e-01 1.236316952458157914e+01 1.084048901310029323e+05
4.739770862582527999e-01 1.231564451876892186e+01 9.436833322863410285e+04
4.876787045687849820e-01 1.227136891305462285e+01 8.235849212943243037e+04
5.016544491443590825e-01 1.222874353558166938e+01 7.191916115148710378e+04
5.159505309556710051e-01 1.218907665964726483e+01 6.279009948061082105e+04
5.305502662424271820e-01 1.215023628506458486e+01 5.480474521722542704e+04
5.454498777341758586e-01 1.211555025295374399e+01 4.789108917479184311e+04
5.606502868728834299e-01 1.207994152751418149e+01 4.190615273335818347e+04
5.761198151666668821e-01 1.205418545406159225e+01 3.621256143473852717e+04
5.916530769812758939e-01 1.202367451685893229e+01 3.207834212717174523e+04
6.066649511862418631e-01 1.199684561183753218e+01 2.828506928994431291e+04
6.213432593110291835e-01 1.196886314795052719e+01 2.506796980843132405e+04
6.358271241639150695e-01 1.194301885190639467e+01 2.228957818472744839e+04
6.502730485115376657e-01 1.191485418979813815e+01 1.982569854003582441e+04
6.647132921771500280e-01 1.189013456765476562e+01 1.762353369374385875e+04
6.792777918213924737e-01 1.186330121013502392e+01 1.571252465561252393e+04
6.940153590047192234e-01 1.183781923136523595e+01 1.400012549240270346e+04
7.089816759318238182e-01 1.181126034741538611e+01 1.246973501550919354e+04
7.242345048756404502e-01 1.178247993593782894e+01 1.110040242701444731e+04
7.398127364771766024e-01 1.175669926762717665e+01 9.863475384801886321e+03
7.557457389787708424e-01 1.173287174326226534e+01 8.758744589322124739e+03
7.720748906394032662e-01 1.170522366532519776e+01 7.779329154198497235e+03
7.888270666559366040e-01 1.167849220920663811e+01 6.898785465610656502e+03
8.060308551371868635e-01 1.165346906248240977e+01 6.114030958173552790e+03
8.236980826988135052e-01 1.162958756949512384e+01 5.402263548608425481e+03
8.418533051995642502e-01 1.160520991642323096e+01 4.776062037112766120e+03
8.602327702148399036e-01 1.158068489315094851e+01 4.227198764965420196e+03
8.787017827050074281e-01 1.155756335804367119e+01 3.739815283894370623e+03
8.973008580825113656e-01 1.153468458803539498e+01 3.315871423889230300e+03
9.160102372485969813e-01 1.151270417822398251e+01 2.938035971172959762e+03
9.348743823005312148e-01 1.148868727525932165e+01 2.608443036315065001e+03
9.539049755740470760e-01 1.146694994748616558e+01 2.316361413675053427e+03
9.731190858605742733e-01 1.144396920357125147e+01 2.055834736939113100e+03
9.925127175698350568e-01 1.142386173211818523e+01 1.825218894254940778e+03
1.012096807270775667e+00 1.140213781726425957e+01 1.621512395103764675e+03
1.031876942025721000e+00 1.137731987678928469e+01 1.440436520664118234e+03
1.051870975691805432e+00 1.135341258256612207e+01 1.280376423304095624e+03
1.072079882677180240e+00 1.133216441946088260e+01 1.138147962604960185e+03
1.092480216500359091e+00 1.130845078066205645e+01 1.011850018926563735e+03
1.113076261350121277e+00 1.129000941597610108e+01 9.009072105978971194e+02
1.133871798450537982e+00 1.126371734347874209e+01 8.012240890196738974e+02
1.154857129926852188e+00 1.124059488695112741e+01 7.111957532472570165e+02
1.176029594851905058e+00 1.121877982529420947e+01 6.323031872483313691e+02
1.197378249893572111e+00 1.119832431130899231e+01 5.600490112971530152e+02
1.218969094675184106e+00 1.117333478567682725e+01 4.999159331106626496e+02
1.240528925060319310e+00 1.115083859074518635e+01 4.454414395435491087e+02
1.262311035168262929e+00 1.112897273711262613e+01 3.963852260430107322e+02
1.284284031700739348e+00 1.110348400918750222e+01 3.529034980253390472e+02
1.306242281638608338e+00 1.108018758058369535e+01 3.142620628357577175e+02
1.328318671094873116e+00 1.105835895096913113e+01 2.801811539558059394e+02
1.350500580999341338e+00 1.103350201271518927e+01 2.496088026109166549e+02
1.372662983164635753e+00 1.100943526793780691e+01 2.228702932269618486e+02
1.394947267224761367e+00 1.098652986601111259e+01 1.986153462323964618e+02
1.417186746384487162e+00 1.096290554859201904e+01 1.771788027632778721e+02
1.439297302834303904e+00 1.093877149707793350e+01 1.576436210860912581e+02
1.461447078434803259e+00 1.091444743183368438e+01 1.410084841998447303e+02
1.483585957087302010e+00 1.088974744129583883e+01 1.266127672141588931e+02
1.505576027518150006e+00 1.086509146566829287e+01 1.127480380028433302e+02
1.527440446607593705e+00 1.083994025586765808e+01 1.014910041426278013e+02
1.549122631611921097e+00 1.081414172010385677e+01 9.104074368478482882e+01
1.570692011955103329e+00 1.078843976119180148e+01 8.163633791488969393e+01
1.592051147212542039e+00 1.076317903274912524e+01 7.336240468651327262e+01
1.613252480821251167e+00 1.073699988531836702e+01 6.582256974106725522e+01
1.634127920342176576e+00 1.071060329921518317e+01 5.918376556981996828e+01
1.654778099281126291e+00 1.068369002749300023e+01 5.332393097890970779e+01
1.675132015622914805e+00 1.065775716602232492e+01 4.804296071181345695e+01
1.695189693909426865e+00 1.062940005606150606e+01 4.331912328251563338e+01
1.714913987204756518e+00 1.060157497828023487e+01 3.910960304935969134e+01
1.734329613476549126e+00 1.057400778803338603e+01 3.523187974116950016e+01
1.753276446267233890e+00 1.054536208636088190e+01 3.198076349481413061e+01
1.771881314608463764e+00 1.051549006115084772e+01 2.885705228856472004e+01
1.790066737145677767e+00 1.048608889306298408e+01 2.626830647025773047e+01
1.807825569974569557e+00 1.045701513769133584e+01 2.384693242760752696e+01
1.825134404339862071e+00 1.042661679163165545e+01 2.168335457460454663e+01
1.841982064271291630e+00 1.039578102465616460e+01 1.968899894239612536e+01
