2.191799393465098389e-01 1.550982308316407554e+01 3.683535669800713658e+06
2.247538578600003223e-01 1.530542259078849909e+01 3.273752480862389784e+06
2.304649136030536560e-01 1.508958727665685906e+01 2.887579304116742685e+06
2.363623759159025062e-01 1.489950679498958408e+01 2.552377107706815004e+06
2.424303516622685617e-01 1.474143358236526780e+01 2.280593044070910197e+06
2.486579903619970666e-01 1.454653312729013948e+01 2.004894914076708723e+06
2.550664942164637683e-01 1.438784389229191163e+01 1.777470696626353310e+06
2.616533099566294429e-01 1.422841139774778085e+01 1.571730132425953634e+06
2.684226654336587803e-01 1.409277014007980355e+01 1.392251076480105752e+06
2.753754149466088319e-01 1.395191413630745103e+01 1.236753874384364812e+06
2.825173854010439856e-01 1.382708693033769620e+01 1.094459565475771204e+06
2.898493153278816070e-01 1.371191842642701708e+01 9.683383519202192547e+05
2.973618461849802386e-01 1.359019451676769386e+01 8.586153100111855892e+05
3.050789239517270324e-01 1.348632709779065308e+01 7.586554451734649483e+05
3.129922545071424089e-01 1.338262138804235946e+01 6.748345036695088493e+05
3.211081308397504830e-01 1.328923487085986466e+01 5.979900448357884306e+05
3.294154423378494734e-01 1.320186559379873792e+01 5.288324328459952958e+05
3.379276413174632232e-01 1.310970652771504952e+01 4.699203983376777032e+05
3.466500029508660652e-01 1.303061349110245537e+01 4.165301293259045924e+05
3.555989364907205519e-01 1.295402697818948923e+01 3.694936546201125602e+05
3.647354921406815720e-01 1.287906191588920457e+01 3.278212284162521246e+05
3.740748049463301084e-01 1.280995387015114417e+01 2.907604451773259207e+05
3.836530031188380985e-01 1.274445890396538772e+01 2.582856619922451500e+05
3.934270254567160952e-01 1.268671524077376311e+01 2.291506943194711930e+05
4.034257130473101194e-01 1.262587456278987119e+01 2.033653396023215319e+05
4.136374225462782217e-01 1.257110823254553189e+01 1.807730166947811667e+05
4.240803802591613936e-01 1.252060159727014188e+01 1.606791463898949442e+05
4.347396467609755955e-01 1.246910369219173198e+01 1.429498118225325597e+05
4.456127401822701506e-01 1.242056653893055795e+01 1.270068934280777758e+05
4.567009129657979005e-01 1.237803409055158355e+01 1.128451485112499795e+05
4.680285049127214103e-01 1.233784423116597928e+01 1.002743746487473982e+05
4.795616142484015465e-01 1.229744479685193070e+01 8.930389498489962716e+04
4.913099907809149181e-01 1.225847432170130524e+01 7.939784410207868495e+04
5.032723182557586883e-01 1.222279426020803150e+01 7.081779461705338326e+04
5.154629959929816208e-01 1.219127483867152684e+01 6.300656900546127872e+04
5.278733416161175418e-01 1.215732349991402472e+01 5.616528356983447156e+04
5.405007615833452572e-01 1.212858587061578852e+01 5.012884010247715196e+04
5.533477014641574598e-01 1.209976184413291378e+01 4.464012087736002286e+04
5.664215502949500047e-01 1.207063712757887330e+01 3.941776348633456655e+04
5.796472923938549293e-01 1.204757626545248428e+01 3.548067161433986621e+04
5.929762796467156205e-01 1.202123885128168901e+01 3.173591487794818750e+04
6.062689715579787642e-01 1.199704925832574176e+01 2.841247993024832249e+04
6.195707112732694588e-01 1.197568680161611709e+01 2.545303931166090842e+04
6.329414388519398749e-01 1.195294036926040171e+01 2.288456975607792629e+04
6.464837999713939354e-01 1.192992016016605739e+01 2.053491182810358805e+04
6.602329447008524754e-01 1.191067749635966067e+01 1.843320760471689209e+04
6.742909205101387249e-01 1.188963884570250684e+01 1.652467935844577005e+04
6.885349135612287563e-01 1.186997420407372594e+01 1.486722378886695697e+04
7.031346822618608217e-01 1.185053565005989995e+01 1.329462580511901251e+04
7.181506176407282949e-01 1.183240838692687014e+01 1.193341099594354273e+04
7.334051532398699891e-01 1.181386387740273669e+01 1.068314284266394861e+04
7.491106778051402904e-01 1.179486795360809204e+01 9.561803033381294881e+03
7.653108134087605041e-01 1.177946287943257353e+01 8.540658879374150274e+03
7.818024278359689827e-01 1.176420310846538619e+01 7.635900875708577587e+03
7.988172771538801786e-01 1.174973771585867688e+01 6.812288742295356315e+03
8.162062130834242257e-01 1.173509566840973939e+01 6.083512769008762916e+03
8.337950866562340302e-01 1.172240788781556198e+01 5.425879771225574586e+03
8.516116742255661620e-01 1.170817592998091783e+01 4.849697008711968920e+03
8.696554828280952387e-01 1.169634454003009516e+01 4.335283574418836906e+03
8.879437901207520856e-01 1.168259330071360402e+01 3.877048685166958421e+03
9.064962112815229123e-01 1.167297310422746648e+01 3.468314246824314978e+03
9.253016849313182579e-01 1.166342935972349792e+01 3.100357165333155990e+03
9.444132847494139948e-01 1.165300445297974363e+01 2.774512168660106454e+03
9.638088784129854591e-01 1.164139329212767215e+01 2.480718931077931302e+03
9.834789003399875273e-01 1.163235610811888066e+01 2.221443339617153015e+03
1.003456806559151815e+00 1.162358311612665851e+01 1.985256373933834539e+03
1.023724829851793361e+00 1.161535564167534851e+01 1.776622365597689168e+03
1.044293319626114824e+00 1.160624451540704349e+01 1.589326014996391677e+03
1.065169472046277210e+00 1.159828160675322195e+01 1.422343807109298268e+03
1.086348726913110463e+00 1.159073643398803455e+01 1.272197461574636918e+03
1.107813470963110447e+00 1.158227556557217497e+01 1.139024801586019748e+03
1.129586892909534734e+00 1.157446611159813976e+01 1.019029456996358817e+03
1.151613858026189652e+00 1.157171160749979499e+01 9.113563599469894143e+02
1.173931637834410679e+00 1.156070902843425152e+01 8.160146217340396788e+02
1.196529762983798317e+00 1.155390382178307362e+01 7.307057594348043494e+02
1.219380473888518557e+00 1.154736230025311627e+01 6.543657777063760932e+02
1.242495453362868485e+00 1.154187800221706617e+01 5.858077293181726191e+02
1.265855370323437201e+00 1.153863324180649563e+01 5.244189548847491551e+02
1.289419675755827166e+00 1.152921210616969105e+01 4.702534899902923939e+02
1.313267156227319266e+00 1.152393685912126209e+01 4.212416427299929182e+02
1.337284479348687105e+00 1.151890306029683586e+01 3.776755439244363401e+02
1.361407217076784359e+00 1.151432291163571442e+01 3.385177047305551241e+02
1.385813811511115601e+00 1.150763195786242576e+01 3.033993430377933009e+02
1.410259398070300429e+00 1.150203122086457519e+01 2.726502389107286035e+02
1.434902468058250724e+00 1.149901959100863813e+01 2.448593353011356157e+02
1.459750615642075200e+00 1.149153956654902053e+01 2.194574104130008436e+02
1.484524470354857906e+00 1.148428856044821522e+01 1.975567438168642411e+02
1.509469769841280229e+00 1.147890480335443542e+01 1.774861601951099601e+02
1.534517394549202773e+00 1.147500558712291152e+01 1.596247731711104905e+02
1.559497236668124120e+00 1.146852258101708699e+01 1.437896532860333991e+02
1.584550459304687964e+00 1.146123687078761577e+01 1.289035109843552789e+02
1.609636638287357702e+00 1.145723575406941563e+01 1.165137734025736052e+02
1.634619236853182889e+00 1.144956882181596569e+01 1.052165239637091645e+02
1.659586374853361912e+00 1.144225642049494773e+01 9.492145891099745825e+01
1.684487821157777176e+00 1.143538150483721694e+01 8.565961424232094146e+01
1.709291679027756139e+00 1.142827106626921108e+01 7.743318313754089388e+01
1.734032483821956294e+00 1.142105250726119614e+01 6.993999474735117872e+01
1.758549546060588886e+00 1.141350434253938317e+01 6.333468583005353736e+01
1.782958131121396228e+00 1.140535205625002213e+01 5.734233847274253293e+01
1.807198066887079957e+00 1.139632010631397918e+01 5.170910368361823828e+01
