2.191799393465098389e-01 1.550982308316407554e+01 3.683535669800713658e+06
2.251126503621839470e-01 1.526954586827307025e+01 3.228988858760091476e+06
2.312291322215208889e-01 1.509747601392549932e+01 2.812528538158312440e+06
2.375366146070024831e-01 1.486770987003921185e+01 2.484612379976067692e+06
2.440300474375845796e-01 1.467543258152530328e+01 2.189093223925236147e+06
2.507228514903139249e-01 1.449125290509090469e+01 1.910383229503477225e+06
2.576120727118824671e-01 1.432946974760947434e+01 1.690438289877744159e+06
2.647076340242011661e-01 1.417587006734371258e+01 1.492421129981665406e+06
2.720115306407704381e-01 1.402140981990104507e+01 1.307709004332070705e+06
2.795256833807616692e-01 1.388299932594956054e+01 1.151619327273396542e+06
2.872561171776200628e-01 1.374892375793392851e+01 1.011342264931606129e+06
2.951930996059540235e-01 1.362864421369164525e+01 8.858422317760015139e+05
3.033621543041417623e-01 1.351089399619827880e+01 7.743636031670109369e+05
3.117424210607878665e-01 1.340168559709330864e+01 6.861246381123743486e+05
3.203788648468928191e-01 1.330219257159878410e+01 6.042782651386531070e+05
3.291960319528128842e-01 1.320004181247303876e+01 5.308258274912954075e+05
3.382634662765424682e-01 1.310925542761930984e+01 4.673349216828686767e+05
3.475679336385119611e-01 1.302529013381058576e+01 4.114237247868338600e+05
3.571179119740540697e-01 1.294583975505562279e+01 3.622315635840164614e+05
3.668889814350219103e-01 1.286238413526345425e+01 3.189187718145295512e+05
3.769111750802228156e-01 1.279063049484176950e+01 2.811294472568493220e+05
3.871769529547989808e-01 1.272109001559941888e+01 2.473863355950885743e+05
3.977082436105837115e-01 1.265805645367235321e+01 2.177890602137818350e+05
4.084442992227034219e-01 1.259635557469097655e+01 1.919284514885137032e+05
4.194369087032531751e-01 1.253997692226407779e+01 1.694021176768279984e+05
4.306909691513086114e-01 1.248663453450585870e+01 1.490973136942473939e+05
4.421866653087089261e-01 1.243710295166826363e+01 1.316094239598650602e+05
4.539399287743371980e-01 1.239012916743470782e+01 1.160924703402838059e+05
4.659560724020873068e-01 1.234629506118713493e+01 1.025125615872044000e+05
4.782018609945363208e-01 1.230195329394909187e+01 9.047293029040007968e+04
4.906955722471031955e-01 1.226134478910341130e+01 7.998737998639776197e+04
5.034299247367425290e-01 1.222148259082162447e+01 7.071030902008403791e+04
5.164224212418356830e-01 1.218734512338223119e+01 6.250673603660813387e+04
5.296643765815677307e-01 1.215470650740159364e+01 5.525842099849935039e+04
5.431532815053733421e-01 1.212191458790234755e+01 4.888719153172485676e+04
5.568895317069073592e-01 1.209172865018319598e+01 4.326699709162072395e+04
5.708504142743526799e-01 1.206105741840850243e+01 3.830100159256769984e+04
5.850539212463526928e-01 1.203518390574981112e+01 3.390588501515015378e+04
5.995218674343638643e-01 1.200917788976530254e+01 3.007458813468675726e+04
6.143469706382947981e-01 1.198379309738496090e+01 2.660764421180577483e+04
6.295759530247648783e-01 1.196314375591020784e+01 2.355260801649878704e+04
6.452702114249270204e-01 1.193788669900988175e+01 2.077865874117472413e+04
6.614730851224268626e-01 1.191803384905801089e+01 1.839044919050998942e+04
6.781852542676289897e-01 1.189885844960450179e+01 1.621148454267590387e+04
6.955041287373445735e-01 1.188128639494493122e+01 1.430127502962927792e+04
7.134424144133316714e-01 1.186459333838889840e+01 1.247006701582193637e+04
7.320167699254405136e-01 1.184929732569723448e+01 1.104838883723947583e+04
7.512664639675485923e-01 1.183511189052234336e+01 9.707828923691960881e+03
7.711717402598562421e-01 1.182596535943280358e+01 8.503477432187943123e+03
7.911499669710542193e-01 1.181531780090185002e+01 7.477286408522414604e+03
8.110317059337237566e-01 1.180829008608718134e+01 6.592753971817531237e+03
8.308541203397816766e-01 1.179971907280594046e+01 5.828206483716730872e+03
8.506703402546428316e-01 1.178969585997148783e+01 5.118667446773287338e+03
8.705133914011066176e-01 1.178474750929628811e+01 4.582009169766724881e+03
8.904214948864351831e-01 1.177428817110502024e+01 4.072793261722420539e+03
9.104190331173707129e-01 1.176945565171213204e+01 3.623024709523572710e+03
9.305674178960072762e-01 1.176113617189584026e+01 3.206030547376793947e+03
9.507903132503360277e-01 1.175213475399279517e+01 2.873969492071052628e+03
9.711748040142137439e-01 1.175027177917223753e+01 2.561855810901621226e+03
9.917433584433996696e-01 1.173991006558860306e+01 2.285158638722760770e+03
1.012491289520556226e+00 1.173159688267184109e+01 2.022210472400426170e+03
1.033453084820728618e+00 1.172951631579185872e+01 1.818286410936056427e+03
1.054573773270448322e+00 1.171546861845568799e+01 1.625027980354445617e+03
1.075922999698500027e+00 1.170987395450886659e+01 1.450001597847665153e+03
1.097487058039330110e+00 1.169979255746266666e+01 1.295591485188577053e+03
1.119254598096561137e+00 1.169221416896604637e+01 1.157760317522493551e+03
1.141241575517232043e+00 1.168323631217381653e+01 1.034962580141411308e+03
1.163442449382544819e+00 1.167414017760489386e+01 9.250639569943213019e+02
1.185851325587437888e+00 1.166632385199458177e+01 8.260612620714545073e+02
1.208468665083711313e+00 1.165867138449171492e+01 7.392814695683529180e+02
1.231288042688157836e+00 1.165332577203120756e+01 6.604276125907216510e+02
1.254293823491569926e+00 1.164144357681898434e+01 5.910764594397415976e+02
1.277485933102569859e+00 1.163464709789936613e+01 5.285473328877925496e+02
1.300846277933716655e+00 1.162613113359290651e+01 4.729736849512579511e+02
1.324371120375823940e+00 1.161344431035627522e+01 4.234461322872227242e+02
1.348041994808416355e+00 1.160428142509503324e+01 3.790699599791019523e+02
1.371849944070761884e+00 1.159468966710094051e+01 3.396165894969633428e+02
1.395779998024867075e+00 1.158730873879277645e+01 3.043207355998999333e+02
1.419809301925662126e+00 1.157575169182202046e+01 2.727385416910738059e+02
1.443923631756147463e+00 1.156700317369736730e+01 2.442446089727393428e+02
1.468110408380853382e+00 1.155395999682002639e+01 2.192894309702514875e+02
1.492376201812155800e+00 1.154289618278801832e+01 1.967406208779723897e+02
1.516615139879609719e+00 1.153285528275670480e+01 1.767499427791900644e+02
1.540880003725810798e+00 1.152140882834404501e+01 1.588086846084782167e+02
1.565153236691381844e+00 1.150930635545366698e+01 1.427989453840287979e+02
1.589390446734647577e+00 1.149758593004036022e+01 1.284927651997763576e+02
1.613571935506787458e+00 1.148551864333253292e+01 1.155450265386350850e+02
1.637679359011605218e+00 1.147281374036488799e+01 1.036727525045609468e+02
1.661687789626117295e+00 1.145992376660841572e+01 9.380841711265603067e+01
1.685575954865798032e+00 1.144645120592198673e+01 8.457545750274768181e+01
1.709319513702047155e+00 1.143322596564481586e+01 7.631285763154085089e+01
1.732900250122671126e+00 1.141964274720860928e+01 6.889365732018596589e+01
1.756294175042330874e+00 1.140441448246369838e+01 6.224021950948632309e+01
1.779479203169808565e+00 1.138946893526219561e+01 5.606843291098594761e+01
1.802433736942780307e+00 1.137376355432543562e+01 5.097269358190821009e+01
1.825132249389869399e+00 1.135782259546593842e+01 4.618388740397814018e+01
1.847556746038203412e+00 1.134139175077112149e+01 4.184155949575858813e+01
1.869686056416654640e+00 1.132479241805597425e+01 3.797616409274839100e+01
1.891501921505173378e+00 1.130790509912472430e+01 3.437572588002056051e+01
1.912981473292304724e+00 1.129021040502732376e+01 3.136625897620379888e+01
