2.191799393465098389e-01 1.550982308316407554e+01 3.683535669800713658e+06
2.260424184955765470e-01 1.527794170593385736e+01 3.198170295925958082e+06
2.331291524927561754e-01 1.500380687277820968e+01 2.738780489578245208e+06
2.404821245027840004e-01 1.476944406608684091e+01 2.351661686943968758e+06
2.480877437536731511e-01 1.454833921348295078e+01 2.024332239237053785e+06
2.559582580517759109e-01 1.437386322243337666e+01 1.748465090858143754e+06
2.640995056236842276e-01 1.418326711044488242e+01 1.505413012026436860e+06
2.725154504943142486e-01 1.401423389462424041e+01 1.295028672083083307e+06
2.812124909655182026e-01 1.385291286758333307e+01 1.115438730688286014e+06
2.901961052942603203e-01 1.370274599211047928e+01 9.627418647773199482e+05
2.994623865681652619e-01 1.356269048662260168e+01 8.297785524805801688e+05
3.090223215505003562e-01 1.343676620328291804e+01 7.155215823997034458e+05
3.188845835936228168e-01 1.331396855691748904e+01 6.171181321214011405e+05
3.290474620078637225e-01 1.320980568499340890e+01 5.321558900569711113e+05
3.395143103766915527e-01 1.308849165815380644e+01 4.593407951546443510e+05
3.502964826379741936e-01 1.299610412842273455e+01 3.968561897237389348e+05
3.613928726515305834e-01 1.290864215175756158e+01 3.423161636825671885e+05
3.728142893826124071e-01 1.281955183765885664e+01 2.926267864064775058e+05
3.845537859570926087e-01 1.273853111490930701e+01 2.552367480843910307e+05
3.966191204936266312e-01 1.266692078688195799e+01 2.207201198270330497e+05
4.090043101902739453e-01 1.259539733451290644e+01 1.905649982171625306e+05
4.217338244086844545e-01 1.253107034310999524e+01 1.649828700906303129e+05
4.347720009725949963e-01 1.247218023483151761e+01 1.429260841528453748e+05
4.481538311495724125e-01 1.241309997683347355e+01 1.235169399757846841e+05
4.618715907647948926e-01 1.235707358536541456e+01 1.070376341133763635e+05
4.759052795632156552e-01 1.230901873009029046e+01 9.264580012291460298e+04
4.902762758027384149e-01 1.226210667761625217e+01 8.032289791785831039e+04
5.049651569956190578e-01 1.221939054276180947e+01 6.967573423384345369e+04
5.199974253954752212e-01 1.217969291200336457e+01 6.031941710122291988e+04
5.353585321545737408e-01 1.214024586226847369e+01 5.248910549378859287e+04
5.510479766666098733e-01 1.210421387336104715e+01 4.557123731657248572e+04
5.670755272607171937e-01 1.206921731772319362e+01 3.924910441085136699e+04
5.833557883335807048e-01 1.203763712834421895e+01 3.442103549810255208e+04
5.995505320204399524e-01 1.201077673646830313e+01 2.983861878372658612e+04
6.155529494324419870e-01 1.198055768084434014e+01 2.632069928230283040e+04
6.315157116954179806e-01 1.195436696585419689e+01 2.308430701575443891e+04
6.475850846852249099e-01 1.192740975014124238e+01 2.033276128678005989e+04
6.638611169691784886e-01 1.190101890108115690e+01 1.787321746411638378e+04
6.804005317865494673e-01 1.187428122253651708e+01 1.573412502873538506e+04
6.972963771239809594e-01 1.184881706128136258e+01 1.382410790998007542e+04
7.146406405871708056e-01 1.183247064559539652e+01 1.212721324585018010e+04
7.323611907354595774e-01 1.180072169995103692e+01 1.065097489026788935e+04
7.506405526932442562e-01 1.177653402037079466e+01 9.351199366096665472e+03
7.694338927432446962e-01 1.175450595441246371e+01 8.172244627126715386e+03
7.888280432804845033e-01 1.173218618023162030e+01 7.148163996605034299e+03
8.088181638947953278e-01 1.171170802215839224e+01 6.239768796004095748e+03
8.294420910972467587e-01 1.169071919886471100e+01 5.454279550286624726e+03
8.507220780518477410e-01 1.167145361810456983e+01 4.754156052836021445e+03
8.726773599311885565e-01 1.165322728510006733e+01 4.134281050260641678e+03
8.953119028494940235e-01 1.163674394852906602e+01 3.594797788323913664e+03
9.186547028411725657e-01 1.162103905690380934e+01 3.126232675418707004e+03
9.426960325003390651e-01 1.160660530523234257e+01 2.714501446372511964e+03
9.674471654248177899e-01 1.159363751386873176e+01 2.354083252516260927e+03
9.929065212981541544e-01 1.158525149427330980e+01 2.040934405931187939e+03
1.019078806300236506e+00 1.157036595712317961e+01 1.768320871856881695e+03
1.045943457777751773e+00 1.156211267648061813e+01 1.530097154263268976e+03
1.073507575180712159e+00 1.155313146408822789e+01 1.325208094992274937e+03
1.101755158600655093e+00 1.154617937828989227e+01 1.146484607648824067e+03
1.130663378940123254e+00 1.154336503756657528e+01 9.930946861452237044e+02
1.160221148051370221e+00 1.153584896810566995e+01 8.587426406093749165e+02
1.190403536509603510e+00 1.153357083763535407e+01 7.427197758738216180e+02
1.221187642104177407e+00 1.153246317683157329e+01 6.435240220988847568e+02
1.252548537102754489e+00 1.152605290094429336e+01 5.566726069008582272e+02
1.284202595897470767e+00 1.152769524175284843e+01 4.825367214195885595e+02
1.315343632258249684e+00 1.152483602140883789e+01 4.200325687489151960e+02
1.345913433984474494e+00 1.152112619559266982e+01 3.669829468509605022e+02
1.375934654320689843e+00 1.151911072866281316e+01 3.220470204911702012e+02
1.405406384624679594e+00 1.151708741535357916e+01 2.832012532974796386e+02
1.434364201797568628e+00 1.151131625629561661e+01 2.496612208053329311e+02
1.462812294209826280e+00 1.150483124183382877e+01 2.206089494077570521e+02
1.490752776986194128e+00 1.149841429585583619e+01 1.955858731283329632e+02
1.518207172899260771e+00 1.148851183696210043e+01 1.736114564861304359e+02
1.545166836778658848e+00 1.147993575100060859e+01 1.543438380729441803e+02
1.571628243969572791e+00 1.146688858921243259e+01 1.375823825025604776e+02
1.597610761234237620e+00 1.145459205268054248e+01 1.226408863184349372e+02
1.623083877536179553e+00 1.144082429996210593e+01 1.097830314836783430e+02
1.648071750924332557e+00 1.142781709363061005e+01 9.765819862331687773e+01
1.672566353089924851e+00 1.140899154219378886e+01 8.801897896944488764e+01
1.696558377473780688e+00 1.139170979455854038e+01 7.897641552833103162e+01
1.720045486531978529e+00 1.137244174687246101e+01 7.094112967988074558e+01
1.743000781189230963e+00 1.135241125907673698e+01 6.387221909009020493e+01
1.765444194968167402e+00 1.133046716125983799e+01 5.761054924769668872e+01
1.787352948818984544e+00 1.130762339297503161e+01 5.188335133857554382e+01
1.808712531332196560e+00 1.128331336193540935e+01 4.687363323341811849e+01
1.829533975333957674e+00 1.125868365183675834e+01 4.220520502463608636e+01
1.849789150643620150e+00 1.123261057994539769e+01 3.839360625854440201e+01
1.869479476142327901e+00 1.120598464665266469e+01 3.478158827437595590e+01
1.888596775025753516e+00 1.117733998364175818e+01 3.155277007064697870e+01
1.907294178468946111e+00 1.114851388871285742e+01 2.867281690096712765e+01
1.925073346635352678e+00 1.111782284332679716e+01 2.609453215226891842e+01
1.942421267280920238e+00 1.108654104619586711e+01 2.374885104982888961e+01
1.959150392137802399e+00 1.105429540744537498e+01 2.165630328282180272e+01
1.975435926577561840e+00 1.102197005925154549e+01 1.975937278457474378e+01
1.990941501681142478e+00 1.098809422834764682e+01 1.804944974762346988e+01
2.005821540490615007e+00 1.095346930520613604e+01 1.652271496834242726e+01
2.019931935852480542e+00 1.091692042298964793e+01 1.514750399053456498e+01
2.033561861161728324e+00 1.088074910353177671e+01 1.385623760424398832e+01
2.046706635376177363e+00 1.084384298596561536e+01 1.275918663661838615e+01
2.058926903185413160e+00 1.080553280783476033e+01 1.174300108803639908e+01
2.070653222654788905e+00 1.076731004093547206e+01 1.080501124373451383e+01
