2.191799393465098389e-01 1.550982308316407554e+01 3.683535669800713658e+06
2.248948123294637613e-01 1.530164946881643218e+01 3.263545533658963628e+06
2.307615629256252188e-01 1.511148345882539878e+01 2.863971382728783879e+06
2.368351648113911634e-01 1.489829583816291070e+01 2.539657957386259921e+06
2.430602444793981409e-01 1.469590659877969507e+01 2.237170004507486243e+06
2.494692614949018672e-01 1.454565056658937827e+01 1.988053727864723885e+06
2.560744581558266897e-01 1.436747656628624981e+01 1.724216323388273828e+06
2.628546228330719270e-01 1.421031113464897722e+01 1.538176772383687319e+06
2.698336684091809379e-01 1.405890711418133954e+01 1.358188030395561364e+06
2.770066785767114070e-01 1.392644382210177234e+01 1.199828949863401474e+06
2.843787659624411601e-01 1.379840589172953891e+01 1.058238550686400849e+06
2.919549483813889124e-01 1.367310152479708840e+01 9.379612987142268103e+05
2.997207663864164262e-01 1.356131371864384505e+01 8.268745924773069564e+05
3.076972929805121826e-01 1.345059017817684222e+01 7.321827468963376014e+05
3.158800373975702569e-01 1.335346049912091537e+01 6.451219801183270756e+05
3.242740051000158052e-01 1.325555455545691252e+01 5.702620588440551655e+05
3.328839306335666381e-01 1.316611399905901081e+01 5.040792541828575777e+05
3.417114380956962627e-01 1.307672797469710879e+01 4.456375061914212420e+05
3.507471707766698366e-01 1.299803869294069791e+01 3.942904673905065283e+05
3.600137419194400779e-01 1.291585514312298066e+01 3.491224000650157686e+05
3.694921825649115088e-01 1.284557979352129742e+01 3.081694694037633017e+05
3.792094183311078281e-01 1.277471410451268419e+01 2.727344814913833397e+05
3.891344190800217762e-01 1.271212241292780476e+01 2.417740979938087403e+05
3.992990829800130426e-01 1.264810937217647435e+01 2.134662345556531509e+05
4.096956506240312934e-01 1.258934546203838778e+01 1.888217688450978894e+05
4.202996311821701192e-01 1.253818375198313007e+01 1.678494135351584409e+05
4.311529218764749705e-01 1.248439225122152507e+01 1.485674185152933642e+05
4.422293534547597771e-01 1.243580316425918397e+01 1.316062960326598259e+05
4.535449279995524274e-01 1.238844813781323140e+01 1.166144350215917220e+05
4.651072860579453239e-01 1.234798545078696286e+01 1.034842065428810020e+05
4.768785992559263498e-01 1.230505892769412313e+01 9.190705870466581837e+04
4.888865054711890035e-01 1.226655819189429941e+01 8.135635506529628765e+04
5.011072479833367233e-01 1.222928321029880827e+01 7.235930406792473514e+04
5.135712181954323885e-01 1.219037448767669396e+01 6.415870228196744574e+04
5.262686468520830774e-01 1.216194918133768255e+01 5.700838349601694063e+04
5.391945187692961383e-01 1.213079221166831267e+01 5.069700505547437206e+04
5.523505738253818853e-01 1.210271805072186702e+01 4.497323139754552540e+04
5.657366754847392709e-01 1.207159395701349780e+01 4.001330718680542486e+04
5.793033072092431679e-01 1.204742209832827982e+01 3.560207891956021194e+04
5.930455226464875773e-01 1.202122259552779937e+01 3.167119272774953424e+04
6.068826354949479196e-01 1.200032076113691382e+01 2.825884607015900474e+04
6.208928028487707973e-01 1.197374584936726905e+01 2.521716524784644571e+04
6.351460595199729386e-01 1.195220411622208267e+01 2.252655237194625079e+04
6.496869867850362246e-01 1.193036810978415652e+01 2.006525643019908239e+04
6.645400942827739410e-01 1.190925824319008797e+01 1.772822346569119327e+04
6.797602076802757853e-01 1.188893596821699461e+01 1.595381268845668274e+04
6.954076779837544686e-01 1.187181947657800052e+01 1.419308429818276636e+04
7.114830861731710199e-01 1.185272765955597407e+01 1.262002337153060580e+04
7.280700229480269181e-01 1.183437226055148983e+01 1.122541533437652834e+04
7.450932686811476691e-01 1.182009325194596983e+01 9.910439140505191972e+03
7.626445345649021101e-01 1.180584008502175841e+01 8.837779112795637047e+03
7.807406361059463507e-01 1.179171624788515338e+01 7.837211070722564727e+03
7.993963432678172776e-01 1.177909522468793568e+01 6.943733148549991711e+03
8.186208996000118310e-01 1.177216212925705108e+01 6.082051087825941977e+03
8.384142548573260134e-01 1.175960358899357061e+01 5.421494126325726029e+03
8.588067626917110786e-01 1.174810399545475903e+01 4.790437434392875730e+03
8.798019479653386155e-01 1.174432575146847668e+01 4.226873501188028058e+03
9.014021741032660628e-01 1.173775135802846492e+01 3.730477774615158523e+03
9.236325821294695260e-01 1.173125236263400595e+01 3.287123779240223485e+03
9.464638457131275828e-01 1.172907996606631542e+01 2.896984708543759552e+03
9.699362868073825306e-01 1.172505120804186873e+01 2.551217710981019991e+03
9.940191802458915316e-01 1.173126286343916469e+01 2.241845833589179620e+03
1.018720432864598013e+00 1.172589595477681179e+01 1.973437166638400413e+03
1.044043584327358554e+00 1.172787956917512275e+01 1.735778834128232120e+03
1.069978694048409951e+00 1.173000389160297807e+01 1.516366880145742698e+03
1.096516363353229551e+00 1.173461614248011031e+01 1.342342997617454330e+03
1.123656853030045255e+00 1.174015978284196748e+01 1.179361834016391640e+03
1.150920615319191986e+00 1.174449642661180171e+01 1.040236950486535306e+03
1.178050451175630231e+00 1.175141994008077972e+01 9.188402389943883009e+02
1.205058095222373726e+00 1.175712310860623333e+01 8.135417728501658985e+02
1.231913861730435267e+00 1.176528552148374196e+01 7.214993577434846657e+02
1.258688464965538545e+00 1.176890259469667299e+01 6.419522780929360124e+02
1.285322239497842522e+00 1.177385694477199252e+01 5.713717336669072893e+02
1.311860429859611488e+00 1.177927342857356230e+01 5.094584258241222869e+02
1.338303305467577475e+00 1.178225749934020072e+01 4.555667163273093934e+02
1.364641777485052998e+00 1.178577852569915052e+01 4.071861572204357458e+02
1.390889386927600002e+00 1.178897095103318193e+01 3.645367811950297323e+02
1.417003054990350730e+00 1.179369846400697064e+01 3.270521236621985395e+02
1.443029993221764062e+00 1.179179634101556040e+01 2.931932146781145434e+02
1.468935363659164217e+00 1.179461059223244312e+01 2.638814142398245508e+02
1.494740274958628046e+00 1.179627249567319147e+01 2.369111634641687374e+02
1.520389380204389296e+00 1.179189004775970950e+01 2.132523831185449978e+02
1.545919276697334199e+00 1.179212676298529772e+01 1.911253738516298313e+02
1.571302976067019852e+00 1.179020019902189098e+01 1.732194986680205773e+02
1.596524446600197544e+00 1.178941601127070804e+01 1.564271315126635784e+02
1.621580341991364360e+00 1.178292119210498790e+01 1.411331870198584113e+02
1.646475844466439575e+00 1.177928987925166737e+01 1.276951294971151185e+02
1.671159126166121833e+00 1.177412659234965631e+01 1.155584444376988813e+02
1.695640723826022711e+00 1.176934895426901839e+01 1.046555796308567210e+02
1.719923363080229528e+00 1.176328964785871278e+01 9.480168107984253822e+01
1.743972127390647220e+00 1.175467226543015009e+01 8.596857849939718221e+01
1.767772238065743684e+00 1.174627624744478638e+01 7.808282040757663367e+01
1.791323884829180368e+00 1.173820155861723080e+01 7.088579360207371849e+01
1.814626691316566953e+00 1.172842320197187860e+01 6.444127982586704206e+01
1.837597761138572094e+00 1.171853238710568412e+01 5.861323654088932500e+01
1.860289427345792390e+00 1.170670196512072359e+01 5.337084663611588553e+01
1.882677079855682667e+00 1.169486904665838800e+01 4.867205767263205018e+01
1.904734433841670960e+00 1.168203606329358024e+01 4.438125644734731168e+01
1.926618355696301910e+00 1.166946013075960309e+01 4.045397631465330335e+01
1.947812209381847959e+00 1.165457771879541582e+01 3.683006997967957119e+01
