2.191799393465098389e-01 1.550982308316407554e+01 3.683535669800713658e+06
2.251494758021466147e-01 1.527215635330808219e+01 3.235009563959360123e+06
2.313134221615993358e-01 1.509543075975162196e+01 2.864462893999517430e+06
2.376712045297157128e-01 1.485347268139595478e+01 2.487013751555521507e+06
2.442299650174148407e-01 1.466301158940258276e+01 2.181953793844727334e+06
2.509810189165097016e-01 1.448220833868283641e+01 1.901907810932490509e+06
2.579313127480197254e-01 1.431791454564794464e+01 1.680136231257405598e+06
2.650903221643295948e-01 1.416562429119222699e+01 1.481020807793748565e+06
2.724625044009544861e-01 1.401174133064302296e+01 1.296471263061384205e+06
2.800477301038130085e-01 1.387754957796559019e+01 1.139582514073552564e+06
2.878531489111296193e-01 1.374285234264926103e+01 9.986458931169845164e+05
2.958688064208565560e-01 1.361714174751114825e+01 8.777714381143782521e+05
3.041126229094631150e-01 1.349710103104052727e+01 7.716283119129767874e+05
3.125823605411152117e-01 1.339727811929065915e+01 6.775245046124181245e+05
3.212931736170921426e-01 1.328653055591566812e+01 5.900483550030677579e+05
3.302208300060468504e-01 1.319169282109900543e+01 5.222676162891162676e+05
3.393826181652142004e-01 1.309926160473722234e+01 4.607703688884936855e+05
3.487881196634088909e-01 1.301320916770100844e+01 4.042481933848189074e+05
3.584387320490968198e-01 1.292233941984692791e+01 3.556914603881744551e+05
3.683216410260259921e-01 1.285091877943130179e+01 3.132073057966902270e+05
3.784562502129676931e-01 1.278191339566980922e+01 2.758738559406456188e+05
3.888370141515760103e-01 1.271100081986398500e+01 2.425976329588400258e+05
3.994628833861098571e-01 1.264656721156204000e+01 2.131723492667680839e+05
4.103653932601392662e-01 1.259007372155547699e+01 1.859214193904220010e+05
4.214872166510309492e-01 1.253190380792879743e+01 1.653536950357062451e+05
4.328594157176365864e-01 1.247679414492074024e+01 1.446144544958038023e+05
4.445130686918014051e-01 1.242563217258802410e+01 1.285782746875761659e+05
4.563854044927178610e-01 1.238190595002155270e+01 1.131765526971663494e+05
4.685397393486296913e-01 1.233393361769991969e+01 9.987250558409815130e+04
4.809148251724532641e-01 1.229220114883929327e+01 8.831102959605664364e+04
4.935753665457451866e-01 1.225097612464581331e+01 7.778452543668236467e+04
5.064691387370083842e-01 1.221352244362785378e+01 6.871316768793553638e+04
5.196208303418063945e-01 1.217995317675619305e+01 6.061532648621281987e+04
5.330250462229219055e-01 1.214471357876031021e+01 5.353460189048028406e+04
5.466797810396085699e-01 1.211413441404150504e+01 4.728482724857179710e+04
5.605866785166182531e-01 1.208402807536752910e+01 4.188866686461337667e+04
5.747073532901448845e-01 1.205192281006387134e+01 3.709250219397406909e+04
5.889709620883269992e-01 1.202929392439285827e+01 3.281170175463284249e+04
6.029766246720371647e-01 1.200356752036400287e+01 2.915012483145576334e+04
6.167694024284885446e-01 1.197790895470869543e+01 2.603517927226823303e+04
6.304835176079279790e-01 1.195201448729889648e+01 2.332501878121853588e+04
6.441901017749706027e-01 1.193082932843323007e+01 2.083735909230238758e+04
6.580061646594951297e-01 1.190601298772760508e+01 1.869035095882249880e+04
6.719845861496929196e-01 1.188077100599135960e+01 1.675096241566493336e+04
6.860812803339610966e-01 1.186036728225022507e+01 1.498690049660428849e+04
7.004503591031756571e-01 1.183918798574940467e+01 1.341895879367308407e+04
7.151077423282254930e-01 1.181556938616744645e+01 1.202234152967244700e+04
7.300625709776850103e-01 1.179289355596150024e+01 1.075253167179962657e+04
7.453765919632935333e-01 1.177044970237465016e+01 9.622923525800322750e+03
7.610851201237868180e-01 1.174920159899353500e+01 8.580976531096781400e+03
7.771126202487939061e-01 1.172800125982870512e+01 7.655582538751806169e+03
7.935900785690459536e-01 1.170645502535014515e+01 6.829535740936913498e+03
8.105092310307411285e-01 1.168796651601863346e+01 6.089986700576685507e+03
8.278656940639910200e-01 1.166642266386811855e+01 5.416649009195637518e+03
8.456895938425784687e-01 1.164867391764079230e+01 4.818994192056736210e+03
8.639946385308370225e-01 1.163184004239663238e+01 4.244225194066701079e+03
8.827834198528693443e-01 1.161227580776773038e+01 3.800302657181754512e+03
9.020703577307969123e-01 1.159650377616369532e+01 3.371570217053857959e+03
9.218640372483317691e-01 1.158086988433397480e+01 2.986769433632194250e+03
9.421562540416752451e-01 1.156611854810988582e+01 2.646219609214653701e+03
9.629534333771413435e-01 1.155182343560461433e+01 2.341379992875493826e+03
9.842664203391886524e-01 1.153865692098074724e+01 2.072972782034508327e+03
1.006080551889188657e+00 1.152656764402555645e+01 1.820373292660918196e+03
1.028410772405689011e+00 1.151504024782486724e+01 1.620113902404695637e+03
1.051231860596684831e+00 1.150421647617814180e+01 1.431088420046422243e+03
1.074542643589034618e+00 1.149432104525815923e+01 1.265377322242703713e+03
1.098349013121519890e+00 1.148567414414101151e+01 1.117752880269384605e+03
1.122624839838335609e+00 1.147680836042203900e+01 9.872221485979429190e+02
1.147365552803086386e+00 1.146947752964813461e+01 8.715171926170494316e+02
1.172546743920603873e+00 1.146622060920523190e+01 7.695862448051194633e+02
1.198168771246895137e+00 1.145551502972136504e+01 6.793115344133055942e+02
1.224212492073138536e+00 1.145407410943893112e+01 5.970106243367342813e+02
1.250654543910171945e+00 1.144726268155483950e+01 5.268291954113884685e+02
1.277472126763240068e+00 1.144176548987177711e+01 4.682001377297454496e+02
1.304640270234730615e+00 1.143703324214298789e+01 4.140309923488703703e+02
1.332155332546584248e+00 1.143395737839831305e+01 3.663972869339338558e+02
1.359984063339601201e+00 1.143363226094165697e+01 3.238472560461146941e+02
1.388084949691842374e+00 1.142835465204103507e+01 2.864717387739315768e+02
1.416453781453432814e+00 1.142862897127623967e+01 2.538495755548064494e+02
1.445049612152233376e+00 1.142444187476428930e+01 2.247469306819940869e+02
1.473851077256099984e+00 1.142088237681284113e+01 1.992289654292443117e+02
1.502834892664465904e+00 1.142029633844963676e+01 1.766178889892330801e+02
1.531349166932213457e+00 1.141802126563595543e+01 1.572490441726671691e+02
1.558673598492313017e+00 1.141546717733370109e+01 1.405862875377753483e+02
1.584837864557911091e+00 1.141182539694119491e+01 1.261460341177892417e+02
1.609890651810645723e+00 1.140655070764206513e+01 1.136878102542132751e+02
1.633881702131104952e+00 1.139943239866052238e+01 1.029684762784985423e+02
1.656856966251102570e+00 1.139037447474014542e+01 9.344646996790487492e+01
1.678856619214593060e+00 1.138038802808085137e+01 8.499226663269142534e+01
1.699926824272137926e+00 1.136824145853867130e+01 7.755434064507687708e+01
1.720101003648587978e+00 1.135486677258709065e+01 7.090947025779193780e+01
1.739433010809412927e+00 1.134026903863802360e+01 6.467827944710145971e+01
1.757924768206689192e+00 1.132250042225302700e+01 5.962703147060923214e+01
1.775630204362091513e+00 1.130437352439613719e+01 5.485694542053983014e+01
1.792540592451216330e+00 1.128422922278977758e+01 5.031658721502542164e+01
1.808723743058923139e+00 1.126311779181362382e+01 4.663128610216417513e+01
1.824182739815512599e+00 1.124028480966876842e+01 4.308908169997584992e+01
1.838947881008765828e+00 1.121610446192090471e+01 3.975057720829876473e+01
1.853021861150477401e+00 1.119106167639314009e+01 3.694558473386499742e+01
1.866444225253589773e+00 1.116423668777819422e+01 3.426717859660651300e+01
