2.191799393465098389e-01 1.550982308316407554e+01 3.683535669800713658e+06
2.253287575304086243e-01 1.527693216573360324e+01 3.234577900177620817e+06
2.316815675094430205e-01 1.507721473792064515e+01 2.809708727846229449e+06
2.382473642310028172e-01 1.483950388772871598e+01 2.436409997906900011e+06
2.450091713623506473e-01 1.464302619764254310e+01 2.149309987971074414e+06
2.519818383696442177e-01 1.446131948204259210e+01 1.879864207880193600e+06
2.591702236657217329e-01 1.429102578758755726e+01 1.644357826962557854e+06
2.665834524676117812e-01 1.413260174556031501e+01 1.440517081528764451e+06
2.742188587390778642e-01 1.398202665789228405e+01 1.259825745525641600e+06
2.820821671178814771e-01 1.383684664326989910e+01 1.101623941943326965e+06
2.901788683132572877e-01 1.370943499850836567e+01 9.629597179164541885e+05
2.985204906212305942e-01 1.358002859067277690e+01 8.423375218110757414e+05
3.070597729340730497e-01 1.346246480447871541e+01 7.367275131452705245e+05
3.158690248711298887e-01 1.334643166360675082e+01 6.452610033616417786e+05
3.249185763107970137e-01 1.324776467417204984e+01 5.657953712834879989e+05
3.342214782555709696e-01 1.314715418226088950e+01 4.901184633282158175e+05
3.437575331213688634e-01 1.305535227715741442e+01 4.333488191624148167e+05
3.535567238522654976e-01 1.296873255628271338e+01 3.788545642667833017e+05
3.636221488877438013e-01 1.289237873961656433e+01 3.328779529116859194e+05
3.739255566493511762e-01 1.281239972581821718e+01 2.916964288257468143e+05
3.845081257200742564e-01 1.273877756965576502e+01 2.558216781285465695e+05
3.953455670482742823e-01 1.267378469545801956e+01 2.239943268735434103e+05
4.064433920299157510e-01 1.260801540947898580e+01 1.962867763857892132e+05
4.178080800322709898e-01 1.254821860831681413e+01 1.722451692449717084e+05
4.294434793066990164e-01 1.249205778624763497e+01 1.512023921347142023e+05
4.413395001805778262e-01 1.243811795066714332e+01 1.328967979736075213e+05
4.535153912205686089e-01 1.239247938350508882e+01 1.166963670093662076e+05
4.659728158591492364e-01 1.234482824100399512e+01 1.025597076304518414e+05
4.786778716734984007e-01 1.229949302145697665e+01 9.025057021467119921e+04
4.916477814043809791e-01 1.225693108357520877e+01 7.932983551769511541e+04
5.048804070433473568e-01 1.221979129420318699e+01 6.960812386147658981e+04
5.183890284906496060e-01 1.218251506280551411e+01 6.137602943772413710e+04
5.321648036533842552e-01 1.214665128972502117e+01 5.398280578780021460e+04
5.462067172469545762e-01 1.211374599196455826e+01 4.755097772129006626e+04
5.605152983650217857e-01 1.208395044119701645e+01 4.191644234400468849e+04
5.750522127642246906e-01 1.205350078269952796e+01 3.663879075765758171e+04
5.898616819685176260e-01 1.202635406836716037e+01 3.242630478802420839e+04
6.048694467378674666e-01 1.199905153570659166e+01 2.876910523489323896e+04
6.201877581059683786e-01 1.197508231121287636e+01 2.533362731280100343e+04
6.359136937666919343e-01 1.195193251748431607e+01 2.240242703106141562e+04
6.520151592687424280e-01 1.192753466404974638e+01 1.975933231268415329e+04
6.685998164138219346e-01 1.190421104708884670e+01 1.742191955023991613e+04
6.857352407468888522e-01 1.188707057112208432e+01 1.529961601409081413e+04
7.034647100958097976e-01 1.186931036407222528e+01 1.345262953599818866e+04
7.218029498015274825e-01 1.185189094500415585e+01 1.172472998117971292e+04
7.407621942246060964e-01 1.183730046728509144e+01 1.035358327304130398e+04
7.603962818189460293e-01 1.181962450821621680e+01 9.072909771787804857e+03
7.807123530660436961e-01 1.180839860725156854e+01 7.942807555598180443e+03
8.017540940290617257e-01 1.179740117039455782e+01 6.931622884960337615e+03
8.235320226550922884e-01 1.178987738711140132e+01 6.044841354309955022e+03
8.460201593846455870e-01 1.178003647250452701e+01 5.268541007993257153e+03
8.693054539974286454e-01 1.177670273927224009e+01 4.591917668488766139e+03
8.933413417567478421e-01 1.177215762808497779e+01 3.998685350766718784e+03
9.181628779194465073e-01 1.176969131286904791e+01 3.476620709109242853e+03
9.437723886140161333e-01 1.176931314612807000e+01 3.021355479473535070e+03
9.701742923052748546e-01 1.177037553766953870e+01 2.624672576361761912e+03
9.973518964482929183e-01 1.177347146395991118e+01 2.279401462785798685e+03
1.025323349795189465e+00 1.177799483688289506e+01 1.978770413059488646e+03
1.054074163380149587e+00 1.178403923112941953e+01 1.716988899028557853e+03
1.083592872330759516e+00 1.179218779929379757e+01 1.489119301782337971e+03
1.113870930632757217e+00 1.180153366714771401e+01 1.292453609364452632e+03
1.144902597436400660e+00 1.181111074626309865e+01 1.121051469424936386e+03
1.176672527864021989e+00 1.182409998594269851e+01 9.729207868839454250e+02
1.208810652517398054e+00 1.183702063466416199e+01 8.465046492637460460e+02
1.240576947590222190e+00 1.185077466595297224e+01 7.372092949687378223e+02
1.271941306383066905e+00 1.186319612166491133e+01 6.460699969064513652e+02
1.302968364533105827e+00 1.187463993027377285e+01 5.679032070939730374e+02
1.333646131444609084e+00 1.188591689701402565e+01 5.006064205263428448e+02
1.364013428469845524e+00 1.189605928607876351e+01 4.423097726377665708e+02
1.394073060439506406e+00 1.190635379824762197e+01 3.909068520271821399e+02
1.423846095571667636e+00 1.191395131952446818e+01 3.468941125720087939e+02
1.453330670802722491e+00 1.191987456249754196e+01 3.082467717882881857e+02
1.482540036943765349e+00 1.192651068256205882e+01 2.727468257099538960e+02
1.511472991608227234e+00 1.193450745798729251e+01 2.444194274387176904e+02
1.540138243564252774e+00 1.193576091692366248e+01 2.182894038647789614e+02
1.568495008343063546e+00 1.194051284667847668e+01 1.950650948940925673e+02
1.596576809144425457e+00 1.193990030035785743e+01 1.747904502605391031e+02
1.624371534719957433e+00 1.194014413979440015e+01 1.558320853494654159e+02
1.651877076105694675e+00 1.194149477404245552e+01 1.406041044280645451e+02
1.679069124808532321e+00 1.193661231333083173e+01 1.261374916972427513e+02
1.705954782768219991e+00 1.193458007709319091e+01 1.133656668940167265e+02
1.732517091328796388e+00 1.192893885722050484e+01 1.021549023819194701e+02
1.758755833616151953e+00 1.192359399844274392e+01 9.202074119867936020e+01
1.784648347824018710e+00 1.191748043749880637e+01 8.300619509417605002e+01
1.810182777746821348e+00 1.190950471684050882e+01 7.495142713479863517e+01
1.835347605591743703e+00 1.190105488623015972e+01 6.769599585045466483e+01
1.860133768506883278e+00 1.189117365696246864e+01 6.118901771161905856e+01
1.884520464717630794e+00 1.188036546440564756e+01 5.554615894845159829e+01
1.908500804759695857e+00 1.186804277325047607e+01 5.030467766497891091e+01
1.932065099721510526e+00 1.185492161310649806e+01 4.565882171369801057e+01
1.955305421126943610e+00 1.184151314373583475e+01 4.134665622952491049e+01
1.977871312489143163e+00 1.182564959257536685e+01 3.767592688667489398e+01
2.000092037270549294e+00 1.181018006874412762e+01 3.425570147701201762e+01
2.021836131088647015e+00 1.179261767061381150e+01 3.120839465214356778e+01
2.043253220441611617e+00 1.177523892764642710e+01 2.843611471380206979e+01
2.063856442531664115e+00 1.175607009975478690e+01 2.597370794867806865e+01
2.084109164477592646e+00 1.173614623168652926e+01 2.363278294446046601e+01
2.104017244969123457e+00 1.171615888277202622e+01 2.158997477995485426e+01
2.123069376334863811e+00 1.169410505907062436e+01 1.977956147373684104e+01
2.141707547070192064e+00 1.167112056156340572e+01 1.820750956199874437e+01
