2.191799393465098389e-01 1.550982308316407554e+01 3.683535669800713658e+06
2.243554528414032634e-01 1.531603289642897892e+01 3.255497753604357596e+06
2.296664985427244732e-01 1.511666183919751028e+01 2.932727123321253806e+06
2.351262101362369128e-01 1.495529597046590453e+01 2.634191685048617888e+06
2.407526074510045466e-01 1.478433618211232492e+01 2.356632716529669240e+06
2.464935593239565015e-01 1.463078611840389165e+01 2.087503553568119882e+06
2.523969413840295717e-01 1.445331912029750931e+01 1.868285944589217892e+06
2.584558165058136181e-01 1.430670203337158597e+01 1.665246542455385439e+06
2.646717365200774719e-01 1.416762168411942824e+01 1.489466361740273889e+06
2.710456566297219649e-01 1.404158586748661719e+01 1.331094178480919683e+06
2.775795473076058117e-01 1.394588970556250196e+01 1.186877758490931476e+06
2.842791533807609849e-01 1.379767428553937769e+01 1.062853076288720127e+06
2.911443301478429113e-01 1.368858642631412970e+01 9.471637577070896514e+05
2.981708452938512388e-01 1.358328372166214848e+01 8.465394988849922083e+05
3.053613773026571110e-01 1.348349262750820365e+01 7.584768333125722129e+05
3.127265603150815032e-01 1.338550357192430340e+01 6.763301393594057299e+05
3.202755645280062069e-01 1.330534451885522707e+01 6.046382565095562022e+05
3.279902708522747234e-01 1.321474560870160353e+01 5.360725054922635900e+05
3.358719775033689459e-01 1.313648929120370745e+01 4.827487564882355509e+05
3.439414800250310544e-01 1.305460105711990515e+01 4.317996330992933945e+05
3.521916523436880442e-01 1.297975049662940883e+01 3.871348645910231862e+05
3.606241182887290342e-01 1.291158723086117810e+01 3.458007933051241562e+05
3.692372899191557201e-01 1.284786847340605043e+01 3.094081164813506766e+05
3.780421517817783017e-01 1.278239173895297576e+01 2.769092134493779158e+05
3.870209400764597074e-01 1.272250485557900923e+01 2.478526109682250244e+05
3.961997893147770622e-01 1.267108191838860876e+01 2.216514892819246161e+05
4.055561372508043605e-01 1.261397668224528168e+01 1.985151362387817353e+05
4.151011293135901115e-01 1.256650133243257272e+01 1.778744187042705598e+05
4.248583211953054772e-01 1.251700584544588324e+01 1.594025376273299335e+05
4.347765594206736695e-01 1.247100233737249120e+01 1.424956116193677299e+05
4.449057705136825192e-01 1.242543617934462929e+01 1.279917945371804090e+05
4.551966764536582999e-01 1.238431220204251915e+01 1.147517943824745598e+05
4.657132632974104181e-01 1.234829170076580951e+01 1.027259596969786944e+05
4.764013890541576868e-01 1.230940550348499762e+01 9.208086134759525885e+04
4.872920288810485001e-01 1.227120554330057800e+01 8.271919070934146293e+04
4.983427761566629477e-01 1.223844946354955177e+01 7.425627605424306239e+04
5.096019993940555937e-01 1.220445163710104985e+01 6.664989048490978894e+04
5.210530015423583405e-01 1.217676852743783300e+01 5.984453650382837077e+04
5.326935475044143331e-01 1.214536713317130001e+01 5.371809372638869536e+04
5.445235193338089363e-01 1.211880296747734675e+01 4.831481624248627486e+04
5.565419779715308213e-01 1.209265027761013656e+01 4.331682502746039972e+04
5.687510794090876454e-01 1.206760051710406856e+01 3.900244303305055655e+04
5.810958679616855527e-01 1.204365453463073798e+01 3.503521788415588526e+04
5.936716618293449432e-01 1.202037094161337372e+01 3.154525424430475323e+04
6.065018200178361463e-01 1.199853350660773188e+01 2.833847562893657596e+04
6.195778236610343104e-01 1.197705243776775674e+01 2.549546483076196819e+04
6.330192650443915436e-01 1.195725909352181837e+01 2.292046306104330506e+04
6.467940091568831207e-01 1.193712883779944356e+01 2.059241774101167539e+04
6.609631041011204688e-01 1.191870414465734207e+01 1.846036702865445841e+04
6.755506076978036178e-01 1.190227448177702385e+01 1.653498933138971915e+04
6.905826613280200421e-01 1.188587946712012311e+01 1.480079230221945363e+04
7.060786623394031958e-01 1.187085641565837335e+01 1.325159257329600950e+04
7.220560846462185101e-01 1.185843294208479648e+01 1.183577063765565981e+04
7.385334294781594755e-01 1.184438597355686618e+01 1.057476445417820833e+04
7.555343188446065339e-01 1.183431858048395391e+01 9.432357929050047460e+03
7.730697205804539784e-01 1.182547091900860003e+01 8.410299486095113025e+03
7.911477801620735439e-01 1.181782116653142012e+01 7.481846077340590455e+03
8.097842887175575877e-01 1.180977954392133711e+01 6.656008364181607249e+03
8.289914560976799907e-01 1.180629373298235230e+01 5.917422196578785588e+03
8.487724043368872762e-01 1.180142459761028029e+01 5.254266948681401118e+03
8.691385940927065512e-01 1.179784056287286020e+01 4.666015692277353992e+03
8.899644481971431542e-01 1.179673105287510637e+01 4.145344985734014699e+03
9.110046576169160693e-01 1.179587114460545472e+01 3.654285355432404685e+03
9.322519426106845586e-01 1.179609632222935822e+01 3.277125284687066141e+03
9.536922185323054579e-01 1.179718526449866900e+01 2.923082061070208511e+03
9.753871352715077769e-01 1.179935725502591382e+01 2.605753621741028383e+03
9.973131341928628268e-01 1.180958437089651980e+01 2.305823114290866215e+03
1.019473436572712721e+00 1.180520739645431227e+01 2.077069818753154777e+03
1.041894992040348633e+00 1.180892467600251550e+01 1.856467709889085199e+03
1.064575163699990279e+00 1.181332946551180640e+01 1.659076170766824362e+03
1.087496113062438763e+00 1.181673841071551401e+01 1.484797134619750750e+03
1.110663269866962066e+00 1.182302090041971177e+01 1.328699954930836157e+03
1.134122021406319014e+00 1.182687729861285320e+01 1.189523148946806259e+03
1.157768002749042457e+00 1.183443466183058490e+01 1.064903488957035279e+03
1.181692284199050924e+00 1.183663896529816739e+01 9.549428968325419191e+02
1.205858774722055271e+00 1.184418923340398067e+01 8.567893573702668846e+02
1.230268576411624126e+00 1.184868808136661755e+01 7.686609887029062520e+02
1.254977985250583794e+00 1.185333209917894415e+01 6.898679928460614974e+02
1.279790899724945419e+00 1.185946305696861991e+01 6.191079216373591407e+02
1.304877274402597598e+00 1.186357160217589524e+01 5.558228998236642155e+02
1.330190623981221343e+00 1.187044385892019349e+01 4.990420217368541671e+02
1.355663244201412487e+00 1.187674003900581532e+01 4.490615304053443424e+02
1.381423166856516449e+00 1.188369603586349399e+01 4.008552532500673919e+02
1.407198346805896394e+00 1.189098654735112959e+01 3.632116956213401409e+02
1.433214072136070660e+00 1.189396968928113374e+01 3.268063638447511607e+02
1.459369917769917757e+00 1.189907859011128899e+01 2.943280357423280407e+02
1.485787622718903966e+00 1.190736576765777954e+01 2.651878203277090051e+02
1.512197625025390346e+00 1.191035829308931149e+01 2.378903484271479556e+02
1.538595445786568039e+00 1.191446772300628787e+01 2.155892040745065117e+02
1.565193759422513597e+00 1.192283732445906175e+01 1.945632940219155671e+02
1.591863089199849091e+00 1.192507288471510485e+01 1.756882407125317798e+02
1.618596011919462674e+00 1.192951016199915593e+01 1.586455379291220140e+02
1.645343660667529795e+00 1.193345574340104776e+01 1.434775107130115259e+02
1.672111128262992130e+00 1.193668936093390620e+01 1.289574151497425873e+02
1.698880003749353218e+00 1.194172902332319808e+01 1.173228625166552774e+02
1.725618458892929752e+00 1.194541571402399072e+01 1.062286822254150849e+02
1.752315234718058834e+00 1.194834474436830440e+01 9.617943314525021492e+01
1.778951647860305574e+00 1.195093185298236804e+01 8.726604464912087167e+01
1.805509251440472918e+00 1.195296125511919527e+01 7.912035611872575203e+01
1.831957062051028595e+00 1.195464608364725301e+01 7.185744876944946213e+01
