2.191799393465098389e-01 1.550982308316407554e+01 3.683535669800713658e+06
2.256948262957877149e-01 1.526352892629071434e+01 3.193121397781881969e+06
2.324288635034534034e-01 1.505858599255530272e+01 2.766650625182041898e+06
2.393945911388196679e-01 1.480640036175113217e+01 2.403865370445899665e+06
2.465933703327826132e-01 1.460787092882803329e+01 2.085514616920908447e+06
2.540271724001856302e-01 1.441526810145929716e+01 1.809396352881631348e+06
2.617043244019863213e-01 1.423897478694182261e+01 1.572985755516028730e+06
2.696300949855244822e-01 1.406792984808949143e+01 1.362466081670759246e+06
2.778145514286738393e-01 1.391652883369074090e+01 1.173652128821532940e+06
2.862432445093734956e-01 1.377209571010883238e+01 1.026237794420036953e+06
2.949307317469956335e-01 1.363256731239829733e+01 8.908408169741787715e+05
3.038836858258340268e-01 1.350580070455923831e+01 7.749332096664219862e+05
3.131099880180193140e-01 1.338250961269581296e+01 6.720509097627033480e+05
3.226062308918657973e-01 1.327846875304155994e+01 5.852951288653301308e+05
3.323815739689743864e-01 1.317263039440306827e+01 5.073245478788553737e+05
3.424370128972463734e-01 1.307522014063167504e+01 4.409586558080287650e+05
3.527638372052384619e-01 1.297759504681981646e+01 3.844405658026105957e+05
3.633938085598200640e-01 1.288973928859884488e+01 3.338408063152324175e+05
3.742918002506525066e-01 1.280834708954060730e+01 2.902461849996580277e+05
3.854980795379389091e-01 1.273354772219511943e+01 2.521931592233830888e+05
3.970009333917642880e-01 1.266511182080956566e+01 2.195809900145425636e+05
4.087838306293540835e-01 1.259882184036976049e+01 1.915626595828120771e+05
4.208620852884147334e-01 1.253800119059376428e+01 1.667675213211199443e+05
4.332540423021384313e-01 1.247234824111431095e+01 1.451538049267772585e+05
4.459473036936220658e-01 1.241993312817147910e+01 1.265356504042339657e+05
4.589522551638439696e-01 1.237121048040864224e+01 1.101051784101531084e+05
4.722273664761681977e-01 1.232095653143758618e+01 9.637808626086323056e+04
4.858032939650587245e-01 1.227720000062699235e+01 8.406166299247978895e+04
4.996874114461263283e-01 1.223549881949493567e+01 7.316073731729433348e+04
5.138692922667211782e-01 1.219427053931837435e+01 6.397463762874399981e+04
5.283517988943946531e-01 1.215297845910943231e+01 5.591584359573042457e+04
5.431319424308054256e-01 1.212214606440796238e+01 4.888789754956822435e+04
5.582096858935575723e-01 1.208818322489028674e+01 4.272775015263099340e+04
5.735511572942815217e-01 1.205757634273754775e+01 3.742524350220581255e+04
5.891428962851077422e-01 1.202680451593398381e+01 3.274170836500280348e+04
6.048167773160757488e-01 1.199802715178263313e+01 2.874767400817865564e+04
6.206497019241885571e-01 1.197426559524748946e+01 2.526631016570344218e+04
6.367495824122940684e-01 1.194849773966462791e+01 2.221244099363407076e+04
6.531664365875562428e-01 1.192223726254247396e+01 1.951236855213146919e+04
6.700016610150845153e-01 1.189899451408067677e+01 1.704633277081358392e+04
6.873020597331207515e-01 1.187876939278591770e+01 1.496433594735449878e+04
7.051804209722342121e-01 1.185749118161908200e+01 1.320540339451366890e+04
7.235450462843152630e-01 1.183565708267650329e+01 1.156869750660651698e+04
7.425050946173622490e-01 1.181791313389183173e+01 1.012687643816268792e+04
7.616135205275589293e-01 1.180058816647896158e+01 8.872047076969489353e+03
7.804512593865292613e-01 1.178337240665355701e+01 7.804933339853236248e+03
7.990687585870366316e-01 1.176758021600634407e+01 6.891808533474004435e+03
8.175541029304793650e-01 1.175098833191582415e+01 6.097856153312686729e+03
8.359566349652911565e-01 1.173441096301788278e+01 5.408818501664798532e+03
8.543209015000975404e-01 1.171740461741802442e+01 4.761464721956837820e+03
8.726805019335686087e-01 1.169861551861949245e+01 4.268264996982191406e+03
8.911046733192103941e-01 1.168103011198535057e+01 3.796838721875257761e+03
9.095847639021339415e-01 1.166440758343952488e+01 3.381048329409777580e+03
9.281696941901809161e-01 1.164369403914713708e+01 3.009973381402628547e+03
9.468888515185818200e-01 1.162516579074743106e+01 2.661664595366733465e+03
9.657582555875784402e-01 1.160817135100121256e+01 2.390275416810698516e+03
9.847478987343838419e-01 1.158955110626731866e+01 2.130729127635720943e+03
1.003938407006311984e+00 1.157340110384924436e+01 1.899668782978035097e+03
1.023308575959245736e+00 1.154887921482816004e+01 1.681954549274357760e+03
1.042885432920973132e+00 1.152921877626157432e+01 1.498240216017028160e+03
1.062648197497966018e+00 1.150842996228595005e+01 1.345102575416782202e+03
1.082627395679339521e+00 1.148720625462334866e+01 1.199549619159278109e+03
1.102804523509381296e+00 1.146706236356900810e+01 1.068962587948362852e+03
1.123197648599052911e+00 1.144606058001017246e+01 9.523019784584317904e+02
1.143783628708310074e+00 1.142458210930802309e+01 8.493280069842462581e+02
1.164572708527956246e+00 1.140713838945871217e+01 7.567972497416055830e+02
1.185547750227574415e+00 1.138167769225591641e+01 6.753252623370617584e+02
1.206824340064706957e+00 1.136020329119086547e+01 6.000553207133528986e+02
1.228067055351446335e+00 1.133909201518951804e+01 5.322322885494252205e+02
1.249545071898802595e+00 1.131663737647879131e+01 4.774355394429616695e+02
1.271194722476701955e+00 1.129392647753477519e+01 4.256489988592280724e+02
1.292974064883174679e+00 1.127245917247602236e+01 3.798241246714302974e+02
1.314874502572461523e+00 1.124923013625902790e+01 3.388831132854870134e+02
1.336871928877472415e+00 1.122671158183728402e+01 3.022422012121065222e+02
1.358955538369767568e+00 1.120408402880105392e+01 2.696446444517849841e+02
1.381103361715926958e+00 1.118025218255753472e+01 2.402204864017932948e+02
1.403299698247016725e+00 1.115612870538035573e+01 2.152368424643528044e+02
1.425508437362496883e+00 1.113319815584084438e+01 1.922250890542609341e+02
1.447725670738480908e+00 1.110936909646688164e+01 1.714947609036609606e+02
1.469916228471251252e+00 1.108780058976527449e+01 1.536201754259812731e+02
1.492057617638965716e+00 1.106139366477733965e+01 1.375924522463463404e+02
1.514133744149334326e+00 1.103655267431626363e+01 1.231339030783840087e+02
1.536113316850223454e+00 1.101220657477128206e+01 1.103745036188680189e+02
1.557978078940742694e+00 1.098737061451698338e+01 9.897017762904475546e+01
1.579698452152886068e+00 1.096197930187918956e+01 8.882901017358179274e+01
1.601247300392140804e+00 1.093603666271009622e+01 7.981869153684047546e+01
1.622608162567418688e+00 1.091038441371348533e+01 7.135222783130907942e+01
1.643753128577110978e+00 1.088443026761151700e+01 6.447125580618758534e+01
1.664655126859649004e+00 1.085737512376553759e+01 5.806038438097667154e+01
1.685293725249921604e+00 1.083074668114923789e+01 5.232946489193355433e+01
1.705636726265818748e+00 1.080320279482967827e+01 4.718223883762743043e+01
1.725684155619194415e+00 1.077593644447642518e+01 4.257126656999149361e+01
1.745391285472707166e+00 1.074799033279705363e+01 3.846302210718516079e+01
1.764745813671496188e+00 1.071880742715170065e+01 3.478002918534191679e+01
1.783725071626404590e+00 1.069054667976736184e+01 3.151543003602150250e+01
1.802311848391675575e+00 1.066068850359990527e+01 2.849947966205075289e+01
1.820484564449346587e+00 1.063131524139731532e+01 2.592463443469936379e+01
1.838228845011925294e+00 1.060168020756642804e+01 2.355294526450041204e+01
1.855520987680099987e+00 1.057153106821044553e+01 2.142869690317256826e+01
1.872354634446096400e+00 1.054055736503237739e+01 1.951338973316870806e+01
