2.191799393465098389e-01 1.550982308316407554e+01 3.683535669800713658e+06
2.259439733732445110e-01 1.525561505576853349e+01 3.173084695007354952e+06
2.329339146821864381e-01 1.500867446766285518e+01 2.749693859247148037e+06
2.401831781111630204e-01 1.479297279043124824e+01 2.359137881812309846e+06
2.476695011695514981e-01 1.456352553147935147e+01 2.045310399587335763e+06
2.554178602641730134e-01 1.438687330905022499e+01 1.760562417124186642e+06
2.634289160702945054e-01 1.420141736288338663e+01 1.523370540254063904e+06
2.717070240830942174e-01 1.402370996883197130e+01 1.316237489974106662e+06
2.802581713563074839e-01 1.386844032606871480e+01 1.137166644518188201e+06
2.890872644694740257e-01 1.372437307643094329e+01 9.810403940767945023e+05
2.981951471975131662e-01 1.358219493165145053e+01 8.466375283915237524e+05
3.075816010145669410e-01 1.345356717181835648e+01 7.318521126538747922e+05
3.172694621600993803e-01 1.333426776746567377e+01 6.317598677986685652e+05
3.272444145361780299e-01 1.322630051959679243e+01 5.471749418460881570e+05
3.375053587222300311e-01 1.311471044782867068e+01 4.680897110969395144e+05
3.480851497911719994e-01 1.301793939738759676e+01 4.082968368518661009e+05
3.589657887943138448e-01 1.292491475772527032e+01 3.539104944213088020e+05
3.701571405302075957e-01 1.283766938307848626e+01 3.060234921600533416e+05
3.816766383757326242e-01 1.275886494957672568e+01 2.626837210866651149e+05
3.934814170980850401e-01 1.268423101727819002e+01 2.303178434027713374e+05
4.056206607476403603e-01 1.261395554764076543e+01 1.980750361512771924e+05
4.180693356494324386e-01 1.254963237957315414e+01 1.717122580229729356e+05
4.308481324456653327e-01 1.248786074598590012e+01 1.483226374282470788e+05
4.439614739183910253e-01 1.242799659543239699e+01 1.292776604561635322e+05
4.573698130734112910e-01 1.237926771523227565e+01 1.119257039397240878e+05
4.711348700172576232e-01 1.232524899687540021e+01 9.637140580896563188e+04
4.851764969194551358e-01 1.227888768916082363e+01 8.433258617093575594e+04
4.995637307677519012e-01 1.223568675071491008e+01 7.337139559161674697e+04
5.142692732014637613e-01 1.219208424126296464e+01 6.367563391369400779e+04
5.292976978852778069e-01 1.215320252407870782e+01 5.548237894923175190e+04
5.446462522149350116e-01 1.211989846557141881e+01 4.824689708075287490e+04
5.603146033602172116e-01 1.208368356530322707e+01 4.198668916874450224e+04
5.762707535717547236e-01 1.205124654150660390e+01 3.620057254791610467e+04
5.923105696815563759e-01 1.201891673995515930e+01 3.189458962300707208e+04
6.080176582668963547e-01 1.198810849224039288e+01 2.803056587779457186e+04
6.234964393880618738e-01 1.196567612775252876e+01 2.463856191785349438e+04
6.388769469889595820e-01 1.193757193218644730e+01 2.175336441095446935e+04
6.543260787396354417e-01 1.191400007885208190e+01 1.923169187197695646e+04
6.699480390135026386e-01 1.188648184866716839e+01 1.699503139746410307e+04
6.857746518060059415e-01 1.185943922536549167e+01 1.501431003539746780e+04
7.019164373122031009e-01 1.183404906605661289e+01 1.326019089008242918e+04
7.183768306828410832e-01 1.180932257935575613e+01 1.173049935035909584e+04
7.352983456852868471e-01 1.178317176253394116e+01 1.033727527817643386e+04
7.525533140509050867e-01 1.175608421636195544e+01 9.113750092812706498e+03
7.703350008635718726e-01 1.173419862771292088e+01 8.023574143631784864e+03
7.886369641533230723e-01 1.170974789196908716e+01 7.048303414916395923e+03
8.074640692286128019e-01 1.168909217245805898e+01 6.197588332355343482e+03
8.268460639684440672e-01 1.166641230671858587e+01 5.432229567664478964e+03
8.468086755475155991e-01 1.164312715747168880e+01 4.731377479726053025e+03
8.673803333834483320e-01 1.162091811877721170e+01 4.170592543974239561e+03
8.885632034447407124e-01 1.160257537775665249e+01 3.646994050670169145e+03
9.103731462095500104e-01 1.158311795194872040e+01 3.186125059586021507e+03
9.328210531631436764e-01 1.156549087998003777e+01 2.785604353971349155e+03
9.559005309011396889e-01 1.154862179363691155e+01 2.426333751352641684e+03
9.796163950732412751e-01 1.153208791776987319e+01 2.097754146665003191e+03
1.003968964160261601e+00 1.151767324289435912e+01 1.841940678667492193e+03
1.028973710221532389e+00 1.150385878564491016e+01 1.602413408486287835e+03
1.054596224145512240e+00 1.149108400566584365e+01 1.395194110102333752e+03
1.080836837688351704e+00 1.147969674768131654e+01 1.212898262653815664e+03
1.107682245986905567e+00 1.146995824803766872e+01 1.050807963849082398e+03
1.135121376989495445e+00 1.146005548354318293e+01 9.167838901292924447e+02
1.163127251276809826e+00 1.145385192643420069e+01 7.928194021895776586e+02
1.191685892425135673e+00 1.144602829235312313e+01 6.938704702867581773e+02
1.220778013895843284e+00 1.143616960125284976e+01 5.994566029975318315e+02
1.250369938827481375e+00 1.143109638191775623e+01 5.247448001174376486e+02
1.280434295566382330e+00 1.142321830089493062e+01 4.570868206727567440e+02
1.310942587518361346e+00 1.142164506192991702e+01 3.973174440673082586e+02
1.341860356699002610e+00 1.141457172194652614e+01 3.460701586418950910e+02
1.373145157188693677e+00 1.141081071521255019e+01 3.017304089686571729e+02
1.404183699201934088e+00 1.140951037824893355e+01 2.635282438790267747e+02
1.434667557746913680e+00 1.140378171439709298e+01 2.301480054793242402e+02
1.464596402979730705e+00 1.139617556223759287e+01 2.034044039488701969e+02
1.493952256992235661e+00 1.139132307906681341e+01 1.792903059791204612e+02
1.522757209288232660e+00 1.138612761750258606e+01 1.586733167815202421e+02
1.551000298295610147e+00 1.137706259542137310e+01 1.399714061291396661e+02
1.578711030224895895e+00 1.136948836457203527e+01 1.249809389278588583e+02
1.605858249668264959e+00 1.135789345794142946e+01 1.112800702418183221e+02
1.632466289414767679e+00 1.134702818246501366e+01 9.926354031813349366e+01
1.658522984137189349e+00 1.133426819370312266e+01 8.863771580090063651e+01
1.684018931229458449e+00 1.132068657432409253e+01 7.937864555975104963e+01
1.708957119247659362e+00 1.130520526021422434e+01 7.109448222550511787e+01
1.733311379802735530e+00 1.128872540172718253e+01 6.392297489418621836e+01
1.757113406093237851e+00 1.127188111882006183e+01 5.749887423409085585e+01
1.780329993865709115e+00 1.125277908531916182e+01 5.151054454999914611e+01
1.802967268884067664e+00 1.123249708539332303e+01 4.660233828285765156e+01
1.825010077779017470e+00 1.121210611959961057e+01 4.204536191758078445e+01
1.846476127091345676e+00 1.118980110610430501e+01 3.805734766545204906e+01
1.867314760108602645e+00 1.116679079019012910e+01 3.444768046656140825e+01
1.887558341475219503e+00 1.114173886660259072e+01 3.122711482353126300e+01
1.907172799853039669e+00 1.111698935221901330e+01 2.836884358810888429e+01
1.926182993819519851e+00 1.109045407158951413e+01 2.577721276037443232e+01
1.944546806560436103e+00 1.106300004400571702e+01 2.338123159840019838e+01
1.962287330586237388e+00 1.103419888693414030e+01 2.137424426603886118e+01
1.979392327428660225e+00 1.100519128568687499e+01 1.951265030366769082e+01
1.995996745652980575e+00 1.097485659819304260e+01 1.781554373651324141e+01
2.011812891709549245e+00 1.094303624948811837e+01 1.629866698580733697e+01
2.026839014275221285e+00 1.091087671119031555e+01 1.492917408536686530e+01
2.041357007082384545e+00 1.087801888635237901e+01 1.369145865646158278e+01
2.055361440348506097e+00 1.084460775021650214e+01 1.252753999304817434e+01
2.068436413406784524e+00 1.080958487564677384e+01 1.156362711720838199e+01
