2.191799393465098389e-01 1.550982308316407554e+01 3.683535669800713658e+06
2.262954982158849326e-01 1.524737469022251268e+01 3.173588699751953129e+06
2.336635775840695817e-01 1.498345373470190545e+01 2.701207194543135818e+06
2.413260362315700902e-01 1.474458969369698202e+01 2.316509728980434593e+06
2.492405060228217728e-01 1.453227712238124170e+01 1.980959958198453533e+06
2.574510466754669769e-01 1.433550254096166121e+01 1.700695845448448788e+06
2.659517061970567142e-01 1.414507573527922624e+01 1.454005689905376872e+06
2.747515871935893861e-01 1.397383772906171373e+01 1.245278359942594310e+06
2.838535183527786110e-01 1.380722660616135045e+01 1.067676037065412849e+06
2.932755891525642977e-01 1.365872144587274839e+01 9.156176741838438902e+05
3.029759095548693049e-01 1.351428821442372907e+01 7.858869273791400483e+05
3.130147676471492502e-01 1.338380601490296939e+01 6.733063870906112716e+05
3.233797783900183020e-01 1.326869818703420556e+01 5.782726992168951547e+05
3.340714644053037752e-01 1.314860315694345694e+01 4.955297679715489503e+05
3.450860721257683617e-01 1.304274253296138930e+01 4.256785850008512498e+05
3.564527743824675854e-01 1.294878064779377524e+01 3.654087631778450450e+05
3.681449035692248017e-01 1.285361888182570667e+01 3.138490939127391321e+05
3.801879717701691641e-01 1.276758473525390514e+01 2.695050028623752296e+05
3.925814578770162599e-01 1.268990064165338794e+01 2.315675051478235109e+05
4.053293660565016054e-01 1.261587584131534712e+01 1.989675096342346806e+05
4.184166649001515026e-01 1.254541292364633343e+01 1.711808482206917834e+05
4.318695665820975194e-01 1.248497690261334014e+01 1.474387940550126659e+05
4.456831684705129804e-01 1.242057810889920688e+01 1.257655485372055118e+05
4.598668228077161801e-01 1.236691215260858456e+01 1.082792169018965360e+05
4.743737608493039937e-01 1.231445109674337424e+01 9.416701041443791473e+04
4.892540152530016617e-01 1.226433322127887671e+01 8.031097067582135787e+04
5.044661962695133894e-01 1.222030953390737373e+01 6.996404183252068469e+04
5.200510671913516347e-01 1.217724443890927688e+01 6.036627108010389929e+04
5.359906770945359611e-01 1.213754062189804550e+01 5.220180512246254511e+04
5.522839849067719964e-01 1.210139145280122186e+01 4.508236736218615988e+04
5.689311228797562237e-01 1.206693703949068208e+01 3.889636944817052427e+04
5.858314591306249541e-01 1.202984083595562659e+01 3.368029080336951301e+04
6.020999115604209750e-01 1.200510266434901041e+01 2.934031050097790649e+04
6.177463407813023055e-01 1.197532024784696780e+01 2.582386431991176141e+04
6.329928253858617682e-01 1.194565836374042789e+01 2.277489136386895188e+04
6.479975200019203463e-01 1.191705454276651821e+01 2.013794532393956251e+04
6.629096912087972804e-01 1.188755335838021843e+01 1.783535234414720253e+04
6.778560025205317974e-01 1.185713108400450899e+01 1.580503450549325680e+04
6.929127501499903197e-01 1.182977034419437956e+01 1.400590497905002667e+04
7.082016455572976987e-01 1.179481514097489381e+01 1.242143283875511770e+04
7.236440613424314217e-01 1.176361511484327771e+01 1.100482543346184138e+04
7.394395873960762922e-01 1.173260724346000394e+01 9.737030642646175693e+03
7.555901624500657165e-01 1.170394687526845168e+01 8.605709758078655796e+03
7.721344067198508965e-01 1.167175674441251765e+01 7.564921484775321005e+03
7.891224998595655071e-01 1.164078753603174476e+01 6.701219432897152728e+03
8.065698132082298466e-01 1.160916112763384866e+01 5.907613919579683170e+03
8.245126879153689137e-01 1.158017702572379548e+01 5.191834760875731263e+03
8.429612008161307957e-01 1.155055528085034844e+01 4.565129844577259064e+03
8.619486278784491695e-01 1.151816894341302344e+01 4.007081619334512652e+03
8.814923683152059430e-01 1.148953850712476132e+01 3.509574586152909887e+03
9.015966198967784173e-01 1.146106463309051193e+01 3.073487082367379116e+03
9.222741539916571307e-01 1.143249733726223205e+01 2.685739464991719615e+03
9.435568936853040434e-01 1.140661402828968107e+01 2.345112731139011430e+03
9.653593322278750666e-01 1.138203394759383436e+01 2.033059587915421162e+03
9.877846567520575105e-01 1.135642860116606556e+01 1.785772646550517038e+03
1.010781864874395586e+00 1.133184194557398783e+01 1.557111545629617467e+03
1.034343693113666918e+00 1.130534456098128437e+01 1.354735359214747405e+03
1.058471504688221376e+00 1.128203246364075696e+01 1.183036803955215191e+03
1.083145557374076473e+00 1.126416822212375735e+01 1.026670336276095895e+03
1.108344673253609081e+00 1.123840705414424690e+01 8.933674622331911905e+02
1.134065423229462466e+00 1.121749937465841462e+01 7.774483107349606144e+02
1.160284016485382041e+00 1.120163523336627165e+01 6.755829533761259427e+02
1.186956198474503177e+00 1.117825771005674973e+01 5.881118212287339020e+02
1.214080020907646107e+00 1.116249178697895061e+01 5.115903701616455805e+02
1.241612210979022857e+00 1.114583269589112646e+01 4.449320931365106162e+02
1.269525641759017720e+00 1.112860364883046671e+01 3.871343212557164861e+02
1.297779145827637759e+00 1.110915560952974879e+01 3.352985886121851422e+02
1.326352838286853686e+00 1.109340711873328722e+01 2.939233446952398481e+02
1.355200729484230537e+00 1.107949169500119879e+01 2.556033507752361515e+02
1.384279935138176265e+00 1.106048064257504748e+01 2.232516233565871460e+02
1.413560861391101930e+00 1.104667218505956328e+01 1.949054374601168433e+02
1.442988690918801886e+00 1.103063166585051746e+01 1.701435186591102706e+02
1.472526666298825448e+00 1.101579835450629652e+01 1.487617130074032730e+02
1.502131452100892162e+00 1.100222100671749459e+01 1.300104842313747326e+02
1.531761490238135570e+00 1.098689615423478472e+01 1.140119551554280974e+02
1.561362179964050467e+00 1.097239411190330038e+01 9.998661774098287935e+01
1.590896279477739705e+00 1.095743515810772095e+01 8.766954243497674781e+01
1.620309658902791439e+00 1.094301643766450027e+01 7.703530438455499052e+01
1.649567596748642728e+00 1.092760529772122879e+01 6.782727054085717100e+01
1.678619424324279352e+00 1.091226389769496485e+01 5.972854127433841853e+01
1.706449925602543605e+00 1.089664638189891654e+01 5.288897412099593254e+01
1.729964306429844889e+00 1.087948015819624636e+01 4.754447840510987788e+01
1.749388450563302611e+00 1.085970854288440890e+01 4.331328716848395288e+01
1.765239649203785621e+00 1.083654067122364140e+01 3.991037781548316588e+01
1.777985404463876096e+00 1.081027227537470203e+01 3.702429236184699590e+01
1.788012872001541353e+00 1.078072021876672082e+01 3.452118362397853701e+01
1.795664587569119952e+00 1.074725752587885985e+01 3.262247438894089413e+01
1.801218464273301789e+00 1.071257598915565445e+01 3.086080419049321577e+01
1.804923384701335065e+00 1.067436975443413871e+01 2.933423203776421673e+01
1.806983578788953881e+00 1.063442248607686835e+01 2.799437438562830138e+01
1.807581428856608108e+00 1.059283538354767096e+01 2.672212907599443810e+01
1.806857867334692891e+00 1.054833716323959791e+01 2.576388618255488794e+01
1.804974007485529164e+00 1.050275662993219861e+01 2.481971498929461717e+01
1.802025244922165870e+00 1.045629464896635419e+01 2.397022494749331400e+01
1.798111498849168211e+00 1.040779857569320122e+01 2.319456266180086956e+01
1.793345989777334060e+00 1.035808379072854102e+01 2.243272832607967260e+01
1.787797263946992565e+00 1.030723129931192616e+01 2.180526940204108399e+01
1.781532021178305669e+00 1.025524499489021579e+01 2.129586996250612785e+01
1.774634422393395194e+00 1.020322587505395795e+01 2.075795447605098332e+01
1.767142297764985548e+00 1.014994571911279131e+01 2.027309371204810162e+01
