2.191799393465098389e-01 1.550982308316407554e+01 3.683535669800713658e+06
2.252603950418379797e-01 1.528745760197717907e+01 3.237341359651142266e+06
2.315429295974930080e-01 1.508575325140956735e+01 2.816569491265504155e+06
2.380236186780766983e-01 1.484543391118593547e+01 2.469387814399958123e+06
2.447159757425126370e-01 1.466981477556577573e+01 2.175134916845083702e+06
2.516028997245640664e-01 1.451013745831888890e+01 1.890953439426696859e+06
2.587041007431064021e-01 1.430665712606715445e+01 1.658208745333957020e+06
2.660204392445887911e-01 1.414262423665509516e+01 1.453670708659305936e+06
2.735565343390946591e-01 1.399269261879472026e+01 1.271439307844742201e+06
2.813144932299542211e-01 1.385337289665505800e+01 1.113815802466840250e+06
2.893002371297435649e-01 1.371594234001744894e+01 9.768709830617096741e+05
2.975059633754282840e-01 1.359600439739974753e+01 8.576065659178978531e+05
3.059499508283340941e-01 1.347338487335668589e+01 7.501579658395342994e+05
3.146327118389515287e-01 1.335644438123750888e+01 6.584632485115020536e+05
3.235583996853600985e-01 1.325248504268324545e+01 5.759695433754741680e+05
3.327046384061671525e-01 1.316043935996673042e+01 5.059864099213824375e+05
3.421116954680860078e-01 1.306948979940560029e+01 4.429645542714857147e+05
3.517550212447028146e-01 1.298691436226547324e+01 3.891707584140423569e+05
3.616575027961640987e-01 1.290850106156851673e+01 3.412356742533344077e+05
3.718068171108829811e-01 1.282868416451915472e+01 2.994064384725210257e+05
3.822310398917776464e-01 1.275392507929776009e+01 2.625967991779858130e+05
3.928815683767059030e-01 1.268971140467018266e+01 2.304933365699164278e+05
4.038003752700790594e-01 1.262441592166704396e+01 2.026114152521668875e+05
4.149848739021984034e-01 1.256337254666374648e+01 1.784774601993522665e+05
4.264376086947732625e-01 1.250735117408316022e+01 1.565009616458259115e+05
4.381305369486515611e-01 1.245848609419524067e+01 1.374937457468680514e+05
4.501171479575085677e-01 1.240339327409782300e+01 1.212986823186981055e+05
4.623541661811950143e-01 1.235646668578679552e+01 1.067540065340490837e+05
4.748407179643174825e-01 1.231165654597909231e+01 9.381795340530569956e+04
4.876036399328592119e-01 1.227280917695153484e+01 8.237540703642820881e+04
5.006030776014877004e-01 1.223080580968224140e+01 7.187453245170140872e+04
5.138773330412806928e-01 1.219403199888382083e+01 6.402363372652068938e+04
5.274172257822825616e-01 1.215980013794614756e+01 5.642637220307358075e+04
5.412172383577584789e-01 1.212724974548831369e+01 4.973895536286672723e+04
5.552779436825290293e-01 1.209552794451370339e+01 4.389455684492454020e+04
5.695999692602209397e-01 1.206610755431749915e+01 3.867998698350917402e+04
5.841168726321305238e-01 1.203759547039839184e+01 3.417332157424087927e+04
5.986619906820019876e-01 1.201121499335922849e+01 3.028746066086664723e+04
6.132127300815082283e-01 1.198468457037543899e+01 2.685052248178453374e+04
6.278881091322344732e-01 1.196334132749714207e+01 2.380685726435912511e+04
6.426876957475069485e-01 1.193709408369589475e+01 2.116351467085328113e+04
6.577518918464112518e-01 1.191413826359582195e+01 1.881304997497306613e+04
6.731427871330397661e-01 1.189232527091983194e+01 1.670672493752112860e+04
6.888739990699619398e-01 1.187091905138119508e+01 1.482669730558092124e+04
7.049873779697538589e-01 1.185012362469637104e+01 1.315512770892296430e+04
7.216011654558974753e-01 1.183000988619790839e+01 1.164832611905837075e+04
7.385611302084459373e-01 1.181062661874247333e+01 1.032249529189738496e+04
7.560688059884631551e-01 1.179246125932869482e+01 9.135781414019693329e+03
7.738489846244720471e-01 1.177549137020304393e+01 8.082123985929922128e+03
7.916252620673897011e-01 1.175647962402705993e+01 7.103053048619452966e+03
8.094069741462189826e-01 1.174241278924047904e+01 6.368566131334423517e+03
8.272379222775165797e-01 1.172521173365793423e+01 5.661101933949007616e+03
8.451719550924242652e-01 1.171133476555458763e+01 5.044936203165682855e+03
8.632218131643594194e-01 1.169340731413526946e+01 4.496230270358312737e+03
8.814216324136505687e-01 1.168068563569381091e+01 4.004509003954179661e+03
8.997842301592384739e-01 1.166503809763122668e+01 3.575875920990020859e+03
9.183248635653203928e-01 1.164737413746495065e+01 3.189884387502729624e+03
9.370597504663159549e-01 1.163378699489780921e+01 2.847624710881759256e+03
9.560062576342840401e-01 1.161786738275312203e+01 2.541752841233813342e+03
9.751892696929310711e-01 1.160646664196266364e+01 2.269978186037692012e+03
9.946067325632848011e-01 1.158842867479700978e+01 2.025815506424653677e+03
1.014262996499440961e+00 1.157518012549769892e+01 1.806530944545524790e+03
1.034165066834668245e+00 1.156089169862820754e+01 1.613240171132986916e+03
1.054334331384556345e+00 1.154173553312336509e+01 1.439599133488030475e+03
1.074725644945903724e+00 1.152617283203628595e+01 1.286303849979574352e+03
1.095376471751771552e+00 1.151073160713952426e+01 1.147581188664201818e+03
1.116282974830496322e+00 1.149622476061800747e+01 1.024753082134554688e+03
1.137436205260365707e+00 1.148123140544635135e+01 9.149627169743497461e+02
1.158830426447659434e+00 1.146661395748866141e+01 8.165104166858984627e+02
1.180456542856774149e+00 1.145161150607317069e+01 7.294301381387343781e+02
1.202384967020587725e+00 1.143983248885700021e+01 6.513507720647487531e+02
1.224375146635344080e+00 1.142051865442298819e+01 5.810616281524454507e+02
1.246651224413411807e+00 1.140653191757773754e+01 5.187649076177494862e+02
1.269120848679228031e+00 1.139029400951294235e+01 4.637991998580565678e+02
1.291857277420573435e+00 1.137638107890415640e+01 4.134566185853330467e+02
1.314568992838720085e+00 1.136154690919819643e+01 3.700792373812589631e+02
1.337544684584586641e+00 1.134636874165580167e+01 3.307581836655260190e+02
1.360610147847716389e+00 1.133179255053534540e+01 2.959521023918732112e+02
1.383811184853281695e+00 1.131522764847758644e+01 2.648095803958303236e+02
1.407166403388705467e+00 1.130101673567579823e+01 2.367796847374108609e+02
1.430468318227887670e+00 1.128452890753536586e+01 2.112354877409408687e+02
1.453889636211944003e+00 1.126855236061606647e+01 1.900228258651488034e+02
1.477342484144266610e+00 1.125330450562024076e+01 1.703305874915839411e+02
1.500798292197320638e+00 1.123727407113962506e+01 1.526144598250586455e+02
1.524248241381559454e+00 1.122160479798672128e+01 1.368856014945637014e+02
1.547665600135622155e+00 1.120562620845127455e+01 1.230175754373094037e+02
1.571023456713719568e+00 1.118849922510578843e+01 1.103367839065262217e+02
1.594284300519698050e+00 1.117115371563312642e+01 9.881806090451483726e+01
1.617452283933693780e+00 1.115444173612391943e+01 8.925742239669195044e+01
1.640487253740529949e+00 1.113706108440649167e+01 8.043806385164997153e+01
1.663368836225985969e+00 1.111973813013029400e+01 7.242625399848240875e+01
1.686072704976320003e+00 1.110123651621979235e+01 6.530978314062303980e+01
1.708580621539881994e+00 1.108294290472467658e+01 5.889339130428417945e+01
1.730861887811476985e+00 1.106424603517158012e+01 5.323459026349065226e+01
1.752899560988367966e+00 1.104538337980808294e+01 4.812215780559166944e+01
1.774671671754760816e+00 1.102601726899787238e+01 4.348713150153832885e+01
1.796148584496348066e+00 1.100606746587127915e+01 3.934920842138495800e+01
1.817319454892630581e+00 1.098604359809304221e+01 3.568115987689647994e+01
1.838153641804989968e+00 1.096589845021671650e+01 3.239530791116445840e+01
1.858635829165153908e+00 1.094490164189238079e+01 2.941214403970037949e+01
