2.191799393465098389e-01 1.550982308316407554e+01 3.683535669800713658e+06
2.253428392706814665e-01 1.527121821174842253e+01 3.221935922026466113e+06
2.317113789524439527e-01 1.505765098765563081e+01 2.827228799692496192e+06
2.382833228659005931e-01 1.484206765676235662e+01 2.455545469466665294e+06
2.450724099164010572e-01 1.464448512041189154e+01 2.155424567093923688e+06
2.520633250038457063e-01 1.445671331877472277e+01 1.878656555965276901e+06
2.592729697734034722e-01 1.429295769615969114e+01 1.641861853823839454e+06
2.667049176130213417e-01 1.412511184930109565e+01 1.434288684936824720e+06
2.743608705070917364e-01 1.397763909168832797e+01 1.254366583929166663e+06
2.822477735186034731e-01 1.384202186236657184e+01 1.101065728365189396e+06
2.903675124902126981e-01 1.370042403137111364e+01 9.609288212653822266e+05
2.987309191167329403e-01 1.357487505890487078e+01 8.403857983111907961e+05
3.073000019476858635e-01 1.345699604599105115e+01 7.343309774173820624e+05
3.161380091199154641e-01 1.334488741917963672e+01 6.414984035374519881e+05
3.252101119749185587e-01 1.324778938377324877e+01 5.628465920463657239e+05
3.345445854956503040e-01 1.314432670608177212e+01 4.928178838040570845e+05
3.441124527954258494e-01 1.305373530789645642e+01 4.311405841432468151e+05
3.539462342045354148e-01 1.296815145429024518e+01 3.774984917254358879e+05
3.640602572319743269e-01 1.288569177810378719e+01 3.308884111585213686e+05
3.743818361502742054e-01 1.281003320360600561e+01 2.895769690755525371e+05
3.849992420063279575e-01 1.273546528300069092e+01 2.542031343081322266e+05
3.958761101385039893e-01 1.267009191952914549e+01 2.224581062235370919e+05
4.070121319609259491e-01 1.260616468404806056e+01 1.950955508644115471e+05
4.184135980301078028e-01 1.254890228561358256e+01 1.712281170241576619e+05
4.300926274535392113e-01 1.249047870719999587e+01 1.502926509369536070e+05
4.420329050900148049e-01 1.243624851595468961e+01 1.319275350341018639e+05
4.542519388273479342e-01 1.238991644934519343e+01 1.159352849115415302e+05
4.667532792211251946e-01 1.234183073580322976e+01 1.017872915924460540e+05
4.795051286951856340e-01 1.229588638965185510e+01 8.927630391041268012e+04
4.925205360518604136e-01 1.225595173528181370e+01 7.851782658604207973e+04
5.058028644035110766e-01 1.221700671726329368e+01 6.905491992938290059e+04
5.193712170823300278e-01 1.218081118001867047e+01 6.019360075885361584e+04
5.331890522244491226e-01 1.214505660420120137e+01 5.348262346121625887e+04
5.472830964844916934e-01 1.211460776967213171e+01 4.704228501395133208e+04
5.616447527251203775e-01 1.207714099168297572e+01 4.153536201736789371e+04
5.762417157101762388e-01 1.205123036641170842e+01 3.620893649818364793e+04
5.910181501487061784e-01 1.202531715527391398e+01 3.227720747006239253e+04
6.058234589972263384e-01 1.199873978628150262e+01 2.852464345973184754e+04
6.207711861913937090e-01 1.197377836867249634e+01 2.522481426456847839e+04
6.358491790782316855e-01 1.194770139376522167e+01 2.238695886637596413e+04
6.512161199161630165e-01 1.192620656794364287e+01 1.982356700171048578e+04
6.669169608924554460e-01 1.190328243513384976e+01 1.752398565903469716e+04
6.830197044306933751e-01 1.188256107282637331e+01 1.555325518993637161e+04
6.994893553161900535e-01 1.186189324998011685e+01 1.373041094626813356e+04
7.163330813548329790e-01 1.184020503380363643e+01 1.207952785533927272e+04
7.330930909326469624e-01 1.182277722384020180e+01 1.075617373170738574e+04
7.497223772055262581e-01 1.180268560149559143e+01 9.569281628817057936e+03
7.663062827876515604e-01 1.178629073995813670e+01 8.519301784567363939e+03
7.828764723272256809e-01 1.176722353112136510e+01 7.601029413467771519e+03
7.995037325015814655e-01 1.174666361641101098e+01 6.787739167149780769e+03
8.161939914933824536e-01 1.173001159799837190e+01 6.061326225622595302e+03
8.329971091104652059e-01 1.171297386092673243e+01 5.415652172673822861e+03
8.499462912509806456e-01 1.169305596645942025e+01 4.837555030307177731e+03
8.670550171437642062e-01 1.167449888375705491e+01 4.324282629067931339e+03
8.843556696410188600e-01 1.165323924747013962e+01 3.874597485288181815e+03
9.018670898467450181e-01 1.163924957875965482e+01 3.460825401978594073e+03
9.196069472405696832e-01 1.161819779682436860e+01 3.095681431420296121e+03
9.375618778032172029e-01 1.160050985531815471e+01 2.766330605157478203e+03
9.557939368782046863e-01 1.157999849384844993e+01 2.473414269230107038e+03
9.742792770736840025e-01 1.156168340599995581e+01 2.193878141498423702e+03
9.930287374352626539e-01 1.154221311128955740e+01 1.975060255057283257e+03
1.012049359726090669e+00 1.152373205259716293e+01 1.764456421209888276e+03
1.031433454758243551e+00 1.150578146698475557e+01 1.575518745299456214e+03
1.050932430083536540e+00 1.148745730413171451e+01 1.406438345118538336e+03
1.070795111571008151e+00 1.146624600944355343e+01 1.256075124199679749e+03
1.091005025788522875e+00 1.144952476450311174e+01 1.119331522434122235e+03
1.111332997243256848e+00 1.143222599085699009e+01 1.000691552826721590e+03
1.132010622576978820e+00 1.141123467871312158e+01 8.920082772645732803e+02
1.152948524317095380e+00 1.139323039531546655e+01 7.964162717422125297e+02
1.174141445977869624e+00 1.137880516899547167e+01 7.106739480024725708e+02
1.195575228179504679e+00 1.135879199752313440e+01 6.339322755102816700e+02
1.217234641262044281e+00 1.133809721881248045e+01 5.662292899502837145e+02
1.239125264558026185e+00 1.132067771914846688e+01 5.047996030229579105e+02
1.261213688285963919e+00 1.130274617125161996e+01 4.504941589927229302e+02
1.283553604411001858e+00 1.128504455926817052e+01 4.023395590913699493e+02
1.305949296554233419e+00 1.126867321193839011e+01 3.591905566594145398e+02
1.328568092352541141e+00 1.125025737360203770e+01 3.205105441283106416e+02
1.351308905745769673e+00 1.123202232344007001e+01 2.850646204088828881e+02
1.374173272234082699e+00 1.121405143784182989e+01 2.559478948248596453e+02
1.397140329562355898e+00 1.119618168553957993e+01 2.289034001564659491e+02
1.420190440572842272e+00 1.117782320734224122e+01 2.036910222231151977e+02
1.443277718766611262e+00 1.116124160911029684e+01 1.831577705112295575e+02
1.466413376267087010e+00 1.114259283323769090e+01 1.638482287302373663e+02
1.489536135941216921e+00 1.112482906769740154e+01 1.470291764542923545e+02
1.512659994728157375e+00 1.110578920389734314e+01 1.318328101295487897e+02
1.535743564131281769e+00 1.108700040060415049e+01 1.181579453022930153e+02
1.558762784983025451e+00 1.106875580223765354e+01 1.055599005650097411e+02
1.581695034829071256e+00 1.105000919081787636e+01 9.525380478815094420e+01
1.604514366218959376e+00 1.103030517430475044e+01 8.518432177881217626e+01
1.627200048970848023e+00 1.101056033940702150e+01 7.701416240313565709e+01
1.649764065240430400e+00 1.099123713524340751e+01 6.874849381396651893e+01
1.672058470723841728e+00 1.097179643303105578e+01 6.230907508265672590e+01
1.694188673798577627e+00 1.095143421336235079e+01 5.623651566523756173e+01
1.716076301561726636e+00 1.093082979086535111e+01 5.080526235081978115e+01
1.737719981402753744e+00 1.090979292235224207e+01 4.569601996189695114e+01
1.759076526946284691e+00 1.088878898918038729e+01 4.149351407351472432e+01
1.780137622407061304e+00 1.086777462224808133e+01 3.753676211360676973e+01
1.800874293757399380e+00 1.084544924341654770e+01 3.400375443807811848e+01
1.821268466222122795e+00 1.082334672401331943e+01 3.083658549865802811e+01
1.841301641934866229e+00 1.080067409625574903e+01 2.797867407945399876e+01
