2.191799393465098389e-01 1.550982308316407554e+01 3.683535669800713658e+06
2.262376757760051760e-01 1.525093641724918037e+01 3.162963226095782593e+06
2.335419091993838347e-01 1.498474799561534176e+01 2.708885540976432618e+06
2.411371917812319687e-01 1.475269268689579505e+01 2.324559449129926041e+06
2.489787279602662662e-01 1.455320878249107608e+01 2.000414660638098139e+06
2.571110523698244554e-01 1.433783346591489405e+01 1.708418637705200585e+06
2.655306412924377524e-01 1.415722506210944687e+01 1.463657113849502057e+06
2.742423674777745846e-01 1.397985799506395566e+01 1.259495675055714324e+06
2.832528503501528516e-01 1.381894610458217265e+01 1.077205312349048443e+06
2.925722860892118193e-01 1.366997948298796572e+01 9.248095911240589339e+05
3.021760041678794306e-01 1.352412340321895456e+01 7.954943104275783990e+05
3.121057806830315196e-01 1.339617667231702214e+01 6.825389304840125842e+05
3.223508153046580338e-01 1.327268401086741534e+01 5.865969648384054890e+05
3.329235771962842372e-01 1.316907851924511341e+01 5.036122146267351927e+05
3.438162598829860306e-01 1.305802781682888281e+01 4.330693549257408013e+05
3.550492838148787689e-01 1.295991584726920109e+01 3.729427073707438540e+05
3.666027150983781069e-01 1.286495441429742215e+01 3.204183011198541499e+05
3.785022919595748547e-01 1.277889319597729312e+01 2.749429576562101720e+05
3.907474617861706467e-01 1.269982249817462083e+01 2.354314923656898900e+05
4.033370389791626764e-01 1.262697441189716763e+01 2.036706295725781238e+05
4.162629763408059458e-01 1.255750263320013183e+01 1.756774918545859109e+05
4.295497930952875132e-01 1.249300711659815910e+01 1.510652031012400112e+05
4.431823728221345182e-01 1.243138781750462130e+01 1.302078483270493161e+05
4.571687949620968916e-01 1.237622821383450322e+01 1.123743931776913232e+05
4.715132419733622515e-01 1.232330209280034516e+01 9.710290783591110085e+04
4.861893380563327982e-01 1.227611729591467160e+01 8.349953057695440657e+04
5.012191932993503851e-01 1.223054920549619595e+01 7.228281250800591079e+04
5.166000424386836265e-01 1.218783432712264947e+01 6.240678837787892553e+04
5.323322891121338163e-01 1.214627666423123564e+01 5.389905625195305765e+04
5.484119930706823354e-01 1.211055636382558731e+01 4.669543091312434262e+04
5.648397021828533981e-01 1.207354930825361450e+01 4.028441055117903306e+04
5.815582958688700899e-01 1.204145279169107319e+01 3.493853856479433307e+04
5.977864436566587836e-01 1.201104340783714974e+01 3.049448157890001676e+04
6.130753977784930697e-01 1.198349978674750282e+01 2.657870517871153424e+04
6.277054565281995346e-01 1.195452149394043850e+01 2.373859093064460103e+04
6.419266770511766751e-01 1.192557301495526900e+01 2.112035011223140100e+04
6.558899232934032320e-01 1.189501391079534720e+01 1.878592356898155413e+04
6.696925864887364188e-01 1.186403330946840207e+01 1.677047406810893153e+04
6.834680871803906488e-01 1.183217449058454029e+01 1.489547945348364738e+04
6.973057327025175001e-01 1.180105062401318250e+01 1.336472911425825077e+04
7.112651330759253154e-01 1.176642229905544568e+01 1.192245750263753507e+04
7.254036598335560360e-01 1.173432727138711407e+01 1.064988677506361819e+04
7.397677886231532884e-01 1.170017115909572070e+01 9.501725604671024485e+03
7.544358531775953169e-01 1.166671568368052014e+01 8.372422541961463139e+03
7.693942421320820735e-01 1.162965751725998231e+01 7.512852775490513523e+03
7.847224539027034540e-01 1.159633101127070631e+01 6.681719484740611733e+03
8.004319253830383118e-01 1.156111256639374041e+01 5.929301986826560096e+03
8.165607285368400303e-01 1.152598799878217228e+01 5.255257641408813470e+03
8.331208476421264608e-01 1.148959822931483288e+01 4.643884283717767175e+03
8.501426656595055809e-01 1.145624258077181423e+01 4.102353314739424604e+03
8.676241404257416523e-01 1.142176932345146056e+01 3.598325513481267535e+03
8.855968437280649086e-01 1.139238062262258389e+01 3.192817254584674174e+03
9.040627996713280767e-01 1.135366200936824299e+01 2.812230272927017268e+03
9.230336337099522837e-01 1.132079650144560112e+01 2.472543060138686997e+03
9.424987259097812320e-01 1.128988688672104779e+01 2.156989865758488122e+03
9.624770416444526910e-01 1.125966009227987463e+01 1.907745270442363108e+03
9.829577473025014056e-01 1.122742587271727821e+01 1.673485929711512881e+03
1.003940370068672205e+00 1.119397194335909518e+01 1.468736129907474833e+03
1.025414479438045978e+00 1.116563275980597858e+01 1.279400352014534747e+03
1.047371133764428475e+00 1.113569886468778769e+01 1.124780434782059274e+03
1.069797183819453767e+00 1.111065561747647834e+01 9.845043996405065627e+02
1.092680679978136560e+00 1.107812558082419763e+01 8.615461228467844421e+02
1.116004014614159878e+00 1.105044352511222350e+01 7.538542290164909900e+02
1.139748993247863051e+00 1.102444670848421815e+01 6.585005879831401217e+02
1.163877982691369217e+00 1.099824931678046269e+01 5.757930481841068513e+02
1.188395083985722911e+00 1.097584975061274015e+01 5.042185896798584395e+02
1.213256224858314525e+00 1.094846016437739777e+01 4.380153758183126911e+02
1.238424778538764093e+00 1.092777087448167173e+01 3.845970171949380756e+02
1.263886878251948787e+00 1.090115160003224837e+01 3.372442397508444856e+02
1.289613426272972596e+00 1.087813648602740457e+01 2.938621042444050317e+02
1.315554283345289788e+00 1.085516934580948778e+01 2.588704617220859063e+02
1.341685439058042828e+00 1.083182278477458027e+01 2.267407638474395810e+02
1.367947809652247937e+00 1.080987934987685506e+01 1.990312637017739519e+02
1.393967796483284616e+00 1.078892144141216214e+01 1.749244200808361427e+02
1.419601025122830595e+00 1.076700303607030484e+01 1.539992162915801828e+02
1.444833302687103194e+00 1.074457170995241206e+01 1.361452970718671907e+02
1.469673818765321771e+00 1.072220895336944579e+01 1.200031435891795013e+02
1.494019179339317160e+00 1.069908100555978869e+01 1.063555789006895367e+02
1.517955081532684769e+00 1.067600734530749840e+01 9.495662765934726224e+01
1.541403849752565725e+00 1.065123753525673678e+01 8.451990100959670826e+01
1.564394219374935613e+00 1.062621662812446566e+01 7.503296350953985439e+01
1.586880349607632246e+00 1.060030981344204548e+01 6.726033181467360578e+01
1.608873691129937722e+00 1.057463968472304039e+01 5.993610588390318838e+01
1.630361251770457987e+00 1.054685969641611365e+01 5.386518732749619431e+01
1.651307710528169714e+00 1.051894145107877421e+01 4.836312528244966558e+01
1.671721353212042294e+00 1.049099506832327222e+01 4.330239122903076066e+01
1.691631160397219613e+00 1.046128607953676415e+01 3.913624448951232182e+01
1.710912609284890973e+00 1.043163221709413158e+01 3.523871275199115161e+01
1.729649384302297976e+00 1.040085529647373619e+01 3.180538943689400355e+01
1.747785593053985620e+00 1.036909827865250655e+01 2.876688536225342929e+01
1.765417836572205523e+00 1.033685584196241791e+01 2.601806132286121809e+01
1.782414241517474407e+00 1.030447491093665136e+01 2.351841985689223335e+01
1.798682455450255180e+00 1.026994856303536174e+01 2.134723606387225558e+01
1.814450586014658695e+00 1.023521844452852037e+01 1.938573114764837513e+01
1.829561365371924930e+00 1.020076885941536560e+01 1.765389378040824653e+01
1.844047309458864747e+00 1.016518806532813279e+01 1.614086921665506225e+01
1.857935525366779750e+00 1.012828746071850361e+01 1.472698543552395911e+01
1.871158284950293016e+00 1.009116879591245031e+01 1.346771507085737341e+01
1.883758124721536698e+00 1.005375543356004897e+01 1.230506259090373611e+01
1.895728115260372659e+00 1.001541476951488541e+01 1.130573108254817427e+01
