2.191799393465098389e-01 1.550982308316407554e+01 3.683535669800713658e+06
2.247348148470497964e-01 1.531186400339079334e+01 3.254202007593704388e+06
2.304113127265730865e-01 1.510090410411348749e+01 2.892864799256674945e+06
2.362807715238089967e-01 1.489743674166600940e+01 2.560561861288367305e+06
2.423171377037237895e-01 1.475459435050693990e+01 2.296486929392077494e+06
2.485112721464916297e-01 1.455032588153660278e+01 2.009246518823697465e+06
2.548854658558927788e-01 1.440018716014089506e+01 1.779848333632179070e+06
2.614357100454224869e-01 1.424698856675221137e+01 1.581334678400309989e+06
2.681672621244042820e-01 1.409784875022818973e+01 1.400040894276645035e+06
2.750805153015519200e-01 1.395968368627503331e+01 1.240374199825205840e+06
2.821810774633536911e-01 1.384231175746436016e+01 1.097701954542777501e+06
2.894690382057141242e-01 1.371696695147332612e+01 9.732214821663077455e+05
2.969376567051054683e-01 1.360793572997789269e+01 8.630600224537372123e+05
3.046065029709603689e-01 1.349933658909425382e+01 7.648437973265820183e+05
3.124662283278940578e-01 1.339530013464962011e+01 6.813515057301768102e+05
3.205494973856658492e-01 1.330437032139139397e+01 6.028503996446523815e+05
3.287914181118688495e-01 1.321474485071981775e+01 5.341856861096054781e+05
3.372477451771524470e-01 1.311810224293679106e+01 4.742863569099956076e+05
3.459123149605750069e-01 1.303623056430299698e+01 4.207242576664221706e+05
3.547902049158417892e-01 1.296017248158299218e+01 3.732734806871628971e+05
3.638925043684917426e-01 1.289075670513164873e+01 3.312231736372615560e+05
3.731519125898832279e-01 1.281857140683657548e+01 2.941658411186382873e+05
3.826686282274039952e-01 1.275226229791679167e+01 2.615931574804627744e+05
3.923712055977627844e-01 1.268923874051912826e+01 2.304978038045632420e+05
4.023106370912371554e-01 1.263574479927971872e+01 2.060217606819277862e+05
4.124395155871816154e-01 1.257492351498700955e+01 1.833279825861434219e+05
4.227984280469174738e-01 1.252456656454074846e+01 1.629711925612743362e+05
4.333825434125554987e-01 1.247815824052815792e+01 1.449670478853484383e+05
4.441947797299545253e-01 1.242742341384233029e+01 1.292654170889048837e+05
4.551904286689066881e-01 1.238423146621780901e+01 1.146821153672303044e+05
4.664388155778790290e-01 1.234292959877961415e+01 1.017624693679714401e+05
4.778853114181906836e-01 1.230250864196989724e+01 9.091755109709271346e+04
4.895522429423149746e-01 1.226436584610829783e+01 8.085407900262047770e+04
5.014224805422874409e-01 1.222875638679565924e+01 7.223580359471141128e+04
5.135215332941255317e-01 1.219639467334177851e+01 6.419221706719248323e+04
5.258393883259983026e-01 1.216267084654508679e+01 5.725114136051432433e+04
5.383732754614369842e-01 1.213363382485341724e+01 5.102902141336534987e+04
5.511229841635368887e-01 1.210542438051539094e+01 4.545418199011025717e+04
5.640891941089876127e-01 1.207764541338222308e+01 4.059171083155422093e+04
5.772286733826120786e-01 1.205204673714881025e+01 3.622935303197708708e+04
5.905698567465037518e-01 1.202584682380389225e+01 3.235272389425697475e+04
6.039111705834389054e-01 1.200254395256224527e+01 2.896766239198174299e+04
6.174078453348411655e-01 1.197934216481459302e+01 2.592529095381693696e+04
6.310779487294105872e-01 1.195805449739470028e+01 2.311965756157323995e+04
6.450073541114751396e-01 1.193586416569698727e+01 2.080776713668999582e+04
6.591983858122288931e-01 1.191610093211769872e+01 1.860640909643442137e+04
6.737205501678985575e-01 1.189557219480110284e+01 1.670163295403521988e+04
6.885914765704550522e-01 1.187648174902741616e+01 1.492033238208534385e+04
7.039049875759295638e-01 1.185974535740293945e+01 1.333007338806495136e+04
7.195418863449104530e-01 1.184127468300749086e+01 1.189065312730966434e+04
7.356456112381257739e-01 1.182542929928640696e+01 1.062042363729652061e+04
7.522297516409114371e-01 1.181135561644025067e+01 9.385505143643465999e+03
7.692647946894062283e-01 1.179481863200151359e+01 8.432094218731437650e+03
7.868173738820680718e-01 1.178277257971625680e+01 7.501009921703473083e+03
8.048694504723385990e-01 1.177257177950853340e+01 6.671265898709242720e+03
8.234554943438266994e-01 1.175991305801708009e+01 5.934706054250567831e+03
8.424218328242150111e-01 1.175050374437574696e+01 5.265345213044904085e+03
8.615717406798039102e-01 1.174143438830084563e+01 4.681907940489613793e+03
8.808997182781558299e-01 1.173335219065771540e+01 4.172988236954185595e+03
9.004452543630678818e-01 1.172466299409250645e+01 3.715635050380987650e+03
9.202069015522815754e-01 1.171827506772342176e+01 3.313464644765645971e+03
9.401843837675118998e-01 1.171141671362088310e+01 2.958448177965206469e+03
9.604152703942490099e-01 1.170501473494087818e+01 2.640884990828686568e+03
9.809080308756906730e-01 1.169904064512050113e+01 2.357237748731005922e+03
1.001649963162786872e+00 1.169320778557476004e+01 2.105635720688494075e+03
1.022634253271950122e+00 1.168749074557920764e+01 1.881960712322204017e+03
1.043916147114338777e+00 1.168331032229887789e+01 1.682945813051071354e+03
1.065463083983042125e+00 1.167863123019818872e+01 1.502822195398317717e+03
1.087246091880279986e+00 1.167391079667532772e+01 1.333960370626027725e+03
1.109331787404464142e+00 1.167246003299446144e+01 1.197603549974653788e+03
1.131659101395036338e+00 1.166892730746849871e+01 1.071718738813457549e+03
1.154269067946053662e+00 1.166150320317757583e+01 9.620689207459187173e+02
1.177122203363178743e+00 1.165846751300836992e+01 8.610076654491200543e+02
1.200256103922858752e+00 1.165764488639296381e+01 7.700533321585189697e+02
1.223581882533847809e+00 1.165053211810852041e+01 6.898884175684246429e+02
1.247170927243744787e+00 1.164727040131091051e+01 6.175878926709716552e+02
1.270980867460572927e+00 1.164412569734359337e+01 5.532984580901730851e+02
1.295002674764978767e+00 1.164083933685003736e+01 4.960057298660049128e+02
1.319245686110125826e+00 1.163853935896473679e+01 4.445035951560102490e+02
1.343667285673074030e+00 1.163659201310766811e+01 3.983347214248437922e+02
1.368346619286451293e+00 1.163281279531816281e+01 3.574211914559188017e+02
1.393021655756505384e+00 1.162833323840098743e+01 3.207309050345983223e+02
1.417931188679091736e+00 1.162891475537479913e+01 2.879391300281916983e+02
1.442974996083066896e+00 1.162167761239945563e+01 2.584477857623987234e+02
1.468124899377498904e+00 1.162193718495779038e+01 2.309562721358202282e+02
1.493370144936842170e+00 1.161584629679034286e+01 2.078057308284345766e+02
1.518764182582791333e+00 1.161248409124790371e+01 1.878311434901943642e+02
1.544079147622935633e+00 1.160984311181091044e+01 1.690544964438014972e+02
1.569490107595139738e+00 1.160451615616291754e+01 1.521920896861481936e+02
1.594962107253985906e+00 1.160163320466883796e+01 1.370217424858803383e+02
1.620360005434798856e+00 1.159660721366671154e+01 1.235885900594730771e+02
1.645764485568534718e+00 1.159157297583368695e+01 1.114354825811754637e+02
1.671127256783492721e+00 1.158662560935819386e+01 1.006202742227728066e+02
1.696427204383814447e+00 1.158074404783726052e+01 9.088680751318868545e+01
1.721686694031126841e+00 1.157525453908732516e+01 8.200239964829103201e+01
1.746728090840163450e+00 1.156923639241459334e+01 7.421021982505898507e+01
1.771685423299388384e+00 1.156327797383240963e+01 6.721500305640633144e+01
1.796491143088135845e+00 1.155703046626417141e+01 6.087113729264509487e+01
1.821172466567721582e+00 1.154986850984672131e+01 5.518516706718392584e+01
1.845566457433547747e+00 1.154110300371375608e+01 5.009885802906729424e+01
