2.191799393465098389e-01 1.550982308316407554e+01 3.683535669800713658e+06
2.267229621603458478e-01 1.523022026102936266e+01 3.129527517864709254e+06
2.345606333361246743e-01 1.495478260793080771e+01 2.650090790933887940e+06
2.427189870304277408e-01 1.470737031604124745e+01 2.256657309802207630e+06
2.511729516801594619e-01 1.448372680206623642e+01 1.912125086264488287e+06
2.599547621444152079e-01 1.427651800012777983e+01 1.621539764814078575e+06
2.690669248949413284e-01 1.407775630577742376e+01 1.377809429477688391e+06
2.785144798456138937e-01 1.389852449071792506e+01 1.169259626859593205e+06
2.883055019183295431e-01 1.373512127084563694e+01 9.922105318217459135e+05
2.984592784156482326e-01 1.358609576122305640e+01 8.425105682566346368e+05
3.089308566859090832e-01 1.343490623144212215e+01 7.166950601221765392e+05
3.197796513805880037e-01 1.330453892508689506e+01 6.092585932536657201e+05
3.309950873909335844e-01 1.318094793580569934e+01 5.179669846414782223e+05
3.426034971543713836e-01 1.306579343703655205e+01 4.403673032908837777e+05
3.545527452645712563e-01 1.296296398674430961e+01 3.740751075140294852e+05
3.668957686361076775e-01 1.286215991355302535e+01 3.189453762957121944e+05
3.796432045917190745e-01 1.277129333800779953e+01 2.713525975983043900e+05
3.927576152618991179e-01 1.268650017950734465e+01 2.311549575194358767e+05
4.062795540393506766e-01 1.261164467716832860e+01 1.970526479702954821e+05
4.201881339109562186e-01 1.253735313542301277e+01 1.679060390632724157e+05
4.345162843073521741e-01 1.247007300888478376e+01 1.417165307230700564e+05
4.492377892407782292e-01 1.240859923195405834e+01 1.223050002521355054e+05
4.643550643995991156e-01 1.235016805409386009e+01 1.042167773693505151e+05
4.798666705006474076e-01 1.229530864123529632e+01 8.917743535436458478e+04
4.957697129045383067e-01 1.224553220999697878e+01 7.615084874120898894e+04
5.120791328282948696e-01 1.220050992359548125e+01 6.462840620173003117e+04
5.287887432446236602e-01 1.215210254233780240e+01 5.572052286430973618e+04
5.458968391766458872e-01 1.211473408651672123e+01 4.768746214807943034e+04
5.634020582583709746e-01 1.207757225121541644e+01 4.093018918932023371e+04
5.812497059797562260e-01 1.204407593981985514e+01 3.500053167691450653e+04
5.985537447631241736e-01 1.201066074175110288e+01 3.026712547622674174e+04
6.147129051123252363e-01 1.197896330473584925e+01 2.646767734519875739e+04
6.300902394885228297e-01 1.195042776737128420e+01 2.304627109549824672e+04
6.450150531275882226e-01 1.191773507484274930e+01 2.057067860690471935e+04
6.596371280474747634e-01 1.188533550327206356e+01 1.817285023448961510e+04
6.741145634224933181e-01 1.185277209249046315e+01 1.615145008775323731e+04
6.885591654719078747e-01 1.181696746371866880e+01 1.432259354475779219e+04
7.030727359026952561e-01 1.178222121769496944e+01 1.260948714090663088e+04
7.177338783696853852e-01 1.174635017242199631e+01 1.126357875579431129e+04
7.326163056876234814e-01 1.170821990304087556e+01 1.000390606941969418e+04
7.477782758770556981e-01 1.167108280212051241e+01 8.842031151092893197e+03
7.632630266365026950e-01 1.163422912357776973e+01 7.821175683942773503e+03
7.791246980937246436e-01 1.159535718067428611e+01 6.899071024966848199e+03
7.954041481923290746e-01 1.155425169250568018e+01 6.084492317324136820e+03
8.121249804751874413e-01 1.151610206515793067e+01 5.359769734146157134e+03
8.294377717404813888e-01 1.148114629359828420e+01 4.700786797472356739e+03
8.470209549589263753e-01 1.144155345465653539e+01 4.133873238545646018e+03
8.652371849202838971e-01 1.140294308856400818e+01 3.624605434050588428e+03
8.839960255217975682e-01 1.136461619639021947e+01 3.172244007689892442e+03
9.032900208934997455e-01 1.133060218534951780e+01 2.771152962058908997e+03
9.231425504826725748e-01 1.129149151851432542e+01 2.423775089363512507e+03
9.435561496729909514e-01 1.125428902712868862e+01 2.109778624372078411e+03
9.645386904554376084e-01 1.121917993421819837e+01 1.824244286456916143e+03
9.860664485856218686e-01 1.118417724401321678e+01 1.598828987008845615e+03
1.008156833608926162e+00 1.114941757775523357e+01 1.390460408216445103e+03
1.030782401432591922e+00 1.111696040894479154e+01 1.207947768740968286e+03
1.053936730449342329e+00 1.108826232834073444e+01 1.049030245027694718e+03
1.077606457456984801e+00 1.105299939308669721e+01 9.103974403865116756e+02
1.101766901093282680e+00 1.102213268574998928e+01 7.904337360270052386e+02
1.126402774382070815e+00 1.099393259390050659e+01 6.855319823537231514e+02
1.151483514235124517e+00 1.096159661392558249e+01 5.945824949230628818e+02
1.176975971298770407e+00 1.093170310851120952e+01 5.158069978098340016e+02
1.202867322277192619e+00 1.090726553010303590e+01 4.475111387212986642e+02
1.229094610800206544e+00 1.087642944749756069e+01 3.864765359035914116e+02
1.255654890400573320e+00 1.084917482125229604e+01 3.372335374028326100e+02
1.282490632631180461e+00 1.082296786651840570e+01 2.927010306721343795e+02
1.309565642280931641e+00 1.079644909244485262e+01 2.544733287413685048e+02
1.336861216099407113e+00 1.077040689688228703e+01 2.211111150872890221e+02
1.364269838580169258e+00 1.074609715620991679e+01 1.925090582601292226e+02
1.391810470893790619e+00 1.072004181459067951e+01 1.678041033969461182e+02
1.419421384395839203e+00 1.069566384729144204e+01 1.459319357470194802e+02
1.447048958336663027e+00 1.067120944935104987e+01 1.275220464388144848e+02
1.474653002554789483e+00 1.064600832910909567e+01 1.113710384641993016e+02
1.502183130409002310e+00 1.062136903282325129e+01 9.741118401695575812e+01
1.529594469054305517e+00 1.059659630021942611e+01 8.526067669818546335e+01
1.556610138208961214e+00 1.057228235335316668e+01 7.448983131435217331e+01
1.582469084755347088e+00 1.054790258362321076e+01 6.590723639222278507e+01
1.607096863001004738e+00 1.052218323754961027e+01 5.840127271640454865e+01
1.630505383677790965e+00 1.049581142112523935e+01 5.197695630791461241e+01
1.652714882270909236e+00 1.046786843150423429e+01 4.631950411888717412e+01
1.673762719559146017e+00 1.043925144210197686e+01 4.154275151175258429e+01
1.693689642639161219e+00 1.040822610280524785e+01 3.728268208051920141e+01
1.712526546579387299e+00 1.037678691549550436e+01 3.360860746020436807e+01
1.730315579733961773e+00 1.034353679619954214e+01 3.035041113995329098e+01
1.747038725917012369e+00 1.030835291726431535e+01 2.747446271580045263e+01
1.762779028052757768e+00 1.027312071760178824e+01 2.487754331629827931e+01
1.777544349501438248e+00 1.023576027298998170e+01 2.270525944751501157e+01
1.791371993192439893e+00 1.019692784750870196e+01 2.069655290533130554e+01
1.804244160939016073e+00 1.015733451796630327e+01 1.890500734389916460e+01
1.816230848764708972e+00 1.011639881859635359e+01 1.730440765565961314e+01
1.827359592253271936e+00 1.007415153267447394e+01 1.586834275097765534e+01
1.837607469709799712e+00 1.003155385927831844e+01 1.457473559329831225e+01
1.847182583773792297e+00 9.986654357999183773e+00 1.340795760241990564e+01
1.855913966309024943e+00 9.941672396100443621e+00 1.232297494285130490e+01
1.864126058322230994e+00 9.894963636766737736e+00 1.139456714363710077e+01
1.871833563485387764e+00 9.848397853852622674e+00 1.047926150871598239e+01
1.878695104411477246e+00 9.800529303567367734e+00 9.691972823900890432e+00
1.885039881358990588e+00 9.751956276017155645e+00 8.981027914472473839e+00
1.890795335310403669e+00 9.703572048299243136e+00 8.320197225752837156e+00
1.895987211985594723e+00 9.653822436828242814e+00 7.683925300587038265e+00
