2.191799393465098389e-01 1.550982308316407554e+01 3.683535669800713658e+06
2.252439351863738948e-01 1.529251681782177918e+01 3.254924765593794640e+06
2.315082030419579051e-01 1.508639433886522951e+01 2.819481148236868903e+06
2.379703147369062466e-01 1.486003050690858096e+01 2.475268705052570906e+06
2.446420819681392467e-01 1.465834719478170456e+01 2.164420358346458524e+06
2.515075565803903124e-01 1.447214855820819857e+01 1.896920260782937286e+06
2.585864718802551310e-01 1.430364265484824138e+01 1.660202180436937837e+06
2.658790347854705916e-01 1.414557456994904783e+01 1.460099523221495794e+06
2.733895053255790963e-01 1.399673842320395600e+01 1.276135270997352665e+06
2.811220318471458479e-01 1.385772584796519169e+01 1.120247030627853936e+06
2.890799045504785503e-01 1.371928558747338478e+01 9.799783475460177287e+05
2.972550235897450932e-01 1.360041463368386161e+01 8.585885290289201075e+05
3.056708199555810412e-01 1.348424817185359892e+01 7.534822696854285896e+05
3.143256209243457944e-01 1.336988497674486887e+01 6.531736116369207157e+05
3.231991748616567794e-01 1.326290578473638604e+01 5.791384628866409184e+05
3.323255011832383921e-01 1.317055050444910336e+01 5.089760582061187597e+05
3.416973767380243610e-01 1.307363313442940367e+01 4.455117692604029435e+05
3.513117114005207542e-01 1.298685104922662958e+01 3.911226540477742674e+05
3.611786482662646125e-01 1.291315998785734465e+01 3.404216346323442995e+05
3.712751277448356757e-01 1.283043753327823566e+01 3.016678068371884292e+05
3.816593953795655580e-01 1.275751802607558716e+01 2.645824265420061420e+05
3.922652625574377661e-01 1.269056990097134374e+01 2.309709589187356760e+05
4.031484648406557514e-01 1.262738030303681214e+01 2.042863477061504964e+05
4.142737160006965125e-01 1.256760190577204206e+01 1.797554848940401862e+05
4.256863839784059134e-01 1.251033984441541591e+01 1.576849736686576216e+05
4.373283126324445935e-01 1.245756265090350823e+01 1.388459152057335305e+05
4.492627740098831257e-01 1.240772057492234559e+01 1.219421160159866122e+05
4.614466864635523025e-01 1.235833122771057724e+01 1.073107228509622801e+05
4.738784850742343568e-01 1.231675920545229452e+01 9.449513257371172949e+04
4.865914221033891263e-01 1.227281320529893627e+01 8.327152252828818746e+04
4.995278085998927087e-01 1.223528732994163448e+01 7.349094181651389226e+04
5.127467368943069426e-01 1.219661614712730469e+01 6.476468261072870519e+04
5.262263983780254284e-01 1.216027256263592093e+01 5.711624623751972103e+04
5.399657749382033023e-01 1.212950088151231576e+01 5.035987594600597367e+04
5.539647540671981396e-01 1.209822173365479081e+01 4.436150252629005990e+04
5.682317487127994671e-01 1.206799960329186838e+01 3.880363095006534422e+04
5.827032914427243693e-01 1.204208035767086038e+01 3.459575833669368149e+04
5.969459980407214594e-01 1.201439477518758281e+01 3.046570694260548044e+04
6.108009620470147283e-01 1.198818697765225672e+01 2.738015956045495113e+04
6.244270443446372498e-01 1.196389504017920125e+01 2.444258783867191960e+04
6.379191522993562513e-01 1.193981261150716300e+01 2.190820689874216623e+04
6.513983643778190613e-01 1.191563606767802774e+01 1.964071827954831315e+04
6.649193722548542018e-01 1.189150869311211167e+01 1.762114943604022119e+04
6.785408406342130494e-01 1.186655105348672024e+01 1.582388601880880196e+04
6.923245819908557808e-01 1.184348116892146408e+01 1.419038239742674705e+04
7.063129163377952491e-01 1.181660499382470775e+01 1.273778495929264864e+04
7.205877290497005871e-01 1.179306895626501017e+01 1.142425683866244253e+04
7.350552814254494027e-01 1.177037234553973377e+01 1.023786071789517882e+04
7.498733468354267240e-01 1.174461794390504998e+01 9.184298297160348739e+03
7.650376026475632640e-01 1.172064877415169626e+01 8.209679546043871596e+03
7.805851786422149940e-01 1.169652480016068807e+01 7.339954245964358051e+03
7.964497998339707951e-01 1.167540311783065299e+01 6.558332218757953342e+03
8.127570374568873213e-01 1.164882188910469552e+01 5.853022561306604075e+03
8.294951251169704332e-01 1.162585467305962261e+01 5.215299084524954196e+03
8.466395916355256013e-01 1.160378933931742829e+01 4.647941147115863714e+03
8.642493782437072891e-01 1.158406228546049022e+01 4.138688349033708619e+03
8.823106461324481398e-01 1.156123325117849276e+01 3.679231431786911799e+03
9.008435316398689663e-01 1.154365762694191133e+01 3.268276106114972208e+03
9.198403065158763381e-01 1.152398536633614512e+01 2.901868518508902525e+03
9.393241078234655372e-01 1.150463156228299688e+01 2.570422880274474210e+03
9.592676077345507757e-01 1.148721875544057092e+01 2.282541003428055774e+03
9.796988774334639549e-01 1.146992577258410684e+01 2.015432516646133763e+03
1.000614645054672236e+00 1.145347594468296926e+01 1.792199814963365952e+03
1.022001283245624448e+00 1.143771444800434445e+01 1.586826963397952568e+03
1.043859185069875739e+00 1.142452875395834155e+01 1.402614594004779065e+03
1.066181893785671742e+00 1.140768287835005879e+01 1.242011230540608040e+03
1.088963822593715713e+00 1.139405406015230682e+01 1.097001332112349473e+03
1.112184399268567603e+00 1.138135556196482057e+01 9.708942209887391073e+02
1.135833805245894057e+00 1.137205391526335951e+01 8.580541186721535496e+02
1.159916059977673219e+00 1.135682921219528119e+01 7.595719116007373941e+02
1.184399667810116297e+00 1.134932222056465001e+01 6.706822498701991435e+02
1.209112153430206726e+00 1.133809026207663706e+01 5.939638010511675930e+02
1.233932033557660235e+00 1.132720231835183711e+01 5.252997157015595349e+02
1.258841746585089405e+00 1.131580676784978756e+01 4.662568309137328129e+02
1.283844512840044416e+00 1.130674084886835828e+01 4.135465527415648239e+02
1.308911077938436973e+00 1.129705990225365930e+01 3.677652590940784307e+02
1.334022583737068501e+00 1.128809645882902046e+01 3.270184484360783017e+02
1.359167609631844131e+00 1.127811323248569231e+01 2.910193491151704279e+02
1.384337874452554740e+00 1.127160003283090894e+01 2.592404483767140277e+02
1.409506929252484442e+00 1.126111856734359584e+01 2.312841422951643153e+02
1.434661818915388354e+00 1.124895900130168513e+01 2.063229284505815997e+02
1.459813173111053075e+00 1.123792157949829651e+01 1.844744634003411363e+02
1.484856921927009576e+00 1.122935128889832690e+01 1.640992462211381451e+02
1.509868058665035040e+00 1.121701307864220531e+01 1.476871078059523370e+02
1.534795488684268516e+00 1.120629593967504434e+01 1.321119299551010329e+02
1.559595364075235580e+00 1.119495341716483594e+01 1.185063812314435410e+02
1.584263326146160056e+00 1.118234044398385230e+01 1.062368623928149987e+02
1.608789675036046862e+00 1.116999744326397348e+01 9.501651492324367609e+01
1.633134205983892029e+00 1.115774852075636225e+01 8.580233194938563202e+01
1.657307359802018043e+00 1.114493432177681775e+01 7.720598912582454432e+01
1.681234490700607376e+00 1.113187993357306738e+01 6.946065776967280669e+01
1.704960864536294363e+00 1.111727393874893544e+01 6.257678349555468600e+01
1.728375872467563079e+00 1.110208554995213426e+01 5.648320799768197986e+01
1.751557285235005423e+00 1.108754864498320636e+01 5.100301420880721537e+01
1.774434112336514158e+00 1.107184920964209951e+01 4.608570191529692295e+01
1.797000502038017311e+00 1.105592129101676413e+01 4.173049156817079108e+01
1.819188251855066829e+00 1.103949887498607829e+01 3.777460438038246338e+01
1.841054626208547429e+00 1.102275265262977300e+01 3.423032526524325192e+01
1.862543260491759334e+00 1.100458331684069613e+01 3.106842942036181654e+01
1.883687177268703605e+00 1.098711818200441037e+01 2.810953200835302823e+01
