2.191799393465098389e-01 1.550982308316407554e+01 3.683535669800713658e+06
2.256741925860311915e-01 1.527118558237870971e+01 3.203856671586018056e+06
2.323863290140142368e-01 1.503914639536255216e+01 2.791951849509970285e+06
2.393287383023145198e-01 1.480946802240082683e+01 2.411231240189617500e+06
2.465040255554777071e-01 1.460835025236309193e+01 2.090586586627334123e+06
2.539112377683170885e-01 1.441529847522668994e+01 1.811329060168462107e+06
2.615608350917048575e-01 1.423760398815666406e+01 1.578210137049010256e+06
2.694569424960003290e-01 1.410427468932593698e+01 1.365747542955839541e+06
2.776040858753244245e-01 1.392074998436532418e+01 1.187688088721850887e+06
2.860074656083228528e-01 1.376916841745987341e+01 1.032269772303980426e+06
2.946625189386042898e-01 1.363675617428311249e+01 8.969832996983717894e+05
3.035786194413217509e-01 1.350835776245220821e+01 7.770770986710239667e+05
3.127693196290627919e-01 1.338847536396300164e+01 6.756349330241736025e+05
3.222215004969914420e-01 1.327386340293128875e+01 5.877140534452323336e+05
3.319557096791528328e-01 1.317673523896482557e+01 5.109550472591049038e+05
3.419615992811724792e-01 1.307373844307145738e+01 4.447164324109814479e+05
3.522515374784217501e-01 1.298251800839603476e+01 3.864460792972950730e+05
3.628332483560322563e-01 1.289476646650346403e+01 3.364859158799692523e+05
3.736822650135716017e-01 1.281648965357834058e+01 2.922403010911071906e+05
3.848389318978364115e-01 1.273824341289910755e+01 2.542758410366350145e+05
3.962832585532810592e-01 1.266603051306216976e+01 2.215492437264273176e+05
4.080139343937002061e-01 1.260032104719963719e+01 1.934399971417071356e+05
4.200496388035086515e-01 1.253905109942051332e+01 1.664065002361935913e+05
4.323694313832134317e-01 1.248188116658539393e+01 1.465083895662521536e+05
4.450139219018912629e-01 1.242560147269311877e+01 1.278761545928079577e+05
4.579244391831040484e-01 1.237251670802876546e+01 1.114294469136459811e+05
4.711680442849363604e-01 1.232532048487773757e+01 9.635353956833615666e+04
4.846624559647215724e-01 1.228014761775412111e+01 8.493051323310745647e+04
4.984832787193365089e-01 1.224044976974031762e+01 7.402790216157713439e+04
5.125954786348817516e-01 1.219838505248215910e+01 6.480491787524055690e+04
5.270063834434759453e-01 1.216278419339196226e+01 5.661867410952191130e+04
5.417136411402657670e-01 1.212441531053254629e+01 4.949305396332188684e+04
5.567165221482638371e-01 1.209287942950476236e+01 4.331579216106716922e+04
5.719851395134969430e-01 1.205872479385826423e+01 3.790477024717494351e+04
5.874956233108675763e-01 1.203255211667099367e+01 3.318122106828775577e+04
6.029540376440216676e-01 1.200281596856896371e+01 2.921020668936404400e+04
6.183731444311714176e-01 1.197334636559189391e+01 2.578108033508557128e+04
6.338871331186509694e-01 1.195150597239378598e+01 2.268898611374315442e+04
6.495905896137078583e-01 1.192580993966996772e+01 2.004942922349450964e+04
6.655786081111003671e-01 1.190214220060507344e+01 1.768403076601493740e+04
6.819117368392565437e-01 1.187927206900246979e+01 1.558745174429684084e+04
6.986320398220273731e-01 1.185446366575360067e+01 1.375703597990368144e+04
7.158654842718118472e-01 1.183244224337935080e+01 1.210842038129176581e+04
7.334459199533819307e-01 1.181199614501469419e+01 1.066090024962509960e+04
7.516147184244597046e-01 1.179135242531988048e+01 9.381828506344245397e+03
7.703440265155985234e-01 1.177206248062868177e+01 8.228061014079386950e+03
7.896443343231994705e-01 1.175275343782235460e+01 7.219157699807360586e+03
8.095634076335416207e-01 1.173534677056084163e+01 6.330595594214009907e+03
8.300998476742189602e-01 1.171957546717730736e+01 5.534256186667847942e+03
8.512891966953467504e-01 1.170294898173960618e+01 4.842179081328847133e+03
8.731323119843266145e-01 1.168972338791304111e+01 4.230480951086879031e+03
8.956654536826739177e-01 1.167664186592116771e+01 3.692757814860360668e+03
9.188672654438870824e-01 1.166874689520420283e+01 3.222133265183375897e+03
9.427676984017410167e-01 1.165523859106891891e+01 2.784602689664791797e+03
9.673564326295492899e-01 1.164652132176420629e+01 2.446078210701848093e+03
9.926438950297205022e-01 1.163863005399228889e+01 2.128055379809684382e+03
1.018625836554733599e+00 1.163320267877142733e+01 1.849916254120766780e+03
1.045290348395221169e+00 1.163032848479671699e+01 1.610216206714231930e+03
1.072642465337883211e+00 1.162729047496332413e+01 1.398502139779749086e+03
1.100657066961527208e+00 1.162147485024351212e+01 1.215092112561876093e+03
1.129334877208287846e+00 1.162059055642052030e+01 1.057123368486465779e+03
1.158655845142868568e+00 1.161835281340758286e+01 9.182825911668439858e+02
1.188590045544877238e+00 1.162205733875903491e+01 7.980649519032498347e+02
1.219133582084900969e+00 1.162214628592438004e+01 6.936429179173900366e+02
1.250256430753287518e+00 1.162682632883979217e+01 6.026292425980404914e+02
1.281934823527136169e+00 1.162842888469472591e+01 5.242159270757009608e+02
1.314132707408363965e+00 1.163052859753978652e+01 4.564507122245566393e+02
1.346815874740723062e+00 1.163871148579755221e+01 3.971790224108479492e+02
1.379805277179934730e+00 1.164525625892548177e+01 3.438528713348311499e+02
1.412331447892870795e+00 1.164762917997203751e+01 3.024784680846489096e+02
1.444272923761440230e+00 1.165121905045345052e+01 2.654660025361623639e+02
1.475664417197237288e+00 1.165576747901790533e+01 2.338050041177022536e+02
1.506527080433964771e+00 1.165738746856037267e+01 2.064636847977723164e+02
1.536812142895002786e+00 1.165991629570895682e+01 1.827436495210117187e+02
1.566587571971159276e+00 1.165965013229677538e+01 1.621610805199922254e+02
1.595841608281436619e+00 1.165748223693642416e+01 1.437021555430700346e+02
1.624564122815227885e+00 1.165690262648052489e+01 1.284928197390862010e+02
1.652771523816548127e+00 1.165143875464726442e+01 1.146765793739205606e+02
1.680464807999275223e+00 1.164704994184750575e+01 1.022478424469616698e+02
1.707616394876159571e+00 1.164015683137896318e+01 9.190655352152566593e+01
1.734255963720950033e+00 1.163261592180495363e+01 8.247275058404532899e+01
1.760359681828689293e+00 1.162326109601396418e+01 7.406877811054692984e+01
1.785946052402590523e+00 1.161304895689043981e+01 6.671872368360745043e+01
1.810963626320277742e+00 1.160137095371253579e+01 6.002496383350594300e+01
1.835465841944355692e+00 1.158851846318030532e+01 5.401856035678677159e+01
1.859382306599356438e+00 1.157424129961408177e+01 4.893016841578453580e+01
1.882958555601074391e+00 1.155886145202685711e+01 4.422178462739858418e+01
1.905558810309422757e+00 1.154188559617534082e+01 4.007995906626680949e+01
1.927790567883583384e+00 1.152380587938356449e+01 3.635719157530607504e+01
1.949446192450436932e+00 1.150447087725668815e+01 3.299713002512061877e+01
1.970697222636666801e+00 1.148491618975248230e+01 2.997671092788612057e+01
1.991221814934382550e+00 1.146409991803571415e+01 2.726033682481301668e+01
2.010846401094169789e+00 1.144093411189736997e+01 2.478544992380026102e+01
2.030103044171274185e+00 1.141704241643685158e+01 2.270145579071332875e+01
2.048753775345454109e+00 1.139313327663876052e+01 2.072236707776353981e+01
2.066781449364914813e+00 1.136734726876702872e+01 1.892741883528498903e+01
2.084179371883287946e+00 1.134079142106088867e+01 1.735432988331742266e+01
2.100957196341369126e+00 1.131383565326338747e+01 1.588635355325298093e+01
2.117093672861177112e+00 1.128534551106957373e+01 1.458007499926870487e+01
2.132604907589890963e+00 1.125544626512006197e+01 1.339457239847547498e+01
