2.191799393465098389e-01 1.550982308316407554e+01 3.683535669800713658e+06
2.255101370527743398e-01 1.526986050056499167e+01 3.202948802695428953e+06
2.320511734324980924e-01 1.507277708833073326e+01 2.789778254494932480e+06
2.388107354890837974e-01 1.482231005032439342e+01 2.433592708355692681e+06
2.457937950106160729e-01 1.462247028490058121e+01 2.120949456229842734e+06
2.529938179380313845e-01 1.443359226575799426e+01 1.843874449741798220e+06
2.604256339893331051e-01 1.426669752217255471e+01 1.611333435211692704e+06
2.680907654046028599e-01 1.409336230997722339e+01 1.403090332023163792e+06
2.759936479353385375e-01 1.396018966645577031e+01 1.228501306409067474e+06
2.841392136651952338e-01 1.380363312765641481e+01 1.062405458444868214e+06
2.925368564285146245e-01 1.366831421780881328e+01 9.259278082770333858e+05
3.011715144406436062e-01 1.354040117902965434e+01 8.093486507463067537e+05
3.100712669361626039e-01 1.342114842406781428e+01 7.055837881168228341e+05
3.192007384104549872e-01 1.331266679816459053e+01 6.086188418486082228e+05
3.286044295504395030e-01 1.321276126681566510e+01 5.355545150886283955e+05
3.382656784596891897e-01 1.310703279401383448e+01 4.681278536211739411e+05
3.481992356035399916e-01 1.301539283324297180e+01 4.084305781240490614e+05
3.583959269055233543e-01 1.292766460461233358e+01 3.540720871988907456e+05
3.688867300744770872e-01 1.284736165851180267e+01 3.106549953223777702e+05
3.796389495984225371e-01 1.277113698758952687e+01 2.715455163338472485e+05
3.906552503654415753e-01 1.269914996480430247e+01 2.353180879359606479e+05
4.019681689240910960e-01 1.263589475079414370e+01 2.070980519873996964e+05
4.135424571932551641e-01 1.256873724286824690e+01 1.811552769880946435e+05
4.254284569676786143e-01 1.251223314914887652e+01 1.584055008379695937e+05
4.375630311863866750e-01 1.245870802684806655e+01 1.384493884663616482e+05
4.500150777691384052e-01 1.240530824417690958e+01 1.211858553509677877e+05
4.627393218602871006e-01 1.235431777298138378e+01 1.058968481784378819e+05
4.757360304933385686e-01 1.230901843995025224e+01 9.291427622764007538e+04
4.890239384881107654e-01 1.226555470202631248e+01 8.147897603244667698e+04
5.025769885034867546e-01 1.222401383914101913e+01 7.135542478957920684e+04
5.164269516838987384e-01 1.218824761977920446e+01 6.248857055871987541e+04
5.305609254063592406e-01 1.215124746216124052e+01 5.473338645938321133e+04
5.449760200011478650e-01 1.211666162759794751e+01 4.811825673394623300e+04
5.596726650004592019e-01 1.208799108452003601e+01 4.216313305434218637e+04
5.746142567129884915e-01 1.205534847334645576e+01 3.706542222824112832e+04
5.897040350484309412e-01 1.202766435311572835e+01 3.263177652566976394e+04
6.044258723506433784e-01 1.199987969027608514e+01 2.884415150901514062e+04
6.188810792905871105e-01 1.197373042128969090e+01 2.561813884686546226e+04
6.331792847689898807e-01 1.194984224304571185e+01 2.273683677562206140e+04
6.474805942304016071e-01 1.192450350845884977e+01 2.029735955776184710e+04
6.618575077621167146e-01 1.189447696975309832e+01 1.811935400063038105e+04
6.763648714353888147e-01 1.187200385472314856e+01 1.613999865925413178e+04
6.910849681593329574e-01 1.184678268880310092e+01 1.439537022195910322e+04
7.060929842138402579e-01 1.182187297172905716e+01 1.282756393547241169e+04
7.213086495660698816e-01 1.179922942039964262e+01 1.142540163474930341e+04
7.369338980610522505e-01 1.177552233552792593e+01 1.011567095409602734e+04
7.527954552469894312e-01 1.174957787148530741e+01 9.051832474449865913e+03
7.688586518307860551e-01 1.172821939598897600e+01 8.055320504417049960e+03
7.847723333153007186e-01 1.170450949866304136e+01 7.188008748537672545e+03
8.008828659647901915e-01 1.168022359006327449e+01 6.414405892451467480e+03
8.170353108014617449e-01 1.165726863507669364e+01 5.728553657832188946e+03
8.333773377340071287e-01 1.163315382753063076e+01 5.112456700659824492e+03
8.498901607260339608e-01 1.161078252357823892e+01 4.575585758409487426e+03
8.665380321189029011e-01 1.158601487169356758e+01 4.090117332959265241e+03
8.834311707482370712e-01 1.156198548025221839e+01 3.650650236204804060e+03
9.005570783107323951e-01 1.154076551428792285e+01 3.258057116670047435e+03
9.179082768345968590e-01 1.151589450631553468e+01 2.913233269547488817e+03
9.355081249857994941e-01 1.149305752991899787e+01 2.599236023183356338e+03
9.533790208649342013e-01 1.147193869658249099e+01 2.320012253790098839e+03
9.715170908943829842e-01 1.144515272417200080e+01 2.071469772205946356e+03
9.899347797074878885e-01 1.142120572014843383e+01 1.847164617015506565e+03
1.008635853913232516e+00 1.139824493149951046e+01 1.648851190888395422e+03
1.027615162263658677e+00 1.137577246845212109e+01 1.468415385127191030e+03
1.046872876076205161e+00 1.135687699725306565e+01 1.309608101045444300e+03
1.066478822181298636e+00 1.132895171998887740e+01 1.166813864921610957e+03
1.086220397977146535e+00 1.130711846085276839e+01 1.040442640733593407e+03
1.106318741179189491e+00 1.128432318080344565e+01 9.262013142321960686e+02
1.126724841549192169e+00 1.126152320115073735e+01 8.253241104145404279e+02
1.147284659442251886e+00 1.124044422175557223e+01 7.349668844714824445e+02
1.168139991465364291e+00 1.121974535188158661e+01 6.546030877080557957e+02
1.189240114416088234e+00 1.119335958206218251e+01 5.832987763476446617e+02
1.210541105340822376e+00 1.117197031376048955e+01 5.195795523155561568e+02
1.232062463379737460e+00 1.114976973949655914e+01 4.635095469995563917e+02
1.253789042729478664e+00 1.112844574062180314e+01 4.120717895040389749e+02
1.275658033630656440e+00 1.110950880727040513e+01 3.676796504190979249e+02
1.297709472171120426e+00 1.108596972795675661e+01 3.279916249884151966e+02
1.319886809352459389e+00 1.106713218115641340e+01 2.922275937098305008e+02
1.342221718420636201e+00 1.104235697200113542e+01 2.606199686812376513e+02
1.364577271443443429e+00 1.102128661269453858e+01 2.314876762227149243e+02
1.387052642290572013e+00 1.099944507270585348e+01 2.076161434441742415e+02
1.409564057716492957e+00 1.097787968970825645e+01 1.856256908286873397e+02
1.432105108166686680e+00 1.095602570180412094e+01 1.657276003053890747e+02
1.454655933540087709e+00 1.093472637603462694e+01 1.477002864645467355e+02
1.477186533858229511e+00 1.091315703792181324e+01 1.326703883559223982e+02
1.499669445332632467e+00 1.089114655986831615e+01 1.188434191133181770e+02
1.522101754110034344e+00 1.086889930078942967e+01 1.063713499696419120e+02
1.544402195797744293e+00 1.084681762973295172e+01 9.543475737873997389e+01
1.566601740987241476e+00 1.082473513028131507e+01 8.553537750521428507e+01
1.588647254865438452e+00 1.080151959490988212e+01 7.689086710688975757e+01
1.610530938962147829e+00 1.077913519345978699e+01 6.883992599990348538e+01
1.632214540873105690e+00 1.075611807796757446e+01 6.186350407234367310e+01
1.653681509261106575e+00 1.073253969716441780e+01 5.576763512608741991e+01
1.674902005675894978e+00 1.070901105570713874e+01 5.043539575116771090e+01
1.695855571828914110e+00 1.068580928616273873e+01 4.550050326333310835e+01
1.716518443470242961e+00 1.066197817385631197e+01 4.089545984450015936e+01
1.736864032485125220e+00 1.063730349123174257e+01 3.711722877188159941e+01
1.756875310903356135e+00 1.061258402420840419e+01 3.355757744563680944e+01
1.776531989691548796e+00 1.058689789883458410e+01 3.036826496486962057e+01
1.795811196298923829e+00 1.056229683514851558e+01 2.747220374347296357e+01
1.814712516796247677e+00 1.053585355401506618e+01 2.502013268475798213e+01
