2.191799393465098389e-01 1.550982308316407554e+01 3.683535669800713658e+06
2.275569435878087299e-01 1.519363214724072009e+01 3.069389733583292458e+06
2.363086006816690066e-01 1.489934071086924661e+01 2.554765272660323884e+06
2.454354571110838046e-01 1.465590056214733572e+01 2.154915628752037417e+06
2.549469597536812016e-01 1.439783669825703960e+01 1.776188961684508016e+06
2.648599272267461169e-01 1.416940063317204768e+01 1.486275469281196129e+06
2.751822894393452512e-01 1.397012040056410775e+01 1.237406853541722521e+06
2.859248606519438352e-01 1.377406933025510227e+01 1.032967768328279257e+06
2.970829469268906897e-01 1.359808957044799627e+01 8.624540404186353553e+05
3.087076876844240814e-01 1.344694461868843405e+01 7.187575707741625374e+05
3.207458406386275440e-01 1.329764760662797407e+01 6.001989389155739918e+05
3.332193323672633656e-01 1.315710183002470401e+01 5.023152171220366727e+05
3.461651266497411394e-01 1.303423416474753260e+01 4.192251359734496800e+05
3.595854821861244610e-01 1.292194873010970824e+01 3.508162986743000802e+05
3.734687743095957968e-01 1.281412615127203125e+01 2.930490664972363738e+05
3.878368633212417871e-01 1.271756810089870271e+01 2.453687890469002596e+05
4.027024581075969167e-01 1.262880244082652226e+01 2.051884566881970677e+05
4.180170915687447253e-01 1.254716868794715623e+01 1.722195233527061937e+05
4.338457238571157282e-01 1.247313009895541924e+01 1.444837982153529301e+05
4.501736390467825921e-01 1.241130801147587093e+01 1.207345645466406422e+05
4.669836872356603608e-01 1.234135103643463083e+01 1.014914448948094650e+05
4.842641750404299561e-01 1.228076580738758850e+01 8.524119379201173433e+04
5.020568532077429591e-01 1.222731315707924971e+01 7.149377397516579367e+04
5.203348983041904408e-01 1.217681973416445551e+01 6.021400440554226952e+04
5.391021241660528540e-01 1.213103623312348844e+01 5.072728478566205740e+04
5.583587945183531298e-01 1.209036120635839495e+01 4.264414371345797554e+04
5.780583317176345437e-01 1.204918387830904969e+01 3.595832093149370485e+04
5.978894143240126580e-01 1.201132931277606808e+01 3.045555023131989219e+04
6.174862596032794082e-01 1.197602197272854241e+01 2.592375036402596379e+04
6.371141945311855626e-01 1.194412964032004432e+01 2.210556667258103334e+04
6.569551259701151835e-01 1.191197524686894482e+01 1.889408463191682677e+04
6.772182889252130744e-01 1.187737341474299058e+01 1.618259018979762004e+04
6.979995020010080209e-01 1.185087532008864919e+01 1.368215145818365272e+04
7.195123805096367287e-01 1.182168788577265417e+01 1.173100839505251861e+04
7.416090517094152679e-01 1.179261378522929249e+01 9.989460831566104389e+03
7.645789734884635980e-01 1.176449528459923854e+01 8.503265179066071141e+03
7.884251820483646478e-01 1.173845865739238192e+01 7.206051688807659957e+03
8.132017425308388781e-01 1.171231837550589816e+01 6.099506545464036208e+03
8.389557495793846797e-01 1.169241838747573325e+01 5.154089129842866896e+03
8.657012186071731952e-01 1.166702595543871901e+01 4.354960854601948995e+03
8.934967650126588445e-01 1.164828308419310510e+01 3.670445307684693944e+03
9.223564787552035460e-01 1.163283171484455636e+01 3.084736120877641952e+03
9.522832321607462847e-01 1.161419892494378026e+01 2.593680100674599089e+03
9.832915015184688912e-01 1.160271393461774814e+01 2.177898631252016457e+03
1.015372846018756103e+00 1.159136625227123574e+01 1.826495991107339478e+03
1.048529136477317270e+00 1.158148057678116238e+01 1.530177063357945144e+03
1.082733375518465602e+00 1.157202600462757225e+01 1.284518736682890903e+03
1.117975637885871176e+00 1.156544397565275517e+01 1.074099748619717502e+03
1.154207259683750708e+00 1.156109558173790219e+01 9.006549413754603393e+02
1.191414117284563146e+00 1.155817300405443504e+01 7.524558690969325880e+02
1.229524904546069441e+00 1.155487997250727261e+01 6.287262060149226954e+02
1.268514575898936014e+00 1.155588052092605800e+01 5.293056103105848251e+02
1.308316189671083318e+00 1.155835293139907805e+01 4.433682072118771202e+02
1.348864773939000061e+00 1.156115262151521961e+01 3.720991037383907951e+02
1.390091393125278296e+00 1.156085041994815299e+01 3.124579894655473709e+02
1.431934018987561785e+00 1.156293297368908135e+01 2.617392067826849598e+02
1.474296454492439734e+00 1.156841287740988022e+01 2.209887538182574644e+02
1.517106152667205610e+00 1.157251400636795502e+01 1.862006829478765439e+02
1.560282130097626618e+00 1.157718855456058016e+01 1.570706689195911565e+02
1.601988967677914877e+00 1.158060166059892815e+01 1.330875063863176990e+02
1.640807433937716997e+00 1.158130335405461864e+01 1.147030887851432368e+02
1.676951454701239852e+00 1.157886112738046513e+01 9.944960004191565872e+01
1.710603179204372326e+00 1.157172803591006982e+01 8.684098095098927672e+01
1.741955068331468182e+00 1.156073128616801959e+01 7.633860004109338604e+01
1.771152990381545944e+00 1.154622759752130889e+01 6.741666684086440853e+01
1.798372912727857598e+00 1.152747661849173788e+01 5.977912380477962273e+01
1.823696511034951451e+00 1.150515281770761433e+01 5.335148957735395214e+01
1.847268671321994571e+00 1.147991761269926592e+01 4.774334394016972993e+01
1.869178561135894423e+00 1.145060223491980800e+01 4.285039392368196332e+01
1.889507907658075192e+00 1.141795919310494156e+01 3.861399366180152271e+01
1.908339601021567411e+00 1.138278246949753303e+01 3.484717470933031080e+01
1.925753109205810221e+00 1.134513229705166282e+01 3.155436823620160069e+01
1.941808206470473142e+00 1.130442892165193314e+01 2.861717519140599109e+01
1.956569102604815757e+00 1.126126282231845188e+01 2.605487648420925595e+01
1.970081287879100973e+00 1.121569953554848809e+01 2.373117920296656891e+01
1.982401207504224772e+00 1.116800840912303983e+01 2.167864221955948523e+01
1.993572994036458379e+00 1.111795438724591634e+01 1.981284544800892533e+01
2.003635736170632953e+00 1.106690190076802693e+01 1.819111786916824514e+01
2.012638597347315983e+00 1.101232040838415394e+01 1.671414887930718152e+01
2.020631262918056947e+00 1.095798786565869243e+01 1.537189524139995633e+01
2.027660630483218540e+00 1.090053522903808947e+01 1.416734798396497474e+01
2.033764481228530485e+00 1.084283886185374612e+01 1.307224281724172954e+01
2.038990756731634324e+00 1.078306116641958390e+01 1.208134666007108038e+01
2.043322033530886372e+00 1.072220226807960586e+01 1.115198600513643790e+01
2.047026636394223775e+00 1.066109270271306464e+01 1.036470562466986856e+01
2.049526167649858621e+00 1.059782229105497287e+01 9.629037703072283350e+00
2.051433152244410252e+00 1.053422993828670684e+01 8.930107307941751671e+00
2.052582604469539440e+00 1.046986975548010079e+01 8.342507516828820968e+00
2.052999449770627205e+00 1.040489693002656502e+01 7.762107262316732204e+00
2.052712007076858747e+00 1.033982278031196067e+01 7.266030454783496850e+00
2.051714693633251763e+00 1.027339052633015193e+01 6.797629051772229758e+00
2.050053400267745740e+00 1.020743454142090378e+01 6.373839189072229239e+00
2.048120784471870515e+00 1.014176031766863950e+01 5.972382934412730826e+00
2.044848021258915960e+00 1.007311939265592748e+01 5.628231121999811570e+00
2.041366271592882420e+00 1.000643357908566600e+01 5.287312366180465517e+00
2.037297188028140749e+00 9.939331756773245985e+00 4.984061057766091984e+00
2.032672322550561628e+00 9.872099790772249861e+00 4.713073843803110563e+00
2.027708851619063335e+00 9.806206393629674167e+00 4.468583010850034398e+00
2.021912098772887578e+00 9.738485708976183375e+00 4.228877751108142569e+00
2.015937545497462846e+00 9.672739168275954924e+00 4.015094506724165235e+00
