2.191799393465098389e-01 1.550982308316407554e+01 3.683535669800713658e+06
2.246673217837094616e-01 1.533251679681911384e+01 3.261183172560614534e+06
2.302845423396864821e-01 1.509498926311982459e+01 2.905233509985287208e+06
2.360813445381053644e-01 1.491406468448015410e+01 2.578911892838876694e+06
2.420469521701437143e-01 1.473129268483155485e+01 2.277185466569287237e+06
2.481632424111487323e-01 1.456050725532759316e+01 2.024540546831844375e+06
2.544559053355582856e-01 1.440155059095628154e+01 1.799647795978334267e+06
2.609215465369780773e-01 1.425361562486035361e+01 1.593973772664731601e+06
2.675609086779888734e-01 1.412672451699460652e+01 1.419522607690947363e+06
2.743833254997840032e-01 1.398184419450050164e+01 1.257025873393073212e+06
2.813844754433358353e-01 1.384689836250143280e+01 1.114512766675706720e+06
2.885700213173906237e-01 1.372790863414473428e+01 9.899658514980378095e+05
2.959441266229080880e-01 1.361762829076920411e+01 8.680838094313305337e+05
3.034887150146460266e-01 1.350581682013890550e+01 7.734742309628234943e+05
3.112450081741496843e-01 1.340589377340826260e+01 6.926586057570480043e+05
3.191741853078173818e-01 1.330770481073631295e+01 6.145950067590061808e+05
3.273173914182653799e-01 1.322271232435759636e+01 5.418588561894663144e+05
3.356378919135219463e-01 1.313466786824572097e+01 4.850920882665568497e+05
3.441708290335606657e-01 1.305195628104062955e+01 4.261168461675623548e+05
3.528988462565452733e-01 1.297650727414389671e+01 3.827528646258156514e+05
3.618371472582334603e-01 1.291125229879057024e+01 3.409095356693748035e+05
3.709768786561444265e-01 1.283316030661987028e+01 2.993633417936531478e+05
3.803175705081972002e-01 1.276954635809435068e+01 2.691404378365401062e+05
3.898724801743465584e-01 1.270436823598350529e+01 2.394409473033790418e+05
3.996335800125468407e-01 1.264887149692980728e+01 2.127861783022196614e+05
4.096191264166295642e-01 1.259280390978657138e+01 1.892459498701852863e+05
4.197902464621484087e-01 1.253942357625288828e+01 1.687873776982000272e+05
4.301920875657044285e-01 1.248931446246792198e+01 1.502541638360643119e+05
4.407964725374985404e-01 1.244311628839263939e+01 1.337987600766145042e+05
4.516314357899128273e-01 1.239793013280328893e+01 1.189881201235532208e+05
4.626828031229484051e-01 1.235470863068985636e+01 1.061891732737262355e+05
4.739262259675725009e-01 1.231488835838660378e+01 9.441328390892047901e+04
4.853760665277904174e-01 1.227763113219913294e+01 8.436923577779959305e+04
4.970524704554907247e-01 1.224117693456406109e+01 7.516417478495139221e+04
5.089360241554036213e-01 1.220823641329324616e+01 6.709811814114706067e+04
5.210346390870668198e-01 1.217494908039402723e+01 5.987001879001939960e+04
5.333455687378872989e-01 1.214362107998795892e+01 5.340419606842502253e+04
5.458679376767371361e-01 1.211481251272578596e+01 4.764591712087790802e+04
5.586011105782269226e-01 1.208817226975188674e+01 4.255208711821664474e+04
5.715169926116301369e-01 1.206103928533528524e+01 3.803749949068248679e+04
5.846396681962089392e-01 1.203615555156605943e+01 3.395124970541695802e+04
5.978439730424988108e-01 1.201260383275381827e+01 3.045923056359610928e+04
6.111146373487293948e-01 1.199021312715777654e+01 2.729976580448005188e+04
6.245600176095579270e-01 1.196713696063477528e+01 2.451463059150570916e+04
6.382143835357306783e-01 1.194675620504107094e+01 2.198791239914665857e+04
6.521442977637801341e-01 1.192481753120126164e+01 1.968187571877477603e+04
6.663392340257832114e-01 1.190776859600718218e+01 1.748273838129681462e+04
6.808953984512495783e-01 1.188718531950461355e+01 1.580380218796624649e+04
6.957960260783625506e-01 1.186867791744424849e+01 1.413980088238855751e+04
7.111161414694822103e-01 1.185191589084232788e+01 1.264781310130827842e+04
7.268315259607150969e-01 1.183289492399294573e+01 1.131151583467116870e+04
7.430192222731126783e-01 1.181973688909351949e+01 1.008928130763049376e+04
7.596148462122337408e-01 1.180464856574855403e+01 8.999624857086191696e+03
7.767132798697100604e-01 1.179074228669933611e+01 8.033990834678679676e+03
7.943129957953111164e-01 1.177878225382151278e+01 7.147153787160025786e+03
8.124164812504200972e-01 1.176678777711538793e+01 6.358541181788878021e+03
8.310404949653101836e-01 1.175813608389655940e+01 5.656547742599955200e+03
8.501445032342779262e-01 1.174843473620846801e+01 5.026716934608480187e+03
8.694727677677922539e-01 1.173892383294348285e+01 4.472431723750059973e+03
8.889816877980102339e-01 1.173271674972656342e+01 3.980458165882942012e+03
9.087294821718373550e-01 1.172506397712598591e+01 3.550995720091365911e+03
9.286866949850669517e-01 1.171902636866416891e+01 3.166058302331330651e+03
9.488805908238027165e-01 1.171339614067477974e+01 2.825301919240314419e+03
9.693484124494067267e-01 1.170648731469773374e+01 2.525848646315451333e+03
9.900273516003526009e-01 1.170092859361348481e+01 2.253695614363037294e+03
1.011007591293022756e+00 1.169804847620284072e+01 2.014064764113871433e+03
1.032211588401840574e+00 1.169448021273012017e+01 1.798418025662116634e+03
1.053704792244241073e+00 1.168981345708217212e+01 1.606772767567540313e+03
1.075477827536053033e+00 1.168633019295315201e+01 1.437564037779952287e+03
1.097510750952315872e+00 1.168268107934922995e+01 1.285353937014163193e+03
1.119784263051586848e+00 1.168273481982444473e+01 1.150475348636396120e+03
1.142351506646145820e+00 1.167865750711484196e+01 1.029303764597332020e+03
1.165172989976679618e+00 1.167406307109859753e+01 9.215519320611758758e+02
1.188245064867182288e+00 1.167202686832541758e+01 8.253241865063591831e+02
1.211556624688375994e+00 1.166844920055812729e+01 7.390004575092899586e+02
1.235120318639529424e+00 1.166710621965287764e+01 6.617854712699743231e+02
1.258912197899303864e+00 1.166705779611568516e+01 5.927942012668767120e+02
1.282927301615790050e+00 1.166433374063637274e+01 5.315348307565444657e+02
1.307148536283536888e+00 1.166181673668157615e+01 4.764164992230191160e+02
1.331678124547486908e+00 1.166280871905432726e+01 4.274870150586100408e+02
1.356189739597829735e+00 1.165850825494481668e+01 3.834420872892087573e+02
1.380984299620881206e+00 1.165529351646497602e+01 3.443097666679120721e+02
1.406007241508181238e+00 1.165554668926623627e+01 3.090936308583272307e+02
1.431007027198515580e+00 1.165109772175496339e+01 2.777127720747951116e+02
1.456209477692815391e+00 1.165143210348873026e+01 2.483197398822198920e+02
1.481609413410101661e+00 1.164719182219151072e+01 2.240364012344642219e+02
1.506940817256346543e+00 1.164709153372077921e+01 2.006745697986663401e+02
1.532420136366005714e+00 1.164262056388157696e+01 1.816192100487035930e+02
1.558039046488078005e+00 1.163913942783644551e+01 1.634564890352699820e+02
1.583530911335783831e+00 1.163712219799864478e+01 1.473093372320328456e+02
1.609107177716158077e+00 1.163331043885058769e+01 1.330882991152164152e+02
1.634671155100880569e+00 1.162962429094694983e+01 1.200433885855714919e+02
1.660230312817868814e+00 1.162748545037552006e+01 1.082497034704192629e+02
1.685726952058080208e+00 1.162231333640877118e+01 9.774223119725404274e+01
1.711157767833813459e+00 1.161808851652816799e+01 8.832497455336103087e+01
1.736502012546661033e+00 1.161365981128246716e+01 7.990311728788110202e+01
1.761786657788495081e+00 1.160883312465529293e+01 7.227220961922979825e+01
1.786815712700665193e+00 1.160367388344607775e+01 6.554933671568845455e+01
1.811755783223472083e+00 1.159780209418783770e+01 5.934841245028979984e+01
1.836526340346387176e+00 1.159231778128567036e+01 5.383864313736300744e+01
