2.191799393465098389e-01 1.550982308316407554e+01 3.683535669800713658e+06
2.256875740374039152e-01 1.526681117665405019e+01 3.188890968839154113e+06
2.324136342020929613e-01 1.502783342701418690e+01 2.768851150353664067e+06
2.393714660560242458e-01 1.480941362145972384e+01 2.399731162562381476e+06
2.465618184061652007e-01 1.461364193262142308e+01 2.096830293320580386e+06
2.539858986313239808e-01 1.441451390363786267e+01 1.808500619951310800e+06
2.616538886270672326e-01 1.423809337276011355e+01 1.569826537342702271e+06
2.695686289030760907e-01 1.407324556410689098e+01 1.366919906923377421e+06
2.777361058953879969e-01 1.393929069889345307e+01 1.183260976295868633e+06
2.861598480018554547e-01 1.377317709640343502e+01 1.027600879889000440e+06
2.948364048269903614e-01 1.363152140876569618e+01 8.947176215860467637e+05
3.037773316677925828e-01 1.351064544506892595e+01 7.752479611049147788e+05
3.129929601795098937e-01 1.338137434661273240e+01 6.739488054832317866e+05
3.224717098823120520e-01 1.327209960209056483e+01 5.851705801345390501e+05
3.322318702854717976e-01 1.321847258545879278e+01 5.082075288996073650e+05
3.422651118818286764e-01 1.307075805038878435e+01 4.442967429177573649e+05
3.525827999248600797e-01 1.298105752778542943e+01 3.841808231360730715e+05
3.631959012771800999e-01 1.289316376341581893e+01 3.344220297855946701e+05
3.740773783959183696e-01 1.281008076972805476e+01 2.911895577689746860e+05
3.852656762595391693e-01 1.273385654713425374e+01 2.532321720348755480e+05
3.967480313869415909e-01 1.266783334196086663e+01 2.201887896865314688e+05
4.085133114976135515e-01 1.259646709353122240e+01 1.917712934767922270e+05
4.205720258314405435e-01 1.253672189051229147e+01 1.669040432300169196e+05
4.329428265922976582e-01 1.249341958802147801e+01 1.455453649282500846e+05
4.456157805583633169e-01 1.242232620197772519e+01 1.267777947671628790e+05
4.585984722154191617e-01 1.237050166048464206e+01 1.105981978377090854e+05
4.718508392615372027e-01 1.232237923720485462e+01 9.669400236822824809e+04
4.854019076548499179e-01 1.227850410669486081e+01 8.419957916697158362e+04
4.992632247458153594e-01 1.223494278326612950e+01 7.350036353885743301e+04
5.134208835288360806e-01 1.219779932856375915e+01 6.417099055567481992e+04
5.278782283349465754e-01 1.215787533491853800e+01 5.619083418114374217e+04
5.426325580491445644e-01 1.212235966670163201e+01 4.908390258585448464e+04
5.576838498396122779e-01 1.209202909613060761e+01 4.288868759364700963e+04
5.729997746902428801e-01 1.205882785532278945e+01 3.752786487503353419e+04
5.885299166034489993e-01 1.202813493768176123e+01 3.293706426392295543e+04
6.038805216523119856e-01 1.200163578200863590e+01 2.894934131581259498e+04
6.190967536553673156e-01 1.197336776328118546e+01 2.556396580683402135e+04
6.343431916609242327e-01 1.194864485166688794e+01 2.262287032634723437e+04
6.496923467701537502e-01 1.192444115397438509e+01 1.998147954628499065e+04
6.652209696929601845e-01 1.189917858218100832e+01 1.768806563322569127e+04
6.810388266594534779e-01 1.187507774833227714e+01 1.564606564258727121e+04
6.971894867647654426e-01 1.185151294112042208e+01 1.383912159994314243e+04
7.137594653536976086e-01 1.182348212691248790e+01 1.224038064011641654e+04
7.304329894312187044e-01 1.180385570583670507e+01 1.081246751508483248e+04
7.468816021391644355e-01 1.178145059359177615e+01 9.604096348752720587e+03
7.632316507073804157e-01 1.175982218864401929e+01 8.526691077786868846e+03
7.795106597656463743e-01 1.173631943524546983e+01 7.603858915159602475e+03
7.958052311761328879e-01 1.171443038926663682e+01 6.774224201899764012e+03
8.120712078850298443e-01 1.169227482990199718e+01 6.043448727653436436e+03
8.284029946300088820e-01 1.166682526006190379e+01 5.397609556595501090e+03
8.448529181024748702e-01 1.164350441043524320e+01 4.822827361682180708e+03
8.614234433374347022e-01 1.162074849930603015e+01 4.306716962150321706e+03
8.782066054171147051e-01 1.159841149546212691e+01 3.826979181778370730e+03
8.950573587202407255e-01 1.157311477672337396e+01 3.440427263455238062e+03
9.121864373969896800e-01 1.154808172965578805e+01 3.048300948282391346e+03
9.294843051670675926e-01 1.152472277716359805e+01 2.743207952018852211e+03
9.470329153560128610e-01 1.149901009206669578e+01 2.448768018278733962e+03
9.648295831521854771e-01 1.147403502717077117e+01 2.170304419208744093e+03
9.828684819754788249e-01 1.145251897352868298e+01 1.950256156822484172e+03
1.001170233820716904e+00 1.142380683434421407e+01 1.741477054810538675e+03
1.019719257516949140e+00 1.139745886866339220e+01 1.550188206223384441e+03
1.038547760394692210e+00 1.137292849485193003e+01 1.373472556904117482e+03
1.057628918947025598e+00 1.134826355703991041e+01 1.231695595183166006e+03
1.076978423155059428e+00 1.132177991801006911e+01 1.097805525139468955e+03
1.096595879624122860e+00 1.129712110493029442e+01 9.773482125963847693e+02
1.116449986502860092e+00 1.127525096315494402e+01 8.652744719334208412e+02
1.136550601095071000e+00 1.124786920421071379e+01 7.757400791051200031e+02
1.156964428754764240e+00 1.122205260104483493e+01 6.893737740930577047e+02
1.177474309193260238e+00 1.119695092286399429e+01 6.148889667344529926e+02
1.198264637086395190e+00 1.117182274679151988e+01 5.439535275984746931e+02
1.219253694383015896e+00 1.114970191176853653e+01 4.872648380823819139e+02
1.240463203652499624e+00 1.112188603425793154e+01 4.337880501575517656e+02
1.261772814388638198e+00 1.109684783442030387e+01 3.865787542111470998e+02
1.283267448779285669e+00 1.107251282756099187e+01 3.446234588974595567e+02
1.304897610023235233e+00 1.104894017388980210e+01 3.067960833381127941e+02
1.326649810961746834e+00 1.102259611245235149e+01 2.736093199993192684e+02
1.348484995902790917e+00 1.099797127516803918e+01 2.438920533255040937e+02
1.370399806862764525e+00 1.097194246939478646e+01 2.173557586019689722e+02
1.392353349219071390e+00 1.094643128885510563e+01 1.941103584810481379e+02
1.414333218704789230e+00 1.092192773129802674e+01 1.723235472822273664e+02
1.436314641248424895e+00 1.089737612630841923e+01 1.548980785481238058e+02
1.458270050923633265e+00 1.087154838452596550e+01 1.384061443455788094e+02
1.480185762455221266e+00 1.084671362359038049e+01 1.236148525232787563e+02
1.502015701814130466e+00 1.082086106610428899e+01 1.107205871102663508e+02
1.523749867697196558e+00 1.079629907456280691e+01 9.918800787952784503e+01
1.545356019582049267e+00 1.077009566623962478e+01 8.851362246955388002e+01
1.566812804774731838e+00 1.074344536448379550e+01 7.945220855690955375e+01
1.588098694388055954e+00 1.071693105601344165e+01 7.152486411198530902e+01
1.609173896242064306e+00 1.069078344445000894e+01 6.407552441497361428e+01
1.630031184617099838e+00 1.066401920927040514e+01 5.783754503813342751e+01
1.650623561326510114e+00 1.063754732502261824e+01 5.204700194383997314e+01
1.670945979960682060e+00 1.060987064192975815e+01 4.692155769699186862e+01
1.690969741696154882e+00 1.058262687349136044e+01 4.216130761113595327e+01
1.710692571094264425e+00 1.055462595887607158e+01 3.809580046104501605e+01
1.730033764026238652e+00 1.052733240139451532e+01 3.436967268687043031e+01
1.749027697073904042e+00 1.049812342535478926e+01 3.124106930981180241e+01
1.767635296093889030e+00 1.046955304393920727e+01 2.817033734650080135e+01
1.785839753643184924e+00 1.044028802833341629e+01 2.564319369182992148e+01
1.803620981508264887e+00 1.041073965680816116e+01 2.329353614694161223e+01
1.820962767473464972e+00 1.038159202400857950e+01 2.114594600528795709e+01
