2.191799393465098389e-01 1.550982308316407554e+01 3.683535669800713658e+06
2.259647814559124501e-01 1.525212937975984850e+01 3.173902543329673354e+06
2.329891640362910521e-01 1.500276455776865880e+01 2.736953474798279814e+06
2.402633020275330988e-01 1.481265981934493325e+01 2.357922769898127764e+06
2.477875706454996385e-01 1.459493116417906755e+01 2.058811450324759120e+06
2.555704918332181719e-01 1.437412550564118874e+01 1.756957411292079370e+06
2.636178726954695462e-01 1.420052592771659583e+01 1.520819869975518435e+06
2.719348733919814132e-01 1.402177149976747828e+01 1.312919242419687333e+06
2.805264626795454519e-01 1.386557372312653769e+01 1.129291371683370555e+06
2.893996322752206418e-01 1.372169656696641660e+01 9.760670359727140749e+05
2.985663183950388322e-01 1.358042224823591759e+01 8.412592814351478592e+05
3.079871496003661613e-01 1.344836786970126141e+01 7.260869560600394616e+05
3.177431361973696577e-01 1.332868186337089611e+01 6.278549866351487581e+05
3.277528739279115810e-01 1.322043257039306674e+01 5.423910663763964549e+05
3.380731955247655574e-01 1.310787138462689327e+01 4.686751282487219432e+05
3.487072753353074872e-01 1.301084221646599737e+01 4.051854071961155860e+05
3.596495520973562177e-01 1.292010877973584826e+01 3.506815105937905610e+05
3.709029573695083459e-01 1.283784651428325851e+01 3.029287444778789650e+05
3.824879143607526899e-01 1.275394882827826670e+01 2.624629833436197951e+05
3.943633501264711683e-01 1.267920413096101662e+01 2.268130833034175448e+05
4.065700317584257650e-01 1.261022848030277821e+01 1.966656773334138561e+05
4.190919840794049001e-01 1.253951968210044576e+01 1.710688500953225885e+05
4.319480520097614962e-01 1.248185323165230898e+01 1.473504873097910604e+05
4.451396877142515529e-01 1.242793767827837925e+01 1.274541592824585241e+05
4.586537233565600169e-01 1.237071956767979053e+01 1.104756025627547060e+05
4.724685789732004371e-01 1.232304722788137141e+01 9.590321385872100655e+04
4.866323446730067559e-01 1.227377096804298340e+01 8.326464849724282976e+04
5.010826519710436244e-01 1.222932014697094161e+01 7.231264494357710646e+04
5.158796083778627306e-01 1.218991450403458821e+01 6.282651398664991575e+04
5.310021433324647600e-01 1.214920707327665461e+01 5.456582517512799677e+04
5.464463532435483994e-01 1.211452966227598971e+01 4.744701395983856492e+04
5.622132091817206856e-01 1.208015944072415060e+01 4.126903809760256263e+04
5.782576413372907398e-01 1.204952117683775370e+01 3.590302276498731953e+04
5.941887700658179394e-01 1.201910592529922539e+01 3.105984629097297511e+04
6.094256873582224454e-01 1.199063056248311376e+01 2.767154203673150550e+04
6.241058161279232630e-01 1.196311036627453639e+01 2.453180609182163971e+04
6.384988345086233252e-01 1.193564311564486324e+01 2.177311549891262257e+04
6.527385458501979709e-01 1.190795025188717382e+01 1.936558058245487337e+04
6.669291444753835396e-01 1.187975510610334062e+01 1.724827923239698430e+04
6.811599526805630633e-01 1.184892332671376636e+01 1.538095334822952100e+04
6.954910470536349587e-01 1.181960026692285481e+01 1.371291385046789583e+04
7.100605025191838449e-01 1.179293268904238978e+01 1.221203326708799432e+04
7.247607359506463842e-01 1.176194823852917537e+01 1.083974299745463395e+04
7.397782098144723983e-01 1.173242080514172159e+01 9.690385005330514105e+03
7.551140102881599425e-01 1.170218342195576966e+01 8.621966799136507689e+03
7.708078881040608676e-01 1.167184441568181974e+01 7.663836099408011250e+03
7.869027874404148637e-01 1.164154288954418881e+01 6.804932511428149155e+03
8.033986149030857282e-01 1.161041604869329191e+01 6.032570943761897979e+03
8.203420095414856172e-01 1.158226608614955033e+01 5.329765973854257027e+03
8.377432162450673125e-01 1.155427955247990646e+01 4.711632629081536834e+03
8.554019131954800903e-01 1.152550281824617784e+01 4.175181323315940972e+03
8.731508457544844282e-01 1.149688124099244391e+01 3.697852961237524596e+03
8.910340115572759068e-01 1.146746101957310771e+01 3.273537301826140265e+03
9.090462219687257539e-01 1.144558385154112123e+01 2.902710956191501737e+03
9.271985701992588869e-01 1.141071285871015561e+01 2.556344873676508087e+03
9.455215570451479534e-01 1.138329490178035819e+01 2.285486933957083693e+03
9.640139668396559003e-01 1.135533562446196143e+01 2.026283788536538168e+03
9.826956705745731879e-01 1.133037259933053065e+01 1.798607313912726113e+03
1.001591996893252956e+00 1.130144134899543396e+01 1.597376102990340542e+03
1.020669393513183643e+00 1.127176673420610875e+01 1.419473885128898701e+03
1.039967188257870268e+00 1.124330996186740173e+01 1.249834589613516300e+03
1.059451714372143805e+00 1.121576029802660024e+01 1.117502746646418018e+03
1.079160007109256636e+00 1.119177405842959239e+01 9.915058233391615659e+02
1.099056972065167281e+00 1.115905813510943645e+01 8.748374635948617879e+02
1.119151806032048446e+00 1.113288903591184287e+01 7.768534282650812202e+02
1.139445107490346443e+00 1.110158038265927516e+01 6.939022429791932609e+02
1.159889224349976988e+00 1.107719513777042764e+01 6.158030230797032800e+02
1.180507301275613985e+00 1.104628122448253258e+01 5.466608251205581155e+02
1.201285511609931023e+00 1.101715376250167466e+01 4.861758729980047065e+02
1.222215173569764612e+00 1.099194468787107049e+01 4.316818848064457370e+02
1.243300783785893593e+00 1.096470554640936612e+01 3.834857162800349215e+02
1.264405718345186669e+00 1.093317634360267476e+01 3.408607543242205224e+02
1.285654618240053226e+00 1.090564661840434368e+01 3.015512997438051457e+02
1.306996244549861963e+00 1.087555381521908515e+01 2.694057475426409383e+02
1.328334039467876648e+00 1.084815498620399588e+01 2.387337768155103106e+02
1.349789356452980593e+00 1.081826784743856784e+01 2.134926789855580864e+02
1.371126077274353205e+00 1.079035564406735581e+01 1.902677746452909560e+02
1.392506107618259215e+00 1.076125429972553960e+01 1.696672404158569520e+02
1.413838025935983511e+00 1.073187678736924688e+01 1.512988815373956299e+02
1.435117349377488694e+00 1.070365348832751984e+01 1.345014787066444626e+02
1.456286804030678450e+00 1.067318894394931483e+01 1.205033370927241663e+02
1.477356025274938922e+00 1.064329321294189690e+01 1.076151717388830349e+02
1.498278559317705039e+00 1.061365029890415457e+01 9.583637662173046579e+01
1.519077221959364898e+00 1.058389477044023685e+01 8.615499239277542642e+01
1.539656153647061654e+00 1.055333826859939350e+01 7.708812641931571363e+01
1.559944467058781425e+00 1.052307450092816232e+01 6.915430640720738609e+01
1.580091076720272936e+00 1.049204867231130933e+01 6.201126780192170429e+01
1.599880611866140168e+00 1.046040299440074683e+01 5.574632360147253252e+01
1.619425587967780134e+00 1.043010279506628279e+01 5.012168126008894831e+01
1.638655820337594271e+00 1.039775988544001883e+01 4.507566693233305699e+01
1.657576682210039065e+00 1.036621947770020036e+01 4.063221358211873024e+01
1.676111445433119185e+00 1.033385250003196809e+01 3.664164289774946326e+01
1.694222762909204816e+00 1.030063988691743759e+01 3.310923586210489589e+01
1.711970414532317797e+00 1.026795532250593013e+01 2.992530793477846984e+01
1.729299958506866464e+00 1.023503441280645099e+01 2.706024786149431094e+01
1.746215700594387021e+00 1.020080906892381911e+01 2.442077260532734684e+01
1.762620951132293445e+00 1.016667989999450228e+01 2.224583562577788243e+01
1.778577274558314603e+00 1.013260774236877637e+01 2.022108063829345070e+01
1.794049309952346016e+00 1.009848552420232792e+01 1.833338088921546927e+01
1.809026731766317786e+00 1.006329546428739441e+01 1.672953977840487738e+01
