2.191799393465098389e-01 1.550982308316407554e+01 3.683535669800713658e+06
2.254450371214768156e-01 1.527118665622761284e+01 3.214982947040450759e+06
2.319190662731338004e-01 1.503749555825797479e+01 2.801860037687182892e+06
2.386046891609208964e-01 1.482350571327912725e+01 2.444315498728225008e+06
2.455122562881032755e-01 1.462763492342622840e+01 2.129352332933533937e+06
2.526311796116010311e-01 1.443834858952854461e+01 1.855739712401609402e+06
2.599760432484217731e-01 1.426934770161163968e+01 1.620013387300507631e+06
2.675474326355404275e-01 1.411538925292828672e+01 1.413517292085692985e+06
2.753559055561331514e-01 1.395893361812908395e+01 1.233303553993761307e+06
2.834007210293177370e-01 1.381639125461203221e+01 1.076556330940880114e+06
2.916884561349898375e-01 1.368186205457585558e+01 9.386684478650563397e+05
3.002101448772346304e-01 1.355587422272010301e+01 8.193061544553415151e+05
3.089784589139650817e-01 1.343420586577231823e+01 7.166855644447646337e+05
3.180059833954855808e-01 1.332765867814697636e+01 6.264848859697068110e+05
3.272823518550755373e-01 1.322179241993736909e+01 5.453711421056662221e+05
3.368071727286602868e-01 1.312294954427328086e+01 4.767164610365711269e+05
3.466008192300595869e-01 1.303139848565650460e+01 4.162907821875154623e+05
3.566669217648538726e-01 1.294471996232189959e+01 3.640019316499768756e+05
3.669816006494837635e-01 1.286322264884128508e+01 3.181016320405954029e+05
3.775832542939962511e-01 1.278653847306945934e+01 2.783269263131534099e+05
3.884399566614806232e-01 1.271342401133929201e+01 2.435926324836763088e+05
3.995787720965507939e-01 1.264355618874759379e+01 2.109329473617222393e+05
4.110135180645222985e-01 1.258493132270823800e+01 1.862190948211502982e+05
4.226704870945294235e-01 1.252544733293776602e+01 1.632239617118310125e+05
4.346484605050735528e-01 1.247338876126084095e+01 1.429287770687517186e+05
4.468914993115294387e-01 1.241692300671984128e+01 1.251746081453648512e+05
4.594287860081844865e-01 1.236762699887888139e+01 1.096616891986303235e+05
4.722177835530868562e-01 1.232304683334468187e+01 9.609191716327193717e+04
4.852825392931855442e-01 1.227781585135188891e+01 8.418307677978608990e+04
4.986375882091469980e-01 1.223875961061659901e+01 7.391563594506320078e+04
5.122669297861425219e-01 1.219379290305689700e+01 6.499161472251365922e+04
5.261748896751405891e-01 1.216058899702955109e+01 5.714258973511664226e+04
5.403587059217773714e-01 1.212762880733593462e+01 5.016562760633316066e+04
5.548197600373649951e-01 1.209645976666882561e+01 4.406482617187128926e+04
5.695569320086227849e-01 1.206607115455456558e+01 3.868678556789098366e+04
5.844882011477455785e-01 1.203689695832200179e+01 3.408268259826258873e+04
5.993259093625656897e-01 1.201002367555007666e+01 3.010216666002682177e+04
6.139452928539375076e-01 1.198376582204584295e+01 2.668757955885212505e+04
6.284830935743945801e-01 1.195865117843511527e+01 2.367109631538818576e+04
6.430555904026178382e-01 1.193444887345545524e+01 2.104749399078177885e+04
6.577635318990825430e-01 1.191096157902958730e+01 1.874101602086412822e+04
6.726860426523463277e-01 1.188439482660916369e+01 1.666707526771750781e+04
6.878264921356687100e-01 1.186124004888023720e+01 1.483676834197432800e+04
7.033279989328217185e-01 1.183825296294677543e+01 1.317016962589058494e+04
7.190991951870683296e-01 1.181479952072786510e+01 1.169916526278551828e+04
7.352674466907765938e-01 1.179052041108218774e+01 1.040531384567281384e+04
7.518702536265999825e-01 1.177028343896153473e+01 9.228955483694961003e+03
7.689100444689163094e-01 1.174992449038596121e+01 8.179388216224580901e+03
7.864220365813096025e-01 1.172870747834240746e+01 7.247398849111454183e+03
8.044251738080669956e-01 1.170556438202898697e+01 6.405838009246394904e+03
8.229454056253122651e-01 1.168884785726590003e+01 5.657705118548367864e+03
8.419974016270720396e-01 1.167002117430970998e+01 4.998376605004342309e+03
8.615952287132676579e-01 1.165280100116028628e+01 4.404765915365292130e+03
8.817496948453841243e-01 1.163628294316250233e+01 3.883309356465952533e+03
9.024728382239987079e-01 1.162086340838408027e+01 3.418008274941699256e+03
9.237785610732313080e-01 1.160602336305270477e+01 3.010724739074526042e+03
9.456674836102456627e-01 1.158955516868294389e+01 2.641754220369939958e+03
9.681229174217121924e-01 1.157918628546837958e+01 2.321780148974557051e+03
9.911713700018195405e-01 1.156702961510434413e+01 2.038576657625004373e+03
1.014797742952198600e+00 1.155631382128497187e+01 1.789424041128517047e+03
1.039011999247500428e+00 1.154644888792722668e+01 1.569492491063389025e+03
1.063782443128398647e+00 1.153763126178090914e+01 1.377644762070191064e+03
1.089126412362524610e+00 1.153117099467805851e+01 1.206970368679753847e+03
1.114844649494528994e+00 1.152254204972642526e+01 1.059122909502554876e+03
1.140568397778730647e+00 1.151623636015731833e+01 9.248652792258214959e+02
1.166265229351754806e+00 1.150936150825951820e+01 8.185271017357242727e+02
1.191953231270916680e+00 1.150732430224103986e+01 7.238679180928480719e+02
1.217621862769668661e+00 1.150243724312078619e+01 6.355797829335938331e+02
1.243289026696420940e+00 1.149553634306151828e+01 5.661256771875864615e+02
1.268920152658017608e+00 1.148499783843004352e+01 5.018215288710526920e+02
1.294545118428808594e+00 1.147905807605482131e+01 4.452416210985654175e+02
1.320125303895234081e+00 1.147196349534620197e+01 3.954558516706676414e+02
1.345683166907101214e+00 1.146292103585583533e+01 3.517923971985028970e+02
1.371183367863216152e+00 1.145639011050709399e+01 3.131618351621027614e+02
1.396632273563170878e+00 1.144725581996537045e+01 2.787919026920917531e+02
1.422019805155258609e+00 1.144065025572289152e+01 2.487940502945580761e+02
1.447353716199866858e+00 1.143077681807938895e+01 2.219616046931375024e+02
1.472533266656415485e+00 1.141855437126982231e+01 1.981231125188806459e+02
1.497632271353918076e+00 1.140840449066798712e+01 1.763876649103011403e+02
1.522589471215417767e+00 1.139686303636099574e+01 1.586804806141303459e+02
1.547436700158106193e+00 1.138360312217328207e+01 1.421747336423150614e+02
1.572092913364417033e+00 1.137254764622694836e+01 1.273934433597736557e+02
1.596594378810955339e+00 1.135891474142576385e+01 1.138062324946000956e+02
1.620896292479400147e+00 1.134450618883319528e+01 1.027416252157928938e+02
1.645043491914460088e+00 1.133132214189267550e+01 9.229584150748124216e+01
1.668845232752427243e+00 1.131513740013510905e+01 8.268283630010937202e+01
1.692542988305103302e+00 1.129979649690576338e+01 7.473992564816234108e+01
1.715790879210006725e+00 1.128341035418853977e+01 6.737709972291693816e+01
1.738860664376638443e+00 1.126676142677481174e+01 6.082550786483736971e+01
1.761592012587934963e+00 1.124849020761424256e+01 5.486021927491885464e+01
1.783993674161076681e+00 1.123066766541168704e+01 4.960696334155663578e+01
1.806150254316231107e+00 1.121198139743305333e+01 4.484789170252896895e+01
1.827871091333486131e+00 1.119299928214899964e+01 4.061585927341270974e+01
1.849192073048744112e+00 1.117183372473920144e+01 3.684689384602532414e+01
1.870014583518635698e+00 1.115102696690503770e+01 3.341507008145229918e+01
1.890506028990999843e+00 1.112957394101400332e+01 3.034651946796287447e+01
1.910577580668083142e+00 1.110735696257527927e+01 2.760390985483322979e+01
1.930208174458950543e+00 1.108415876805220535e+01 2.511656178362097691e+01
1.949418022606882017e+00 1.106114345490758133e+01 2.286361269351111858e+01
1.968218426805389720e+00 1.103769208050925776e+01 2.083543180429953523e+01
