2.191799393465098389e-01 1.550982308316407554e+01 3.683535669800713658e+06
2.261212102092611809e-01 1.527722141017197188e+01 3.160289595985472668e+06
2.332966422994511568e-01 1.499613143050660291e+01 2.719435732065668330e+06
2.407538089556256755e-01 1.477547089280402659e+01 2.351147852352151647e+06
2.484452754144194364e-01 1.455353881245222247e+01 2.012558858996670460e+06
2.564213195438264092e-01 1.435395268143260239e+01 1.729658371733861510e+06
2.646734655125393965e-01 1.417001533752299736e+01 1.488110108882723842e+06
2.732079907281094178e-01 1.399891141644030412e+01 1.281850018198694568e+06
2.820298341572872181e-01 1.384341153766025379e+01 1.102875948765000794e+06
2.911472187470858786e-01 1.368683888099572243e+01 9.479754663337331731e+05
3.005545204876480248e-01 1.354944721526810447e+01 8.154310310963144293e+05
3.102545785258165045e-01 1.342232988604574828e+01 7.028374820712431101e+05
3.202798988215094789e-01 1.329586638787559671e+01 6.045913240234518889e+05
3.305976220832507750e-01 1.318451342058178355e+01 5.211620644119523349e+05
3.412456199135888713e-01 1.307891925039448822e+01 4.483454182986308006e+05
3.521975784977018908e-01 1.298125484755178860e+01 3.868365943428354221e+05
3.634884810789498766e-01 1.289016774181367531e+01 3.331181624335037195e+05
3.750864656958121102e-01 1.280309804779144045e+01 2.876679019082675222e+05
3.870287563364295802e-01 1.272272562164927656e+01 2.479063972700393351e+05
3.993028714717027916e-01 1.264943803033435188e+01 2.121583497866959951e+05
4.119018926899830624e-01 1.257339870222966027e+01 1.844913354323812237e+05
4.248682480028967423e-01 1.251641452979464653e+01 1.592931799015424913e+05
4.381240171788619020e-01 1.245550791659020362e+01 1.375848529825753358e+05
4.517535432509182658e-01 1.239861045189020139e+01 1.188670073488060734e+05
4.657252962492475223e-01 1.234605074394413826e+01 1.027007822614318138e+05
4.800100627379186302e-01 1.229646842931279771e+01 8.897563881778961513e+04
4.946475647664429487e-01 1.224770714017261142e+01 7.701012667571264319e+04
5.096163114721342646e-01 1.220442389386620796e+01 6.662833432452162378e+04
5.249268267416901113e-01 1.216471060131945237e+01 5.767987369015561853e+04
5.405741163581828657e-01 1.212925457812038843e+01 5.011491577561102167e+04
5.565586194278930865e-01 1.209292509449097430e+01 4.332262604558703606e+04
5.728475293389785339e-01 1.205695289255502978e+01 3.761912213397259620e+04
5.892976796496258718e-01 1.202829777438184422e+01 3.272168747556312883e+04
6.051319538676592780e-01 1.199778041059666123e+01 2.866457147570636153e+04
6.204402701498931139e-01 1.197028061215899086e+01 2.525224416335293427e+04
6.353917463553001577e-01 1.194268680172287311e+01 2.233345043882714526e+04
6.501846761739280556e-01 1.191081165497439720e+01 1.981623178681238642e+04
6.649233805291880905e-01 1.188610244849699882e+01 1.756233731439295661e+04
6.797164899291290308e-01 1.185704185395143284e+01 1.560433637505698243e+04
6.946204862457698859e-01 1.182406657352321666e+01 1.388483994093471665e+04
7.097418756581564958e-01 1.179770082411662280e+01 1.230031729226259995e+04
7.251708072770463032e-01 1.176879297070546926e+01 1.091628097576453183e+04
7.407547378540561001e-01 1.173930237997564952e+01 9.674626358366469503e+03
7.567814419181374541e-01 1.171004403187685305e+01 8.584343743049412296e+03
7.731752670831352203e-01 1.167905803631765060e+01 7.586821306266380816e+03
7.900115228127413403e-01 1.164957576196931299e+01 6.705870031309805199e+03
8.072920311083565670e-01 1.161941730592411481e+01 5.923235601904288160e+03
8.250473023115186821e-01 1.159092719215258249e+01 5.216958306052132684e+03
8.433047021503801144e-01 1.156174005953428896e+01 4.595326292520080642e+03
8.620915997691219745e-01 1.153750495737007853e+01 4.011062150785935046e+03
8.814035780491764616e-01 1.150545830208670139e+01 3.521161018756140948e+03
9.012590779046996126e-01 1.147941794569083562e+01 3.118327884193640784e+03
9.216741499993922337e-01 1.145240650087649570e+01 2.733762851618544573e+03
9.426463378260431236e-01 1.143035780278314029e+01 2.393663914289276818e+03
9.641804466598056234e-01 1.140425007375556099e+01 2.098218801564807563e+03
9.862778982511487547e-01 1.137791694542859489e+01 1.825260350438276419e+03
1.008939725119250452e+00 1.135682693281130895e+01 1.601262310793015786e+03
1.032152223314826145e+00 1.133217461346980670e+01 1.399225980194740032e+03
1.055903945723514425e+00 1.131040889150220430e+01 1.221589005872210919e+03
1.080195749491484225e+00 1.129016406620956836e+01 1.065174205313228867e+03
1.105009530061331624e+00 1.127063859763805986e+01 9.243182696655791233e+02
1.130323743620185173e+00 1.125105314851912119e+01 8.107593420956168302e+02
1.156119916607826648e+00 1.123329594060714953e+01 7.064282011141706334e+02
1.182384980542154906e+00 1.121781591196673666e+01 6.164843495616303244e+02
1.209041310663423907e+00 1.119854347069818346e+01 5.376603709725652607e+02
1.235617669262206064e+00 1.118161318083210709e+01 4.697906652712127880e+02
1.261965118805774333e+00 1.116517015643865740e+01 4.121626652344186255e+02
1.288076859711615008e+00 1.115181889587789676e+01 3.600110888624630547e+02
1.313935405641981857e+00 1.113279584615862916e+01 3.190951764534470385e+02
1.339528291000497973e+00 1.111824116224762626e+01 2.813862646815142057e+02
1.364876665183789806e+00 1.109801462919928028e+01 2.487536601371838856e+02
1.389946916642504249e+00 1.108054704401770785e+01 2.202070268921251568e+02
1.414756948270788461e+00 1.106096602364969073e+01 1.951470421283881080e+02
1.439270064281480854e+00 1.104116027008542211e+01 1.733221311714561352e+02
1.463486229194277843e+00 1.102071254259111122e+01 1.540794197824909304e+02
1.487399798000033080e+00 1.100009574584212579e+01 1.371377869421770015e+02
1.511018157730389833e+00 1.097798854905795451e+01 1.222851863940925057e+02
1.534354433107370408e+00 1.095555017925052432e+01 1.092028046914970076e+02
1.557159235045007417e+00 1.093195139393294291e+01 9.723115666163251092e+01
1.579705678386303935e+00 1.090813833380125253e+01 8.726512026327277738e+01
1.601892525004751322e+00 1.088271571041793884e+01 7.819978270013670851e+01
1.623669586954881616e+00 1.085752474221052566e+01 7.017290629538067037e+01
1.645028802822848801e+00 1.083061406123038140e+01 6.298213717217245033e+01
1.666028459370678227e+00 1.080330071605716924e+01 5.660298904203472148e+01
1.686491225686397755e+00 1.077523440437551194e+01 5.094829303026264711e+01
1.706549721929902841e+00 1.074674364966496221e+01 4.573529213743119470e+01
1.726139850711091661e+00 1.071718211398544796e+01 4.139643586154697630e+01
1.745252624909498840e+00 1.068664603570162441e+01 3.739800585797588894e+01
1.763871505287793351e+00 1.065594415056628819e+01 3.368541469862181970e+01
1.781956777206607390e+00 1.062429428235305551e+01 3.057095811990914314e+01
1.799652858673795874e+00 1.059291581861059406e+01 2.762929798777457080e+01
1.816577670464237348e+00 1.055845972082519424e+01 2.509054946674493891e+01
1.833077681972858253e+00 1.052431113890347980e+01 2.278810481347429118e+01
1.849119415985110093e+00 1.049088880399088275e+01 2.073085958689257424e+01
1.864387646591880499e+00 1.045500943717502729e+01 1.895837827178049650e+01
1.879177708078881182e+00 1.041937681136262839e+01 1.729949603078034670e+01
1.893389139956147771e+00 1.038326926514446669e+01 1.574252920544098977e+01
1.907111640227565408e+00 1.034678370064526476e+01 1.443075640361954548e+01
1.920045597893959233e+00 1.030851732433411883e+01 1.321813955932328710e+01
1.932480085832700922e+00 1.027049581610997642e+01 1.211620406459618593e+01
