2.191799393465098389e-01 1.550982308316407554e+01 3.683535669800713658e+06
2.261683894930099081e-01 1.529316236201220391e+01 3.213011157073147129e+06
2.333974623934560177e-01 1.501331571087514050e+01 2.738157785213945899e+06
2.409074060674614159e-01 1.476510686009429918e+01 2.334558926121241879e+06
2.486595282597882928e-01 1.454741033417221452e+01 2.001860025700577535e+06
2.566994207286423801e-01 1.434594794601186329e+01 1.721726494118960807e+06
2.650184491220738958e-01 1.416315065701856746e+01 1.480418200994690880e+06
2.736246919057154781e-01 1.399123374315249357e+01 1.270160402060107794e+06
2.825226816293862631e-01 1.382700179458839074e+01 1.094812576858727029e+06
2.917205310536296614e-01 1.367775983319086386e+01 9.386406722212092718e+05
3.012143642742332594e-01 1.354206420174497616e+01 8.072029377502774587e+05
3.110255649226099095e-01 1.340921046243425252e+01 6.937893717707922915e+05
3.211169412224835207e-01 1.328875822756540970e+01 5.971512447959241690e+05
3.315335450441287968e-01 1.318030772243129078e+01 5.135494142133481801e+05
3.422749783486816466e-01 1.306906127676566776e+01 4.425398330422758008e+05
3.533407742603026924e-01 1.297208207953328341e+01 3.810166625702112797e+05
3.647492198189165591e-01 1.288015821112964687e+01 3.278043793684059638e+05
3.764617035260122146e-01 1.278805590835134076e+01 2.821759696271318244e+05
3.885242465140484880e-01 1.271345858661989148e+01 2.432694821564980666e+05
4.009258883577244692e-01 1.264359299015510452e+01 2.096904755667771096e+05
4.136561341225313826e-01 1.257280028182478304e+01 1.809153512953425525e+05
4.267460731872010915e-01 1.250709550855794916e+01 1.561674077645710495e+05
4.401554258005953568e-01 1.244444184437943512e+01 1.346967718877712323e+05
4.539269697799563907e-01 1.238595025983996578e+01 1.160267093538039189e+05
4.680536612434903487e-01 1.233836463651489801e+01 1.003035905925681291e+05
4.824846150023134883e-01 1.228811681283197288e+01 8.675478870554518653e+04
4.972902228769687238e-01 1.223946934153677191e+01 7.492764090370075428e+04
5.124253786381751663e-01 1.219742680634043097e+01 6.483255640846848110e+04
5.279052840931192092e-01 1.215955901163994923e+01 5.608722384687019075e+04
5.437263144167392426e-01 1.212053030413056653e+01 4.864655448013445130e+04
5.598889891491691806e-01 1.208458450072419410e+01 4.213244004788267921e+04
5.763599742837851592e-01 1.205323031549533752e+01 3.617541814121978678e+04
5.930256446592927499e-01 1.201867910491514202e+01 3.150648301651416477e+04
6.096575203309564372e-01 1.199187253692407040e+01 2.762945107195489254e+04
6.263838132582073559e-01 1.196451844172995571e+01 2.414745759245364388e+04
6.433161819499260137e-01 1.193704937550744027e+01 2.107971645178451581e+04
6.605723723954850524e-01 1.190965452094687471e+01 1.838746560725661038e+04
6.783206948294107086e-01 1.188340730013215740e+01 1.591047771060142441e+04
6.963913541866809664e-01 1.186013712694327182e+01 1.401325412909689112e+04
7.150761444546422929e-01 1.183790304091911239e+01 1.219813383631155375e+04
7.343398861481589268e-01 1.181479596394540543e+01 1.063244592819480022e+04
7.542697930438183596e-01 1.179211601513767249e+01 9.245900097640515014e+03
7.748133713705545045e-01 1.177289873751870353e+01 8.021014486301378383e+03
7.960882735779896135e-01 1.175464383471084062e+01 6.955581033253008172e+03
8.181137051144645733e-01 1.173740450789400569e+01 6.018400262447383284e+03
8.408849017724600028e-01 1.172238804529408362e+01 5.211738589895858240e+03
8.644461131816785215e-01 1.170948921682840904e+01 4.500731155489344928e+03
8.888060453132181626e-01 1.169513899327770545e+01 3.884435272042870565e+03
9.139724659211805324e-01 1.168360159602668524e+01 3.356257155223024711e+03
9.399634807643891810e-01 1.167186148861670780e+01 2.887185036435817892e+03
9.667851285046540344e-01 1.166674261674214286e+01 2.466590018964787305e+03
9.944242548974465690e-01 1.166342250559014637e+01 2.136826754931019877e+03
1.022891628647193407e+00 1.165434997450210730e+01 1.838222960979151821e+03
1.052178836153345065e+00 1.165097886734795196e+01 1.580804083652841200e+03
1.082273812942748048e+00 1.164876568790773526e+01 1.356875861026483790e+03
1.113164774539728175e+00 1.164884749631394634e+01 1.165075742307247083e+03
1.144831540830685723e+00 1.164864041509705039e+01 1.000681663650853011e+03
1.176745520287191038e+00 1.165315151269560090e+01 8.617376881273943354e+02
1.207972478368059432e+00 1.165218299453714046e+01 7.467112139652806491e+02
1.238553809668542671e+00 1.165323249973603481e+01 6.481303120785262308e+02
1.268553318091604432e+00 1.165454343471386878e+01 5.663125814287710682e+02
1.297939976219026459e+00 1.165557245765737093e+01 4.964573782953347063e+02
1.326808978411782469e+00 1.165000689549983903e+01 4.360669039106509786e+02
1.355170139925319317e+00 1.164891702491543946e+01 3.841762183438781904e+02
1.383085153157342706e+00 1.164163258530178524e+01 3.372351969412617336e+02
1.410521532735625749e+00 1.163347376026178814e+01 3.004281274397590664e+02
1.437473876189912403e+00 1.162873700087336282e+01 2.663266271646677410e+02
1.464033462187908086e+00 1.161527729539874265e+01 2.365061705181865648e+02
1.490131457060954512e+00 1.160524058320614138e+01 2.103722462434484441e+02
1.515832157718959960e+00 1.159472566817290939e+01 1.874592906031860480e+02
1.541098667144062517e+00 1.157811894804607000e+01 1.672609563912563715e+02
1.565950105314558582e+00 1.156347133570220187e+01 1.493048817130793395e+02
1.590384437598202805e+00 1.154662005711914929e+01 1.336725806049902019e+02
1.614391100716868754e+00 1.152743638040096918e+01 1.196560491081613122e+02
1.637979184986383618e+00 1.150763615753778701e+01 1.072928860509677236e+02
1.661122797831429798e+00 1.148682483436618540e+01 9.636017889306418738e+01
1.683827752857678828e+00 1.146506378803931270e+01 8.660889711195503082e+01
1.706083069227736893e+00 1.144144878195281834e+01 7.790185768827140578e+01
1.727881257068977439e+00 1.141705016675654250e+01 7.009325073791522698e+01
1.749213142868429660e+00 1.139065241757549174e+01 6.317488075928181956e+01
1.770050173671275928e+00 1.136365129424644671e+01 5.679648265395223916e+01
1.790590740424535365e+00 1.133596247886640285e+01 5.139849253557144237e+01
1.810258174553422972e+00 1.130576459360466401e+01 4.656352564622397949e+01
1.829601462909488996e+00 1.127610561824637614e+01 4.212601245602235878e+01
1.848441398091123622e+00 1.124455374432359633e+01 3.816477010816450388e+01
1.866866763558517661e+00 1.121277163821808287e+01 3.461923584213250393e+01
1.884441594368384543e+00 1.117850445489742839e+01 3.147568694816595780e+01
1.901764044140138443e+00 1.114583910132688338e+01 2.858167544007267580e+01
1.918237894080198291e+00 1.110946191237741587e+01 2.593776188861880883e+01
1.934289077097029130e+00 1.107369149257229068e+01 2.372250377333744709e+01
1.949757910298120178e+00 1.103731151940007216e+01 2.163835627399354777e+01
1.964927681283602512e+00 1.100005661766158305e+01 1.961349942351502662e+01
1.978913384321298707e+00 1.096045664982728773e+01 1.801306886287745357e+01
1.992592328371366461e+00 1.092061577113148196e+01 1.648580844039685900e+01
2.005669365410119198e+00 1.088128257648756936e+01 1.515164062232171283e+01
2.018132671627980823e+00 1.084076526819701058e+01 1.390563898746372473e+01
2.029982815531198526e+00 1.079934874390699306e+01 1.278038675617518294e+01
2.041208047491895883e+00 1.075693775517209616e+01 1.171829662387645676e+01
2.051826601634015645e+00 1.071491676983337094e+01 1.079939655546205657e+01
2.061827084149439937e+00 1.067152293988970335e+01 9.997971923916420423e+00
