2.191799393465098389e-01 1.550982308316407554e+01 3.683535669800713658e+06
2.266438987153632789e-01 1.524718740145716822e+01 3.169617395791807212e+06
2.343954453112599978e-01 1.495360676651040777e+01 2.663582205806958955e+06
2.424607731453543857e-01 1.472199221027259064e+01 2.260740976637911983e+06
2.508160093299253157e-01 1.449613700294606033e+01 1.920694097205256810e+06
2.594914463828063012e-01 1.428216343805334709e+01 1.633076515087210806e+06
2.684900822876519211e-01 1.409361488015093933e+01 1.388985659481916809e+06
2.778167555476812045e-01 1.391275192619202450e+01 1.183299778594460338e+06
2.874804323867166667e-01 1.377639933756229595e+01 1.003378931745036389e+06
2.974748175026304953e-01 1.359604393244758569e+01 8.556587996863521403e+05
3.078349776850560215e-01 1.345210422904032121e+01 7.299346215281720506e+05
3.185264738618789893e-01 1.331877813372957675e+01 6.189022354782988550e+05
3.295809513915309852e-01 1.320910199412783292e+01 5.278511352859963663e+05
3.410033258082496022e-01 1.307917731133866646e+01 4.497909363184857066e+05
3.527865921122082526e-01 1.298341679507766599e+01 3.831116714454003959e+05
3.649596667597093114e-01 1.287708908348630921e+01 3.269897660131938756e+05
3.774963647141845735e-01 1.278682774314565407e+01 2.794922997247378225e+05
3.904141842455285394e-01 1.270094950439441028e+01 2.378844137473288865e+05
4.037205265166590729e-01 1.262301944876343995e+01 2.030798421534795198e+05
4.174219697841610177e-01 1.255200235863772384e+01 1.732210622661433299e+05
4.315036908180540087e-01 1.248817301863472728e+01 1.477711215480310202e+05
4.459893315277288495e-01 1.242031635953460089e+01 1.263821879343314067e+05
4.608740337940332998e-01 1.236223579660357430e+01 1.080082185058210889e+05
4.761275381833893205e-01 1.230760007769138831e+01 9.255930038746171340e+04
4.917795411167419362e-01 1.225797928413708071e+01 7.823013422067531792e+04
5.078089852894889233e-01 1.221111470151800482e+01 6.780711517067032401e+04
5.242419713011599036e-01 1.216753609016221382e+01 5.801231640043718653e+04
5.410647275314671711e-01 1.212737990054522186e+01 4.978890129471869295e+04
5.582760703723902429e-01 1.208884190947634707e+01 4.272289567075094965e+04
5.758453416812980841e-01 1.205201273578350296e+01 3.633528919523156219e+04
5.932452480061869426e-01 1.202187987424537141e+01 3.162909040839875524e+04
6.093311325078831775e-01 1.198986560078975394e+01 2.764099789421083915e+04
6.244323777703645328e-01 1.195621832348679270e+01 2.438325088882769705e+04
6.388910103575384802e-01 1.192858050788882451e+01 2.157315645836302792e+04
6.529148435928922023e-01 1.189255308596130867e+01 1.923127467923795848e+04
6.666541910713138508e-01 1.186166691704903720e+01 1.709760065476990712e+04
6.802523049070814398e-01 1.182976807461346525e+01 1.524070253947171659e+04
6.938156818608215426e-01 1.179234184397028073e+01 1.359898274222036162e+04
7.074304430244406916e-01 1.175541580557346144e+01 1.213372401906075174e+04
7.211709124989246211e-01 1.171961092153854800e+01 1.082548209877685804e+04
7.351015530918210139e-01 1.167916301321699279e+01 9.627970501728237650e+03
7.492783128251397917e-01 1.163831169984326763e+01 8.565575683552862756e+03
7.637405870423871201e-01 1.160077581794796409e+01 7.611970190674181140e+03
7.785399824169205729e-01 1.155744789578283083e+01 6.756350044532556240e+03
7.937105823119989800e-01 1.151923999646013996e+01 5.985940871799249180e+03
8.092752890243550823e-01 1.147645148290965089e+01 5.292767072244152587e+03
8.252707449552729724e-01 1.143345859568593958e+01 4.679242857833893140e+03
8.417191716024116088e-01 1.139486311337568303e+01 4.133058986244120206e+03
8.586318768015152036e-01 1.135365525210971427e+01 3.635943765138616982e+03
8.760277011686472548e-01 1.131232464886915601e+01 3.197290788802673887e+03
8.939258324628844843e-01 1.127128619526211395e+01 2.806834299907648074e+03
9.123233817928426692e-01 1.123439553395270529e+01 2.464825476634679944e+03
9.312281939536518616e-01 1.119133086652204234e+01 2.159305079974711134e+03
9.507011052524105832e-01 1.115224918571566803e+01 1.888934237823749527e+03
9.705754548352952815e-01 1.111402314037172090e+01 1.652450036414313900e+03
9.910048853850393913e-01 1.107561100545854949e+01 1.434763457150258773e+03
1.011934846756730622e+00 1.103941740947599826e+01 1.259211014590786363e+03
1.033343560117855109e+00 1.100209141243776401e+01 1.099065887582872620e+03
1.055220878387264749e+00 1.096620804697436746e+01 9.569825446887115277e+02
1.077556058625807278e+00 1.093089353603951608e+01 8.349811223205002761e+02
1.100324666878741198e+00 1.090032704486104187e+01 7.273288207150353628e+02
1.123505051069742189e+00 1.086249928902514306e+01 6.296559473248879613e+02
1.147071663958913135e+00 1.083045219237712864e+01 5.517831684764449847e+02
1.170999209733720292e+00 1.079709043445391536e+01 4.810191615339886653e+02
1.195261834783731603e+00 1.076487705354252888e+01 4.185815051396070885e+02
1.219819317842037343e+00 1.073306776956719411e+01 3.647024608605660205e+02
1.244639553490075157e+00 1.070240231810684683e+01 3.182024473423690551e+02
1.269689125131596485e+00 1.067175008492398725e+01 2.774220428453842260e+02
1.294931562153115445e+00 1.064156189665825458e+01 2.422553733878706623e+02
1.320330589082069128e+00 1.061178097528319419e+01 2.112032224886238509e+02
1.345843870926577868e+00 1.058393353110562707e+01 1.846757246249698596e+02
1.371429679584038164e+00 1.055481140749180113e+01 1.615248835686969073e+02
1.397045441851888725e+00 1.052584324257192705e+01 1.407184276026416399e+02
1.422652743879305071e+00 1.049697791821871462e+01 1.232523334424888475e+02
1.448211580415995625e+00 1.046868086871119985e+01 1.085630558743320080e+02
1.473659203424890984e+00 1.044008665790749113e+01 9.532578571630330089e+01
1.498630509355753038e+00 1.041259979660683221e+01 8.385319655711123232e+01
1.522907216226036420e+00 1.038341107462881752e+01 7.400309013880470843e+01
1.546471869380349418e+00 1.035549089341384210e+01 6.528725499891282880e+01
1.569298769169309438e+00 1.032576958933037048e+01 5.796435686215886562e+01
1.591383110171118664e+00 1.029590115828237984e+01 5.178346389534983985e+01
1.612739414078460776e+00 1.026516853977313737e+01 4.620307474017231897e+01
1.633318755287603841e+00 1.023345482264619299e+01 4.130764912388963950e+01
1.653165848909461833e+00 1.020108349724473307e+01 3.699590837495448170e+01
1.672263374764746402e+00 1.016796936772682081e+01 3.321662854170839552e+01
1.690638821652671542e+00 1.013380515480671207e+01 2.986845685374753145e+01
1.708233010671859953e+00 1.009834603243478313e+01 2.693618976348966143e+01
1.725064197414475808e+00 1.006249231769325014e+01 2.430839646947005406e+01
1.741168065982704904e+00 1.002637434958518625e+01 2.192642219334160458e+01
1.756525779419464417e+00 9.988455264287823709e+00 1.992870960910051892e+01
1.771116632875231467e+00 9.950957569321500884e+00 1.804785897864556787e+01
1.784979527992207826e+00 9.911184288880070525e+00 1.640559798353018905e+01
1.798099545197338278e+00 9.871418017995905458e+00 1.498481892942505667e+01
1.810485172267341181e+00 9.830623920055318266e+00 1.363930976049019073e+01
1.822150746840408564e+00 9.789537655258232718e+00 1.249503836842062121e+01
1.833066527561142189e+00 9.747582886092381216e+00 1.143927294146403995e+01
1.843278567930423772e+00 9.705300882102488202e+00 1.049572074874425454e+01
1.852780291059697770e+00 9.662211652714402632e+00 9.636132363160829328e+00
1.861575816073335554e+00 9.618435140607996203e+00 8.846403778094382275e+00
1.869759835754476684e+00 9.574393591283506311e+00 8.148716270062074329e+00
