2.191799393465098389e-01 1.550982308316407554e+01 3.683535669800713658e+06
2.245358066272922781e-01 1.529920971468753166e+01 3.279030806299053598e+06
2.300458715635073370e-01 1.513772838573038371e+01 2.946067395146967843e+06
2.356969504174620256e-01 1.492409672745968763e+01 2.600423259468033444e+06
2.415308891506418032e-01 1.475149267685458199e+01 2.313606470345729496e+06
2.475047304077236388e-01 1.457903956489168706e+01 2.029387819360753288e+06
2.536350164791828510e-01 1.443059987207233341e+01 1.821387163527586032e+06
2.599370770952039722e-01 1.427828317110688161e+01 1.620687910650261678e+06
2.664090284988668289e-01 1.414056395672070821e+01 1.441117045103893848e+06
2.730506643417016654e-01 1.400142836728604934e+01 1.285121187732279301e+06
2.798647605641677583e-01 1.387675990528178183e+01 1.141769040241998155e+06
2.868558840342302352e-01 1.375803641548070289e+01 1.015736817436660291e+06
2.940223824656791329e-01 1.364695885571732781e+01 9.060862370382949011e+05
3.013728180433961068e-01 1.353866225244277288e+01 8.045364913722560741e+05
3.088898459614076719e-01 1.343886202550663711e+01 7.178810184128559195e+05
3.166018263593102788e-01 1.334310860092351447e+01 6.373433480020347051e+05
3.245022446675381866e-01 1.325398155390470123e+01 5.630957288425642764e+05
3.325758116903725914e-01 1.316557157206341522e+01 5.068675522986312862e+05
3.408650917632696231e-01 1.308368732289615366e+01 4.508311669745919644e+05
3.493103634580660977e-01 1.300872666846764858e+01 4.021415786115807132e+05
3.579702270386634355e-01 1.292994528170333979e+01 3.578168877805991215e+05
3.668227815718511087e-01 1.286746596119872699e+01 3.189951749933116371e+05
3.758743110079534322e-01 1.279773731993947017e+01 2.842814602031161776e+05
3.851308637567393278e-01 1.273534393586859004e+01 2.535746919450322457e+05
3.945802226571199500e-01 1.267527072446636893e+01 2.260603441635920608e+05
4.042261289747650088e-01 1.262255325057637023e+01 2.017326670274780190e+05
4.140761813421524606e-01 1.256920354029267806e+01 1.798033459685808630e+05
4.241413303143035107e-01 1.251782213608952610e+01 1.604995403459053487e+05
4.344009107053121710e-01 1.247067513159252705e+01 1.433909667203304707e+05
4.448787956909742158e-01 1.242431635516039279e+01 1.282395728155846591e+05
4.555268132701014716e-01 1.238408177210993699e+01 1.143664368625253410e+05
4.664141741979194733e-01 1.234247066719272290e+01 1.020120833223490918e+05
4.774868281729713893e-01 1.230307197089372373e+01 9.119675285357411485e+04
4.887682777160423098e-01 1.226696994258209727e+01 8.154153153880852915e+04
5.002370837621988864e-01 1.223192026999657678e+01 7.210179875969089335e+04
5.119187460404076573e-01 1.220003959727069720e+01 6.522148379921781452e+04
5.238067796802928777e-01 1.216779183814619181e+01 5.828665613756106904e+04
5.358979085865063219e-01 1.213807823225687343e+01 5.224002484240262129e+04
5.481911974090533102e-01 1.210890858360306233e+01 4.668747189950824395e+04
5.606869138894736704e-01 1.208424795476353353e+01 4.184703175743955217e+04
5.733519021319476439e-01 1.205819052896449151e+01 3.749877125069234899e+04
5.862036174268966393e-01 1.203354742110351339e+01 3.330957918173384678e+04
5.991446829756066350e-01 1.200888681649455947e+01 3.012843243087094743e+04
6.121799567225498784e-01 1.198848603345009955e+01 2.708681265616200108e+04
6.253936943573968898e-01 1.196811030974173207e+01 2.433002336512490729e+04
6.388467807272577570e-01 1.194564266961766030e+01 2.186810606111712696e+04
6.525256127686920316e-01 1.192559924650094239e+01 1.963837458666218299e+04
6.665034602134579655e-01 1.190461640483507466e+01 1.763770110231775834e+04
6.808040034707104615e-01 1.188819525224946361e+01 1.582059985291132944e+04
6.954700116985333969e-01 1.187028277302079537e+01 1.417915798638076558e+04
7.105262221138206602e-01 1.185352985859632469e+01 1.272806478227841217e+04
7.260366204436629056e-01 1.183746739590963593e+01 1.140359823315069661e+04
7.419087263069075178e-01 1.182169528741966857e+01 1.017935424399930707e+04
7.582429243028678822e-01 1.180840378545051905e+01 9.101131564927032741e+03
7.750534158283131081e-01 1.179542821755616622e+01 8.132932479927602799e+03
7.923441347688984226e-01 1.178286721061882680e+01 7.255826020766842703e+03
8.101307484156926586e-01 1.177196879171464161e+01 6.470961549832900346e+03
8.284149452952507264e-01 1.176270928417310202e+01 5.761842739833588894e+03
8.472238413075278141e-01 1.175369091273535815e+01 5.132498020754941535e+03
8.665517300953498037e-01 1.174531861511480635e+01 4.569039230365671756e+03
8.864089414404415779e-01 1.173931063716551648e+01 4.060230994005850789e+03
9.068068417649440827e-01 1.173349395330756728e+01 3.609767243067034542e+03
9.277410336237851274e-01 1.172965731850096027e+01 3.207751887196043754e+03
9.492190914576335015e-01 1.172555076506135663e+01 2.847132424530373555e+03
9.712564416138428358e-01 1.172146945295404308e+01 2.525048373613186868e+03
9.938203883140600547e-01 1.172246528009396016e+01 2.241300551196035485e+03
1.016941811449699307e+00 1.172416838376279102e+01 1.988725999529179262e+03
1.040600961000977875e+00 1.172380676785707543e+01 1.763068517351279979e+03
1.064798693026760557e+00 1.172616118906837457e+01 1.563456053847166913e+03
1.089524427427854159e+00 1.172961173296585713e+01 1.384958130310547631e+03
1.114654422442021175e+00 1.173638393669414093e+01 1.227360463147654855e+03
1.139951217441250719e+00 1.173797479322482040e+01 1.091013839602578628e+03
1.165404491883493598e+00 1.174281047594829452e+01 9.707087932287674903e+02
1.191045224333492358e+00 1.174834596512189933e+01 8.634783989007136142e+02
1.216815032357765558e+00 1.175764368493156908e+01 7.691216322303723700e+02
1.242747945064990311e+00 1.176064172337276759e+01 6.860159985486312735e+02
1.268847061176077373e+00 1.176852491661749234e+01 6.126038002798945854e+02
1.295074760904821431e+00 1.177340379818014959e+01 5.473788290553201250e+02
1.321442695900550746e+00 1.177907468237649979e+01 4.862821226838022426e+02
1.347938693797948950e+00 1.178553496952000046e+01 4.378025715577967389e+02
1.374534979804462376e+00 1.179114669502515866e+01 3.906721733972892707e+02
1.401256051865342744e+00 1.179756590377420089e+01 3.519713007683431556e+02
1.428083036426066377e+00 1.180618228818209836e+01 3.152433610634628280e+02
1.454984056044282159e+00 1.181152119869724260e+01 2.830938116388947492e+02
1.481934240758441934e+00 1.181506062328137219e+01 2.541377598775968067e+02
1.508951986132092804e+00 1.181974318913165689e+01 2.284285105989004876e+02
1.536001711416679294e+00 1.182401485060998958e+01 2.056410973004031462e+02
1.563065767001527995e+00 1.182765476719852593e+01 1.848265315969430844e+02
1.590190353245916732e+00 1.183218834846211820e+01 1.657185653518799597e+02
1.617220454924300554e+00 1.183556815205612267e+01 1.501085738042691275e+02
1.644259981828424033e+00 1.183910911399152432e+01 1.354823785812827452e+02
1.671255784606833883e+00 1.184272136065051306e+01 1.223094786113537822e+02
1.698176714604630266e+00 1.184480430792557115e+01 1.102889284971867738e+02
1.725029129713938625e+00 1.184734363050675299e+01 9.985457104882119950e+01
1.751768128584959339e+00 1.184955186470365618e+01 9.032263271712808717e+01
1.778395385970608977e+00 1.184953989735153357e+01 8.173039502606643225e+01
1.804949171747519010e+00 1.184999145980330759e+01 7.403826681797860942e+01
1.831300248384958085e+00 1.185017876063588993e+01 6.714793165457210478e+01
1.857495779085912790e+00 1.185004799012393129e+01 6.082808511275960939e+01
1.883295788572177276e+00 1.184872991647718798e+01 5.532612212536903940e+01
