2.191799393465098389e-01 1.550982308316407554e+01 3.683535669800713658e+06
2.255813638158618573e-01 1.526032939803870470e+01 3.200737918968794402e+06
2.321972971294772869e-01 1.506831218160289332e+01 2.829507896424788050e+06
2.390349435034383740e-01 1.481656930181322096e+01 2.421511491243467201e+06
2.461018059014330739e-01 1.462880944711841202e+01 2.115562169150420465e+06
2.533915991213974706e-01 1.442320572373758125e+01 1.830710531756696990e+06
2.609175860288681648e-01 1.425023620117537604e+01 1.591541136736295186e+06
2.686826862051552856e-01 1.408891151312469603e+01 1.387131383215115871e+06
2.766911726997133836e-01 1.393430704062573433e+01 1.206712280389039544e+06
2.849487485303880963e-01 1.379064811755380759e+01 1.047698406825477025e+06
2.934694938960966670e-01 1.364909418363092897e+01 9.132070337693591136e+05
3.022083757811994120e-01 1.352674626481082321e+01 7.947022867311544251e+05
3.112312757712264455e-01 1.340517703464083077e+01 6.918460526532304939e+05
3.205272702229134962e-01 1.330176284125564834e+01 6.019200333459816175e+05
3.300548522008051600e-01 1.319445370875202705e+01 5.249999557754001580e+05
3.398648909009713837e-01 1.309274852949857326e+01 4.575194939795042155e+05
3.499519604183722876e-01 1.300598572927503049e+01 3.980960442168474547e+05
3.603383249689187662e-01 1.291173347791027126e+01 3.474734514565666905e+05
3.709553385217330690e-01 1.283790164844368142e+01 3.021855692463196465e+05
3.818951029580284762e-01 1.275700377522650619e+01 2.637270345018758089e+05
3.930855435206279669e-01 1.268564836774976179e+01 2.299254085378648015e+05
4.045723322137133038e-01 1.262000800874844941e+01 2.008673818491258135e+05
4.163504175960417997e-01 1.255776016809972795e+01 1.752849975768761942e+05
4.284228934112512821e-01 1.249845379681919333e+01 1.530938877823877556e+05
4.407714583312152823e-01 1.244257537361206367e+01 1.338714763989860949e+05
4.534216454182435907e-01 1.239513459843159993e+01 1.168268393485253328e+05
4.663772583365417002e-01 1.234069136254677623e+01 1.021131255538991390e+05
4.796013401596101455e-01 1.229470546470209946e+01 8.933681643171611358e+04
4.931093334056008137e-01 1.224911019628219400e+01 7.812665881792601431e+04
5.069062449429185824e-01 1.221251543510027204e+01 6.843362734651500068e+04
5.209987216740199489e-01 1.217674488932044419e+01 5.989647205336745537e+04
5.353801645643130325e-01 1.214248057258923552e+01 5.244915960195491061e+04
5.500480383529574580e-01 1.210702509333557586e+01 4.600162685611203779e+04
5.650054314828552027e-01 1.207282782796638188e+01 4.031507335816723207e+04
5.802000483381831719e-01 1.204390379097945640e+01 3.534191099865121214e+04
5.954221272514572671e-01 1.201584517101101390e+01 3.109207407400500233e+04
6.104573042314268561e-01 1.198897319844360609e+01 2.730496641138398627e+04
6.254332153582763398e-01 1.196462322420611457e+01 2.428313389299463597e+04
6.404576837710039827e-01 1.193914767860917792e+01 2.152502506093238844e+04
6.556333853026072855e-01 1.191426047833184221e+01 1.908181951441103593e+04
6.710345909033069711e-01 1.189008614349703308e+01 1.690727382545020373e+04
6.867088411216748511e-01 1.186587486984200268e+01 1.497567145578382951e+04
7.027143376300414301e-01 1.184154843806749291e+01 1.328581022032171677e+04
7.191065611726603635e-01 1.181984708305281906e+01 1.174111056819777878e+04
7.359185432039013763e-01 1.179527988732832000e+01 1.039539632792160410e+04
7.531943646132802650e-01 1.177394756692903499e+01 9.187146458181206981e+03
7.709871258133969008e-01 1.175575709402915159e+01 8.098121062823622196e+03
7.892082829599708083e-01 1.173502014111581992e+01 7.145654268538383803e+03
8.080144223071352716e-01 1.171388081445838836e+01 6.300915361873285292e+03
8.273808344501994982e-01 1.169611771991116278e+01 5.491442435940666655e+03
8.473196288430734358e-01 1.167597253613538655e+01 4.870221150284533906e+03
8.678562069397032230e-01 1.166194022736917724e+01 4.278377690636202715e+03
8.890012768708334123e-01 1.165132995323193299e+01 3.745988852721675812e+03
9.107523441398536201e-01 1.162905425039970631e+01 3.287798585337693567e+03
9.331276243570464368e-01 1.162204214953279546e+01 2.880714411147025658e+03
9.561280942039721564e-01 1.160434112438853305e+01 2.522028141579595285e+03
9.797630432166782866e-01 1.159468579440430780e+01 2.188569095293598821e+03
1.004018451368992704e+00 1.158447922366693206e+01 1.929758365915426339e+03
1.028892475364586723e+00 1.157456621233688310e+01 1.685854931411872485e+03
1.054386238403008269e+00 1.156688108470564202e+01 1.473800868113223032e+03
1.080495137928085381e+00 1.155937687711248607e+01 1.287602372647676702e+03
1.107207243714487532e+00 1.155657380115205335e+01 1.122513603604453920e+03
1.134502988419704206e+00 1.154968981081629309e+01 9.808039463230745696e+02
1.162360649613429109e+00 1.154639511493109971e+01 8.519226724741087082e+02
1.190779576493020908e+00 1.154371088949576141e+01 7.428285642984010337e+02
1.219727382477056921e+00 1.154256263274263361e+01 6.523563785072074097e+02
1.249186833736474656e+00 1.153880995031023993e+01 5.704419336221224057e+02
1.279135415263316089e+00 1.153722577014405104e+01 4.982961233842395927e+02
1.309536486125476129e+00 1.153898085454221878e+01 4.330676269608066491e+02
1.340372614233084736e+00 1.153803236541586585e+01 3.806733367661795455e+02
1.371608663619804380e+00 1.153885473039498422e+01 3.331795487043345361e+02
1.403211268254665800e+00 1.154023627335824465e+01 2.918116477372678901e+02
1.435153160266925410e+00 1.154164359047962485e+01 2.553039223067181638e+02
1.467384915820275193e+00 1.154486775588260983e+01 2.236271285742579380e+02
1.499880267814482471e+00 1.154769613303052367e+01 1.962245337992877694e+02
1.532597335440789577e+00 1.155124027646290230e+01 1.722181005882916054e+02
1.565498718472244866e+00 1.155304539971827715e+01 1.511875323884663942e+02
1.598342329148559893e+00 1.155669321377896530e+01 1.330650459481816483e+02
1.630543399016404660e+00 1.155753065649159694e+01 1.173915652136764720e+02
1.662027455153695987e+00 1.155944670742229619e+01 1.038419829529989755e+02
1.692819731695460961e+00 1.155881460967438201e+01 9.229931657728124605e+01
1.722900565375931059e+00 1.155803405241493209e+01 8.188133643831255881e+01
1.752293178106549831e+00 1.155633027670145374e+01 7.336593422649865204e+01
1.780965855634358164e+00 1.155298989160291967e+01 6.559214552399460274e+01
1.808989955004267625e+00 1.154739391610464772e+01 5.884495587266518868e+01
1.836270484775693212e+00 1.154184859469737745e+01 5.283732428194175412e+01
1.862873168122755940e+00 1.153361549047120960e+01 4.752991689682517773e+01
1.888739691383893637e+00 1.152549858832913721e+01 4.285977181201778308e+01
1.913955979412589103e+00 1.151534684299241995e+01 3.850856008878945858e+01
1.938459331232895710e+00 1.150304486864527753e+01 3.499692947010125721e+01
1.962316391613423416e+00 1.149060152905155441e+01 3.166173856898563699e+01
1.985373570303729185e+00 1.147629082101860654e+01 2.874780138021597153e+01
2.007777843106271387e+00 1.146090626374213350e+01 2.610960181637486244e+01
2.029497372379718723e+00 1.144462933469502808e+01 2.373766513873180628e+01
2.050501018247129714e+00 1.142693422969451333e+01 2.163075169402312881e+01
2.070784828714999026e+00 1.140768814288746036e+01 1.966320992539560919e+01
2.090575112071433761e+00 1.138854463299634290e+01 1.802333793135836260e+01
2.109272447306326459e+00 1.136633281392402139e+01 1.650164525704112606e+01
2.127656488572716054e+00 1.134487514726241564e+01 1.509858529720672138e+01
2.144942057902578192e+00 1.132011612384085275e+01 1.387294322086760445e+01
