2.191799393465098389e-01 1.550982308316407554e+01 3.683535669800713658e+06
2.271618873371167302e-01 1.521023788528664333e+01 3.102068090857151896e+06
2.354781819256775988e-01 1.493450373237036821e+01 2.619992390363730956e+06
2.441494575570008208e-01 1.466873964446220313e+01 2.183961165158463176e+06
2.531600755063754260e-01 1.445601650123267845e+01 1.836946924138517817e+06
2.625346710584356424e-01 1.421468836193392704e+01 1.548419255213207798e+06
2.722803978038619288e-01 1.401328718354988467e+01 1.301923440339407418e+06
2.824048570921608992e-01 1.383453877680991262e+01 1.096395129166360945e+06
2.929243533819755885e-01 1.366428553929063128e+01 9.204237927036725450e+05
3.038058566921952863e-01 1.350448516796243936e+01 7.763133458292486612e+05
3.151050067342544003e-01 1.336473055188035630e+01 6.548907109540887177e+05
3.268168405765134454e-01 1.322463378357059938e+01 5.487220915140296565e+05
3.389305405180225716e-01 1.310314388222551152e+01 4.631947884706466575e+05
3.514883570276928770e-01 1.298640368827085290e+01 3.905993621089392109e+05
3.644543049890521802e-01 1.288694110892297395e+01 3.294321463024962577e+05
3.778488974974624215e-01 1.278317811851835906e+01 2.776758287614868605e+05
3.916645240793633631e-01 1.269555417410199993e+01 2.342671300753115793e+05
4.059405742629247915e-01 1.261216643700370277e+01 1.976410273093991855e+05
4.206488327039428765e-01 1.253654728285765785e+01 1.668235121260741143e+05
4.358300809438709345e-01 1.246380050931174921e+01 1.409348583890284935e+05
4.514303843433493113e-01 1.239998642659128159e+01 1.191096982072820683e+05
4.674961135051141636e-01 1.233856308742105590e+01 1.008505529103743465e+05
4.839790994716398620e-01 1.228358111900411487e+01 8.540141704772743105e+04
5.009341646318775654e-01 1.223074789468902601e+01 7.243064860569647863e+04
5.183275278678619591e-01 1.218121852837601615e+01 6.133656374357860477e+04
5.361674814032622027e-01 1.213841831300812402e+01 5.211135912645394274e+04
5.544512623091135683e-01 1.209713063797977206e+01 4.418961780359048134e+04
5.731461203302190555e-01 1.205754256795024837e+01 3.755277903552070347e+04
5.918443347404208632e-01 1.202222708881725310e+01 3.202153368609060271e+04
6.089967361919851330e-01 1.199000384646091000e+01 2.772748617332202411e+04
6.249088106745881444e-01 1.195840930845283800e+01 2.426913401244018314e+04
6.400874482169950364e-01 1.192569412782160754e+01 2.132898732683128401e+04
6.547017746884397082e-01 1.188955353002839210e+01 1.885909856642098021e+04
6.690120497985501125e-01 1.185313220454994720e+01 1.671563503041346485e+04
6.831905261910956595e-01 1.181511524033140503e+01 1.480145253829114881e+04
6.972344050093588486e-01 1.177456255994033185e+01 1.313897206632120833e+04
7.113887710983993751e-01 1.173732650499309749e+01 1.164516705312675185e+04
7.256831785664783485e-01 1.169377190896968344e+01 1.033395881809589810e+04
7.401985481040815884e-01 1.165118685625383499e+01 9.146258555621066989e+03
7.549913699834780445e-01 1.160799265672270408e+01 8.079978764983336987e+03
7.701208001056026875e-01 1.156384602133550921e+01 7.132258690874078638e+03
7.856406902208954435e-01 1.151905180534637907e+01 6.293089026549572736e+03
8.015678217879054213e-01 1.148571024313617350e+01 5.501782161982124308e+03
8.179556328490256156e-01 1.142846746462887708e+01 4.854618467038239942e+03
8.348285320640134177e-01 1.138156577786847379e+01 4.259883966321779553e+03
8.522154410636534339e-01 1.133519490047758183e+01 3.727218143186241832e+03
8.701280182551128783e-01 1.129012188718944287e+01 3.256277416227147114e+03
8.885904034417587694e-01 1.124997552618109431e+01 2.839509086013443266e+03
9.075991496977612316e-01 1.120043356531136425e+01 2.473352950772125951e+03
9.271682047616964795e-01 1.115479461139422668e+01 2.150221315754964053e+03
9.473067952911368161e-01 1.111130784624708845e+01 1.866896448475701845e+03
9.680012737725588456e-01 1.106786545545442735e+01 1.622407111054116967e+03
9.892430295347391933e-01 1.102605384636539121e+01 1.405779577132220766e+03
1.011039508403686282e+00 1.098241145006379860e+01 1.216673648938359520e+03
1.033360992347060137e+00 1.094380104263313491e+01 1.052154743202032705e+03
1.056182300214252301e+00 1.090579162556151971e+01 9.109344167001702317e+02
1.079508782875331363e+00 1.086255931692205756e+01 7.876015860676897091e+02
1.103296382386742103e+00 1.082352295086026928e+01 6.805339438928120899e+02
1.127522352299408226e+00 1.078721851838917800e+01 5.871097634921170538e+02
1.152153542160215816e+00 1.074938783171862688e+01 5.079434166599955347e+02
1.177161616209834394e+00 1.071314221853567972e+01 4.387904237014881801e+02
1.202503797326378798e+00 1.067809870282883367e+01 3.793807378019799330e+02
1.228148898693443236e+00 1.064091342266218021e+01 3.279387489751817952e+02
1.254043149953117720e+00 1.060576205169651587e+01 2.837948599185064040e+02
1.280150670234014854e+00 1.057216949323440502e+01 2.456363034498038758e+02
1.306420376091225410e+00 1.053852247155620780e+01 2.117123243512306772e+02
1.332816583299850866e+00 1.050491952026023235e+01 1.842335898563132730e+02
1.359284911893156478e+00 1.047151903898641478e+01 1.592509502785083271e+02
1.385773414189577002e+00 1.043849691053283202e+01 1.387896143530757058e+02
1.412234485576679521e+00 1.040659753190784187e+01 1.206699662667352158e+02
1.438618970162243160e+00 1.037356041826559405e+01 1.049942369540706579e+02
1.464876210482305208e+00 1.034144812583155648e+01 9.140909317451860261e+01
1.490955270740388583e+00 1.030892010872842768e+01 7.990307462572692998e+01
1.516807230252030125e+00 1.027683332889311174e+01 6.946935904120979899e+01
1.542382070103955449e+00 1.024469171667472800e+01 6.078245686789064450e+01
1.567629620934473111e+00 1.021200243403779062e+01 5.343178255962796896e+01
1.592508515578008987e+00 1.017916418209718188e+01 4.689508929701725748e+01
1.616968005217793936e+00 1.014721393148341555e+01 4.106574890056239013e+01
1.640664732198291009e+00 1.011387626569397646e+01 3.632659619033821485e+01
1.663150961590990962e+00 1.008083222972466508e+01 3.214999112467933884e+01
1.684366347139010456e+00 1.004621998114843251e+01 2.849701184371530260e+01
1.704344486290110483e+00 1.001148732525822993e+01 2.552101081889684053e+01
1.723116906897861789e+00 9.976542845821624539e+00 2.286041617725624775e+01
1.740687339259073596e+00 9.939161884356886745e+00 2.048498490897642910e+01
1.757102248061065186e+00 9.900666444002911959e+00 1.850495436724760978e+01
1.772377913444844744e+00 9.862242806290748121e+00 1.673625379691710791e+01
1.786559303516989772e+00 9.821910147794795876e+00 1.516630977518619972e+01
1.799674941039960396e+00 9.781072378019530333e+00 1.377101058849369153e+01
1.811739435843150003e+00 9.737933191452102122e+00 1.255038118266993941e+01
1.822787804863031935e+00 9.694485560202128482e+00 1.144184289608064020e+01
1.832870024599767333e+00 9.650244376632272747e+00 1.049046315395009898e+01
1.841999883208153665e+00 9.605018016432973482e+00 9.591812136322145577e+00
1.850169463868802655e+00 9.558716229262142150e+00 8.816250807784923538e+00
1.857620538920344844e+00 9.512105180535442628e+00 8.138965189277865164e+00
1.863891432104340939e+00 9.463963336742022392e+00 7.494580142666700695e+00
1.869486133486573110e+00 9.415423929576435924e+00 6.951142416812793989e+00
1.874231084955884308e+00 9.366318772704056883e+00 6.427676476931470262e+00
1.878379880286087378e+00 9.317389089024464610e+00 5.968086757884688787e+00
1.881418509613222101e+00 9.266657235633365630e+00 5.564569860743519669e+00
1.883961309263715078e+00 9.216321190629345850e+00 5.189934492999497273e+00
