2.191799393465098389e-01 1.550982308316407554e+01 3.683535669800713658e+06
2.270522706134026070e-01 1.520648399282913310e+01 3.102953535046868026e+06
2.352487840843210665e-01 1.494289610768051091e+01 2.634329013490612153e+06
2.437917632589235162e-01 1.467934202591235682e+01 2.205570710824162699e+06
2.526632998351472370e-01 1.443989143350825621e+01 1.857251670161507791e+06
2.618893322734813234e-01 1.422473569462750831e+01 1.567629763964307029e+06
2.714756372662954775e-01 1.403491325462399963e+01 1.320500974506852916e+06
2.814293818696823046e-01 1.385086296529630800e+01 1.113909677060894435e+06
2.917629366160339743e-01 1.368384319988986420e+01 9.389947357688847696e+05
3.024581818083061369e-01 1.352702838842474797e+01 7.921473593390112510e+05
3.135721875508791778e-01 1.337625997805606914e+01 6.681737958165229065e+05
3.250454619691740543e-01 1.325069994149389707e+01 5.657910309021720896e+05
3.369360068905583039e-01 1.312304076390137020e+01 4.762062265769899823e+05
3.492343243858970769e-01 1.300720787984184668e+01 4.025347127818051376e+05
3.619516846302577306e-01 1.290111035296559550e+01 3.401105037031017127e+05
3.750777848470567277e-01 1.280498280127942579e+01 2.870394820777511341e+05
3.886349631004208938e-01 1.271652066623494370e+01 2.429717483097067452e+05
4.026339025526929349e-01 1.263210922958740134e+01 2.053363212509823497e+05
4.170423081988322012e-01 1.254867527728704957e+01 1.741278334431793774e+05
4.318751460417059596e-01 1.248257980614689799e+01 1.473921641153837263e+05
4.471667523820467283e-01 1.241467818965484859e+01 1.247542271907670511e+05
4.628945481850635923e-01 1.235554467067771434e+01 1.060046107091363956e+05
4.790413785672549829e-01 1.229791138541276396e+01 8.981073052820039447e+04
4.956175488307033028e-01 1.224492336162725259e+01 7.646646796392730903e+04
5.126332539479836470e-01 1.219842021075380067e+01 6.475687242936514667e+04
5.300865526538124373e-01 1.215263167049058168e+01 5.503882513776311680e+04
5.479714347380442163e-01 1.211183204233716459e+01 4.684903159755179513e+04
5.662899267823833238e-01 1.207305436442134905e+01 3.978685641940793721e+04
5.849512052557476194e-01 1.203610599073606124e+01 3.390855911202284187e+04
6.034812525114843229e-01 1.200306972642144743e+01 2.903332884515366095e+04
6.217627094997308923e-01 1.196806191909300310e+01 2.505716678906154993e+04
6.400551873523887547e-01 1.193926643987771463e+01 2.159128678810935889e+04
6.585531042917152078e-01 1.191008470738776559e+01 1.862932919271127321e+04
6.773892323241749169e-01 1.187907791687949910e+01 1.608499624514476272e+04
6.966648633546808078e-01 1.184867199161015527e+01 1.388518840305478079e+04
7.164488540163329588e-01 1.181891237936258499e+01 1.194687767906240515e+04
7.368531438977276027e-01 1.179140577640065146e+01 1.030946299666623054e+04
7.578897563027403583e-01 1.176600000591945872e+01 8.861192673006709811e+03
7.796634922552246882e-01 1.174028386007999636e+01 7.611465894816306900e+03
8.022133337082058002e-01 1.171552240543994472e+01 6.521936974657683095e+03
8.255908128191200568e-01 1.169197435277920505e+01 5.580655084890614489e+03
8.498034999824475300e-01 1.166802793137276595e+01 4.741162045455404950e+03
8.749043571995701596e-01 1.164800754671778371e+01 4.070244637009634062e+03
9.008924320962492516e-01 1.162914237055939992e+01 3.441487278088378389e+03
9.278035992093418560e-01 1.161084561695876971e+01 2.953784917488123483e+03
9.556340017588146329e-01 1.159601447143822028e+01 2.509574833345135630e+03
9.843918348046818423e-01 1.158165512821043031e+01 2.117797767251242476e+03
1.014071802306484082e+00 1.156807304041130458e+01 1.810961633894330134e+03
1.044669699053247136e+00 1.155701214565632640e+01 1.524588814093995097e+03
1.076171731400883402e+00 1.154649132770590114e+01 1.302267708821248561e+03
1.108563530204559999e+00 1.153871379985770496e+01 1.105037214516878294e+03
1.141820509727856869e+00 1.153212248085579894e+01 9.298012173733183090e+02
1.175907711461699590e+00 1.152640710091304754e+01 7.932352454080473763e+02
1.210796892847953110e+00 1.152130038575409898e+01 6.716014216030154103e+02
1.246446163707373378e+00 1.152269430114140292e+01 5.696739739455282461e+02
1.282807709974080890e+00 1.151858254107018631e+01 4.831183573481101803e+02
1.319846270787446985e+00 1.151687892048840389e+01 4.097475322784845275e+02
1.357485386789311077e+00 1.151507372745942881e+01 3.459001773599350713e+02
1.395692045943608406e+00 1.151746776979077502e+01 2.940519865150391183e+02
1.434390325553374312e+00 1.151665606507305384e+01 2.511683850748949567e+02
1.473512461462544998e+00 1.152145804629199155e+01 2.142099194396472228e+02
1.513001736764695959e+00 1.152120616877959591e+01 1.824532586546844186e+02
1.552790124082805256e+00 1.152411583685171692e+01 1.548514017381767758e+02
1.592789402094478612e+00 1.152553478336734827e+01 1.329577144592792877e+02
1.632910630099118521e+00 1.152709434126741073e+01 1.137935622196010712e+02
1.671142115316935461e+00 1.152850379153316673e+01 9.817229408971826388e+01
1.706344232985046894e+00 1.152606080737420235e+01 8.560304053574147076e+01
1.738727715433331600e+00 1.152058859018923087e+01 7.524262928639434733e+01
1.768563155063917147e+00 1.151143296977233810e+01 6.636061347994977666e+01
1.795937185201753827e+00 1.149793853364871943e+01 5.935784376290158804e+01
1.821131245134068211e+00 1.148083910733632251e+01 5.318992439106687442e+01
1.844281370718477087e+00 1.146001115941569459e+01 4.786638968457786802e+01
1.865528994169943999e+00 1.143587284600953247e+01 4.322770651766580130e+01
1.884993213607245810e+00 1.140865321286244161e+01 3.920679084728350006e+01
1.902794132003564176e+00 1.137778404153100276e+01 3.559164783256608189e+01
1.919029501024210216e+00 1.134435838236240812e+01 3.260567136992606407e+01
1.933797415499341810e+00 1.130803617014061224e+01 2.972850884709005115e+01
1.947179164468703982e+00 1.126887023763400641e+01 2.739596173069001850e+01
1.959245913982035736e+00 1.122778831766269469e+01 2.519952940839514000e+01
1.970089520883792744e+00 1.118386691797526211e+01 2.323170898901573977e+01
1.979725843513911565e+00 1.113840966791750198e+01 2.141368321183865220e+01
1.988253016953138719e+00 1.109030533376698457e+01 1.986024015217549277e+01
1.995717698998952239e+00 1.104101749386158637e+01 1.841127543024802549e+01
2.002161713019631861e+00 1.098933907696682866e+01 1.708981598865675267e+01
2.007634788205278298e+00 1.093596267201035666e+01 1.591123459673209162e+01
2.012184723831571098e+00 1.088135374255466026e+01 1.482859741956772837e+01
2.015843718694971365e+00 1.082490342984697484e+01 1.378849516756933546e+01
2.018664495740344567e+00 1.076787183800118619e+01 1.289168093379705304e+01
2.020667661685279448e+00 1.070901368965146361e+01 1.209656678158036947e+01
2.021910995574178305e+00 1.064959686253819804e+01 1.130526311719217070e+01
2.022381260786143997e+00 1.058913235808951470e+01 1.064642078089180011e+01
2.022152624571100343e+00 1.052755715361615962e+01 9.981160548317118852e+00
2.021240398986635878e+00 1.046532188099212846e+01 9.426656051814084947e+00
2.019676428634172627e+00 1.040261934931179155e+01 8.877859947194190582e+00
2.017665552757562430e+00 1.033942360390939541e+01 8.380727730079197357e+00
2.014786746268784512e+00 1.027500771398349322e+01 7.897988832190698361e+00
2.011330360703043496e+00 1.021092994789051644e+01 7.479961249788538602e+00
2.007408718563362005e+00 1.014595351308993365e+01 7.105787567200175125e+00
2.002966927540418052e+00 1.008035095785548307e+01 6.743962665374860777e+00
1.998200741744567077e+00 1.001594594706720365e+01 6.405391328341940138e+00
