2.191799393465098389e-01 1.550982308316407554e+01 3.683535669800713658e+06
2.275897105424163624e-01 1.518634841515351930e+01 3.068530112089520786e+06
2.363749814094575630e-01 1.489377009634295135e+01 2.552605909342214465e+06
2.455430995954953066e-01 1.463898183941925346e+01 2.133496751660651527e+06
2.550966700983594015e-01 1.440914190717332488e+01 1.786533817880852614e+06
2.650543466535494885e-01 1.416401217768434506e+01 1.483640517557904823e+06
2.754249622559162280e-01 1.395694592271098600e+01 1.233422049913035706e+06
2.862192823340949932e-01 1.376805189617180858e+01 1.026735825859623495e+06
2.974334236269827181e-01 1.359517394976558080e+01 8.584147917819435243e+05
3.090926378904197414e-01 1.344040321327157095e+01 7.162396670575583121e+05
3.212028750040289427e-01 1.329214111374942853e+01 5.966381985615761951e+05
3.337471698433484568e-01 1.315079448310362054e+01 4.947353181620434625e+05
3.467739259601064217e-01 1.303381010203680646e+01 4.154014569440459600e+05
3.602732171460258370e-01 1.291848971219825692e+01 3.472115260729002766e+05
3.742294446099607708e-01 1.281025908831363758e+01 2.903153042172662681e+05
3.886790181578255177e-01 1.271242938822559587e+01 2.429067652973833901e+05
4.036126795124073685e-01 1.262606669800393000e+01 2.030483059421291691e+05
4.190332460691796879e-01 1.254351319592577063e+01 1.699970637718705402e+05
4.349691444028627729e-01 1.246291169230870644e+01 1.425669787383290532e+05
4.513768960072628289e-01 1.240085689129805147e+01 1.192833964445232414e+05
4.682947287233607536e-01 1.233615806835336670e+01 1.001837867352102621e+05
4.856867984597738053e-01 1.227760452707855698e+01 8.401127971295457974e+04
5.035822872288746588e-01 1.222343844811902436e+01 7.053767929460124287e+04
5.219738473363706444e-01 1.216954420350376154e+01 5.928028356905338296e+04
5.408585694665105637e-01 1.212802137009024506e+01 4.993243967809857713e+04
5.602345318990357148e-01 1.208444195458457671e+01 4.202632316473830724e+04
5.800529647282218759e-01 1.204499904829375900e+01 3.537551778303387255e+04
6.002224716623065781e-01 1.200777151793582753e+01 2.983011406614703083e+04
6.206625219043342412e-01 1.197439997200466877e+01 2.526496344760408101e+04
6.416384542831702342e-01 1.194246854541508363e+01 2.137764328544070668e+04
6.632898771842848928e-01 1.191029191172991197e+01 1.808081342841942751e+04
6.857298333450722039e-01 1.188418870565073782e+01 1.525907708732022911e+04
7.090856982186060087e-01 1.185283670350785457e+01 1.288373824379942926e+04
7.334673275243422941e-01 1.183167907765597882e+01 1.081349388053578696e+04
7.589044713375096007e-01 1.181009820523383524e+01 9.076363690744576161e+03
7.854972625066853897e-01 1.179125021228978198e+01 7.601719659161582058e+03
8.133203273464651994e-01 1.177245157085365257e+01 6.351589763913179922e+03
8.423496150772095126e-01 1.175907094493272353e+01 5.304263653192988386e+03
8.724859980858593600e-01 1.174810897140105226e+01 4.419608143474375538e+03
9.025705508803785193e-01 1.173839686389343839e+01 3.713921369902709557e+03
9.324496875527520379e-01 1.172888640511880709e+01 3.124703582163365809e+03
9.622281470914206825e-01 1.172042663805240181e+01 2.642030788271410074e+03
9.919888626183600566e-01 1.171145609275927590e+01 2.242150997114020356e+03
1.021792470344005554e+00 1.170709451563575421e+01 1.907139397518986698e+03
1.051663298226969134e+00 1.169200997563593347e+01 1.625444680234683346e+03
1.081635397301138335e+00 1.168441510715817877e+01 1.388145592117986325e+03
1.111762026725449548e+00 1.167051428086945819e+01 1.186963098396488022e+03
1.142060298790466222e+00 1.165920135542133274e+01 1.016062461237184039e+03
1.172528278174771899e+00 1.164596236376832650e+01 8.696863983613692426e+02
1.203173070824720803e+00 1.163372800138031771e+01 7.468367563561126872e+02
1.233997880099304778e+00 1.161940090478812238e+01 6.403635625786880610e+02
1.264954423605224143e+00 1.160526094783779705e+01 5.501192463549715512e+02
1.295089393013277412e+00 1.159156717073686771e+01 4.749280347743839457e+02
1.323995077066480786e+00 1.157268000181518097e+01 4.128579761254675304e+02
1.351736841489085128e+00 1.155377591211291666e+01 3.577017786372117598e+02
1.378413500732051045e+00 1.153171124428701688e+01 3.149077133039793921e+02
1.404077056755350883e+00 1.150927848330417724e+01 2.769648172972894713e+02
1.428821282498238032e+00 1.147841512459202384e+01 2.443390606808844723e+02
1.452644095591067774e+00 1.144985303542521926e+01 2.161579023634641885e+02
1.475613301226613050e+00 1.142078220991466964e+01 1.910054420314738195e+02
1.497770268593664689e+00 1.138371100636940803e+01 1.697145703420035829e+02
1.519120750562048983e+00 1.134749963533399253e+01 1.509661213417446675e+02
1.539740993062387320e+00 1.130958226552433210e+01 1.344470204291737900e+02
1.559711462372358026e+00 1.126997749059933263e+01 1.198482881025189499e+02
1.578755013772861426e+00 1.122680877167320013e+01 1.073214110810401820e+02
1.597203776885812054e+00 1.118225835797266043e+01 9.602598205037241996e+01
1.614952644257891201e+00 1.113569259261658395e+01 8.572021784393024291e+01
1.632024755649773784e+00 1.108823151129835871e+01 7.723446978743180580e+01
1.648414977314205832e+00 1.103921079719784970e+01 6.931522490837474493e+01
1.664128664938489433e+00 1.098829524503158517e+01 6.239563091980842557e+01
1.679169399168716659e+00 1.093592736653391206e+01 5.615960684983375728e+01
1.693546470503304979e+00 1.088260486352995038e+01 5.064558854546979205e+01
1.707262916472649161e+00 1.082748419209243629e+01 4.554213749311274029e+01
1.720271788213554087e+00 1.077144776253849123e+01 4.132866736554737486e+01
1.732630029462872923e+00 1.071349649016369376e+01 3.740531834698579416e+01
1.744431789348342754e+00 1.065644974161382841e+01 3.374783200918567871e+01
1.755449242264936816e+00 1.059651430204229072e+01 3.072018003089113236e+01
1.765682057590150400e+00 1.053611111037529646e+01 2.792841988278610543e+01
1.775465423853996860e+00 1.047523439467362394e+01 2.538615425354134203e+01
1.784351259189285610e+00 1.041288180778504824e+01 2.312236503747784155e+01
1.792673368779612142e+00 1.034942571652641163e+01 2.108830680039508110e+01
1.800326306227240103e+00 1.028641096943932709e+01 1.919101635659252736e+01
1.807423118703479270e+00 1.022262874815347189e+01 1.755263358971574306e+01
1.813642514400624961e+00 1.015822327215097687e+01 1.607576104726443589e+01
1.819398676415770133e+00 1.009329102983360116e+01 1.477124139030904004e+01
1.824389872694538450e+00 1.002878202630154547e+01 1.358347472753382768e+01
1.828646556886777130e+00 9.961758061059992286e+00 1.245896931411409447e+01
1.832344413455952559e+00 9.896173936585405784e+00 1.151689591102301513e+01
1.835410440966674273e+00 9.830436087521359667e+00 1.057930002523043456e+01
1.837849121253849916e+00 9.763017987517089935e+00 9.778353241693457321e+00
1.839657804120910400e+00 9.697467728283804433e+00 9.051948060325221590e+00
1.840949295255667195e+00 9.630494708115381997e+00 8.410035430811079848e+00
1.841533841111713032e+00 9.563833737385914802e+00 7.793248832836476403e+00
1.841470984526442756e+00 9.496908207935119250e+00 7.256750837409676969e+00
1.841035517458946780e+00 9.431506825938333449e+00 6.738347962025125426e+00
1.839800397636827789e+00 9.364400384201557515e+00 6.309076806319573905e+00
1.838146045207717183e+00 9.298237139616396973e+00 5.899215062650520203e+00
1.835942732849340064e+00 9.232566330319038173e+00 5.542913467864041266e+00
1.833244726351359599e+00 9.166578112757729713e+00 5.198978847365612665e+00
1.830069737450749079e+00 9.102209273294304737e+00 4.866128514501915525e+00
