2.191799393465098389e-01 1.550982308316407554e+01 3.683535669800713658e+06
2.250783478856005770e-01 1.527281535737747831e+01 3.234627828016255517e+06
2.311474425495355645e-01 1.506328807207005838e+01 2.841660761508570518e+06
2.374211526927939853e-01 1.487246326536555685e+01 2.510812164194843732e+06
2.438774394331680861e-01 1.467926311980867204e+01 2.196204233990953770e+06
2.505226377647977731e-01 1.449988236552512788e+01 1.932942387221325655e+06
2.573686385692697254e-01 1.433426303385367007e+01 1.702402817002885044e+06
2.644160200892912149e-01 1.417602483932101798e+01 1.493886208324298495e+06
2.716685208467259360e-01 1.403796522913367184e+01 1.318609478773233946e+06
2.791298156726279012e-01 1.389350100117566811e+01 1.155846099712113617e+06
2.868027605498289501e-01 1.376104091184324041e+01 1.016700858583081281e+06
2.946840085678320009e-01 1.363860961567039531e+01 8.972799687160298927e+05
3.027968728965165224e-01 1.351976126707748094e+01 7.867069297249809606e+05
3.111085331530773490e-01 1.340974904516506960e+01 6.926282066533648176e+05
3.196483811390349872e-01 1.330447152307362835e+01 6.107531178175043315e+05
3.284271435481098678e-01 1.321276398170309818e+01 5.332453389421103057e+05
3.374146638751762128e-01 1.311523355977052496e+01 4.734399191006604233e+05
3.466423721481131093e-01 1.303417188334012700e+01 4.163716437384246965e+05
3.561338855771006839e-01 1.295499565616079707e+01 3.666087552035083063e+05
3.658066860878593785e-01 1.287535814732851591e+01 3.231185302990776836e+05
3.757373694659762453e-01 1.280126549489209076e+01 2.849601873999699019e+05
3.859188153380248565e-01 1.273117422799488452e+01 2.509460608378840843e+05
3.963415265118025443e-01 1.266890532974613848e+01 2.213843710834956146e+05
4.069955060366821087e-01 1.260535966782816608e+01 1.952295879504847398e+05
4.178973600478597117e-01 1.255110979293253415e+01 1.722183773334451544e+05
4.290498978642964811e-01 1.249494727728704113e+01 1.522425984838819713e+05
4.404388545366664243e-01 1.244663190252415674e+01 1.341315743132562493e+05
4.520903418375631921e-01 1.239741820143979467e+01 1.184045999625082623e+05
4.639969235630705957e-01 1.235102205078098514e+01 1.045358029421963874e+05
4.761284868759929623e-01 1.230764533426277652e+01 9.254745285066544602e+04
4.885139644420976035e-01 1.227014034072602477e+01 8.161740087613486685e+04
5.011254268486765584e-01 1.222853004340895033e+01 7.244748500630524359e+04
5.139970981176925635e-01 1.219213187286919720e+01 6.394616167116800352e+04
5.271161041492630206e-01 1.216092587240066436e+01 5.663460713506328466e+04
5.404786838184283404e-01 1.212898617956808422e+01 5.013531942299690854e+04
5.540872289385374572e-01 1.209750288871723534e+01 4.431184374426699651e+04
5.679402211103790066e-01 1.206932707395285931e+01 3.922726222304190742e+04
5.819795534441616347e-01 1.204139787538609596e+01 3.482146305877516716e+04
5.959362519643950362e-01 1.201368358743904530e+01 3.098702005300012388e+04
6.096615336032615851e-01 1.199054474891822508e+01 2.759735122587264050e+04
6.232423475607080654e-01 1.196652237495591464e+01 2.468241218705349092e+04
6.368086443097267235e-01 1.194258302227168578e+01 2.192840997321201939e+04
6.504050356014328127e-01 1.191992854074563901e+01 1.985593267919222126e+04
6.641159543096382123e-01 1.189762874213884736e+01 1.781210887469157387e+04
6.779972211194594811e-01 1.187524301861774845e+01 1.596811823895946873e+04
6.920981799726989570e-01 1.185208747097861526e+01 1.432079109854728267e+04
7.065166534886216931e-01 1.182899447698166639e+01 1.284277407761734503e+04
7.211089832473378536e-01 1.180719451176429047e+01 1.150439259080131887e+04
7.360502030889416458e-01 1.178649186335963428e+01 1.030232746924441562e+04
7.513550077995021503e-01 1.176353034245046381e+01 9.216548460304898981e+03
7.670329253027972083e-01 1.174313634936640582e+01 8.244672467093329033e+03
7.831152715234884765e-01 1.172215171155657742e+01 7.354700139505218431e+03
7.996314121486647331e-01 1.170252462274430272e+01 6.563732073126509022e+03
8.165140532831987041e-01 1.168337563505628474e+01 5.812336296708228474e+03
8.338850632917528261e-01 1.166384651557846297e+01 5.212931096860477737e+03
8.517083738167857687e-01 1.164564334999018058e+01 4.642291210605509150e+03
8.700070286066690084e-01 1.162874999817463006e+01 4.130587646148135718e+03
8.887843906049165410e-01 1.161281466876287460e+01 3.671503212100976725e+03
9.080528457553197486e-01 1.159712184235104537e+01 3.257186345385850473e+03
9.278213496385351311e-01 1.158089471587810948e+01 2.890490761978586761e+03
9.480761019777630416e-01 1.156637920757278515e+01 2.563705441351725312e+03
9.688273148448701688e-01 1.155970379592040764e+01 2.272087504871555211e+03
9.900867224038201186e-01 1.154103184155552420e+01 2.013620181164327960e+03
1.011843409912995817e+00 1.153273533773035986e+01 1.782207974323705002e+03
1.034090062045816438e+00 1.151813719216573517e+01 1.577246929288929550e+03
1.056825466044084560e+00 1.150834428202504256e+01 1.396343892181691217e+03
1.080040719247569170e+00 1.149923217040660361e+01 1.234698858076315219e+03
1.103735533873851926e+00 1.149065714419285911e+01 1.091838900847031482e+03
1.127892089020165134e+00 1.148393177827186307e+01 9.661010977837838709e+02
1.152500389807840531e+00 1.147950523569267745e+01 8.555158656860010069e+02
1.177548991125728639e+00 1.146936222066317512e+01 7.563005450365460547e+02
1.203016054357882281e+00 1.146370964656341052e+01 6.684172820105010260e+02
1.228899270953499379e+00 1.145969127915790153e+01 5.908229019982362615e+02
1.255168725797546792e+00 1.145442619798818207e+01 5.233351929271516383e+02
1.281799281627095333e+00 1.145118617177840648e+01 4.634972960608344010e+02
1.308782882325025376e+00 1.144620887385502606e+01 4.099327611415347974e+02
1.336099808597945859e+00 1.144483486492106472e+01 3.626527417732740446e+02
1.363720273106368230e+00 1.144208272726816489e+01 3.208589071491645086e+02
1.391620715119137097e+00 1.144008465027785526e+01 2.846573969597702103e+02
1.419767838164572415e+00 1.143937391342558918e+01 2.524120055716866773e+02
1.448147085667921496e+00 1.143856458142363586e+01 2.236440349316810341e+02
1.476721176100820543e+00 1.143723079506300522e+01 1.986757769837140870e+02
1.505475732663603017e+00 1.143373955506752004e+01 1.765417536009387334e+02
1.534363876317595077e+00 1.143218010303075616e+01 1.569077494060959452e+02
1.563363661619325606e+00 1.143151410557753067e+01 1.394862748950324374e+02
1.592439772914755247e+00 1.143011816202880659e+01 1.242316384995868219e+02
1.621385792655162694e+00 1.142983089358115478e+01 1.100584696783644461e+02
1.650014368395031017e+00 1.142835584757341039e+01 9.838104683267478379e+01
1.678349397688305933e+00 1.142725846567315173e+01 8.843930874087078564e+01
1.706305505730628669e+00 1.142306812531498927e+01 7.927284992192713275e+01
1.733924342189125056e+00 1.141979108996328485e+01 7.116064064347382612e+01
1.761175845820431407e+00 1.141658572377256498e+01 6.386622950431483048e+01
1.788015533088044506e+00 1.141209581740912249e+01 5.750570448087956521e+01
1.814444842402567204e+00 1.140657900304561601e+01 5.171763847938136394e+01
1.840461366928152653e+00 1.140067647414901408e+01 4.678534912165397941e+01
1.866057371455997593e+00 1.139465769598480982e+01 4.211437774602408979e+01
1.891186737187230404e+00 1.138664298979723277e+01 3.826779526330781778e+01
1.915850680841892029e+00 1.137887456569779587e+01 3.464549819489391780e+01
1.940046229823170210e+00 1.136959692857272408e+01 3.144551624744785201e+01
1.963754476814275840e+00 1.135958649119441333e+01 2.845318874462477510e+01
