2.191799393465098389e-01 1.550982308316407554e+01 3.683535669800713658e+06
2.242871568454536391e-01 1.533191695065443305e+01 3.302888015456375666e+06
2.295314675433267060e-01 1.512217674295911252e+01 2.942648337518419139e+06
2.349287166972020557e-01 1.494039215543909904e+01 2.611746992620519828e+06
2.404555298668764329e-01 1.476923679743081408e+01 2.355046019149039872e+06
2.461293277168114801e-01 1.461435069114227758e+01 2.101220124727434944e+06
2.519484490122557707e-01 1.446167880225243252e+01 1.885756747378541389e+06
2.579194796668988210e-01 1.432390257430697034e+01 1.680998539225537563e+06
2.640421288459449678e-01 1.418005965027826498e+01 1.505958909034986515e+06
2.703197308056198844e-01 1.408428354624191314e+01 1.345192199792926200e+06
2.767531426579324938e-01 1.393235685345620745e+01 1.206361027256444562e+06
2.833469259518439642e-01 1.381918442473785902e+01 1.079525844800576102e+06
2.901018640977947594e-01 1.370956294411691623e+01 9.648258129106626147e+05
2.970081831610099643e-01 1.360281579509360483e+01 8.621559002303727902e+05
3.040851946288982144e-01 1.350055700803247660e+01 7.714444000978355762e+05
3.113342824633610895e-01 1.340319402063982679e+01 6.911062538670983631e+05
3.187412832667758100e-01 1.331342564876621815e+01 6.184991875393795781e+05
3.263242706194911524e-01 1.323012293037260534e+01 5.531907345734571572e+05
3.340851950490433264e-01 1.314895146379739543e+01 4.952054897424696246e+05
3.420147182640546069e-01 1.307389075870195683e+01 4.437462709551947773e+05
3.501082274334783029e-01 1.300025890481535740e+01 3.975671824638491962e+05
3.583816246321633314e-01 1.293346519905109560e+01 3.535886030403761542e+05
3.668439885224042962e-01 1.286539428560909215e+01 3.190717140850765281e+05
3.754811699748763498e-01 1.280385147559393033e+01 2.856637518694591708e+05
3.843088036835209942e-01 1.274069168145827291e+01 2.560293258043235983e+05
3.933030279450879241e-01 1.268374293669428177e+01 2.297580153658020427e+05
4.024999122692067832e-01 1.263094456341180916e+01 2.057385953544440854e+05
4.118503070435179936e-01 1.257908450200981676e+01 1.842481441748225479e+05
4.214132770602813660e-01 1.253121082663759189e+01 1.654962374348546437e+05
4.311406624243199204e-01 1.248700439586037270e+01 1.484969230422929104e+05
4.410581030023488780e-01 1.244026052672496263e+01 1.334353813486537547e+05
4.511819866156687731e-01 1.240061593182528199e+01 1.195508097772024630e+05
4.614900655493282544e-01 1.236007382804405097e+01 1.072987894482967968e+05
4.719635290054376986e-01 1.232197201165871014e+01 9.633359211664683244e+04
4.826093778615132002e-01 1.228577781601149255e+01 8.668734251107186719e+04
4.934742150601535426e-01 1.225307376374446022e+01 7.776175178503795178e+04
5.045050361391465454e-01 1.222038037714530567e+01 6.988622361267053930e+04
5.157267575025712425e-01 1.219329140555410795e+01 6.278741718256037711e+04
5.271344119371601522e-01 1.216081804699059710e+01 5.648789230087592296e+04
5.387254738372206919e-01 1.213268396031272900e+01 5.090820938393976394e+04
5.505015574778753251e-01 1.210681482186915581e+01 4.574962244239052961e+04
5.624632407597812689e-01 1.208050029796423708e+01 4.113861302617334150e+04
5.745723403603458790e-01 1.205569536987771251e+01 3.703545548708768911e+04
5.868740099525849852e-01 1.203148709155134988e+01 3.338686323945053300e+04
5.993813656831092906e-01 1.200961188602443208e+01 3.006541202683603478e+04
6.121450702814068556e-01 1.198857913868116754e+01 2.709349988136212050e+04
6.251888428661647179e-01 1.196673369261695363e+01 2.439262400067084309e+04
6.385606335432973957e-01 1.194860827110231227e+01 2.195396475054807888e+04
6.522908560802511690e-01 1.192896501956603927e+01 1.972405635909882039e+04
6.664070048968585569e-01 1.191268674179306153e+01 1.772585668918152805e+04
6.809292294593851658e-01 1.189652274477207605e+01 1.589305163149400141e+04
6.958782465414699026e-01 1.188302627197586325e+01 1.422751824653108088e+04
7.113003633742340792e-01 1.186537129083825626e+01 1.276374814028517540e+04
7.271814453918766796e-01 1.185501454005521360e+01 1.142711518013956811e+04
7.435529343754739839e-01 1.184195792118496371e+01 1.021027545061357341e+04
7.604353022724558153e-01 1.183133658925650522e+01 9.128744405678093244e+03
7.778346781192044812e-01 1.181954686141234312e+01 8.147013859914864952e+03
7.957621425061585096e-01 1.181320385634474057e+01 7.259370015505143783e+03
8.142351000685509321e-01 1.180696050047184897e+01 6.460029066432937725e+03
8.332578370450745009e-01 1.180344855632291790e+01 5.753969725968990133e+03
8.528386825581221187e-01 1.179748500878417161e+01 5.124408986187856499e+03
8.729875797491633005e-01 1.179554643861235164e+01 4.556659840034856643e+03
8.937080620453287105e-01 1.179318471855263084e+01 4.021248558713874900e+03
9.149938648180990786e-01 1.179161557603304011e+01 3.597522180933191521e+03
9.368751779378269307e-01 1.179336159236794934e+01 3.194839578871427875e+03
9.593199856451243290e-01 1.179831521725094667e+01 2.832612854874349523e+03
9.823598911242834575e-01 1.180169371971600434e+01 2.518072778621657108e+03
1.005982689461312418e+00 1.180517547990011451e+01 2.212770898443191072e+03
1.030065282592183662e+00 1.181356819787654366e+01 1.979884525311781772e+03
1.054348896767633992e+00 1.182174564552984819e+01 1.757128080849679463e+03
1.078832141513671239e+00 1.182863974051305966e+01 1.565353545266312722e+03
1.103508592217510964e+00 1.183780217787712452e+01 1.395263357319844999e+03
1.128396415493068794e+00 1.184822037897990299e+01 1.242969380478641369e+03
1.153460317004266988e+00 1.185976600330794994e+01 1.109128864046787385e+03
1.178736007226145244e+00 1.186588935707279902e+01 9.911359849907421449e+02
1.204197400247976502e+00 1.187561394844205154e+01 8.867689426373979131e+02
1.229853400692791698e+00 1.188611340550425055e+01 7.939582796012588233e+02
1.255720775346955476e+00 1.189503917824336732e+01 7.105214732274407652e+02
1.281747079659165012e+00 1.190719038425842058e+01 6.360753878392538354e+02
1.307952542650692607e+00 1.191790408183149985e+01 5.702754643590002388e+02
1.334336131420850835e+00 1.192598840482781775e+01 5.117564892384581299e+02
1.360876577382893249e+00 1.193682221780926511e+01 4.595247045974766138e+02
1.387573661100304223e+00 1.194929619622692307e+01 4.109210527279127518e+02
1.414411683268028463e+00 1.195962635619948422e+01 3.712783898458188219e+02
1.441387783199267414e+00 1.196951587349866308e+01 3.336995252081093213e+02
1.468467386207653602e+00 1.197839358156070944e+01 3.005990969393762953e+02
1.495658501484233849e+00 1.198558453844593075e+01 2.705514578989285042e+02
1.522956150840347300e+00 1.199494341562117050e+01 2.438798239545104707e+02
1.550310138627344791e+00 1.200640592842060173e+01 2.199344354698351935e+02
1.577902557755598290e+00 1.201344583951394895e+01 1.983079478605553163e+02
1.605481361559665254e+00 1.202232538404623163e+01 1.789205350730960902e+02
1.632698452131891464e+00 1.203167900257444245e+01 1.619099727833488203e+02
1.660214385567877482e+00 1.203904775360397217e+01 1.462726308403553332e+02
1.687741011258569124e+00 1.204325377129720920e+01 1.323990717009737352e+02
1.715216998694515160e+00 1.205132895507833446e+01 1.197528402074109835e+02
1.742671573217929870e+00 1.205771274128508530e+01 1.081397904749490095e+02
1.770083235052201331e+00 1.206448926419910705e+01 9.837117809994627748e+01
1.797403842787303807e+00 1.207008596049463023e+01 8.919245952666889821e+01
1.824619841552062471e+00 1.207547556919445420e+01 8.103160341464615612e+01
1.851727879487619965e+00 1.207996481557338164e+01 7.317495131342941761e+01
