2.191799393465098389e-01 1.550982308316407554e+01 3.683535669800713658e+06
2.268642389249853619e-01 1.523803097846589871e+01 3.143939889839474577e+06
2.348661466048872770e-01 1.494243490094718219e+01 2.610881395892511122e+06
2.431801748189504342e-01 1.469585844560152310e+01 2.227839481069832109e+06
2.518135050230816407e-01 1.447045442850102859e+01 1.889824516003733268e+06
2.607890937641884621e-01 1.425254706700699003e+01 1.583053390378928976e+06
2.701013653256824076e-01 1.406196251886462711e+01 1.352919071668538498e+06
2.797662906434676411e-01 1.387797467190102196e+01 1.142868487320248038e+06
2.897893213372438326e-01 1.370669275892679551e+01 9.674150227939782199e+05
3.001689139492752512e-01 1.355683659941450259e+01 8.202691451095005032e+05
3.109307286857084240e-01 1.341374746667985107e+01 6.941354511811754201e+05
3.220344029282277143e-01 1.328359146443112060e+01 5.908046440927961376e+05
3.335452500179603708e-01 1.315407571351940774e+01 5.000323837990530883e+05
3.454328139214769000e-01 1.303853987688997051e+01 4.235919358013760066e+05
3.577177179523370332e-01 1.293837325439027630e+01 3.587227228636912769e+05
3.703997256059679000e-01 1.283903916332313599e+01 3.049797757784574060e+05
3.834963504153137137e-01 1.274561986239604749e+01 2.587986965811180708e+05
3.969907105663879054e-01 1.266421147302436800e+01 2.198762383704750391e+05
4.109030497387216041e-01 1.258688414083867535e+01 1.865258940680944361e+05
4.252093190605379380e-01 1.251585926085516931e+01 1.586658724210524524e+05
4.399128215548382959e-01 1.244597244099810673e+01 1.351010277727052453e+05
4.550623397218532817e-01 1.238525445289947235e+01 1.148426108339402126e+05
4.706342275488338833e-01 1.232729237192114269e+01 9.771761496103375976e+04
4.866182561507746418e-01 1.227361728364204474e+01 8.336848643894433917e+04
5.029829481470297070e-01 1.222036540526608484e+01 7.026046326866798336e+04
5.197777218195246407e-01 1.217992358697530264e+01 6.052332051459265494e+04
5.369899249505931671e-01 1.213631363684180009e+01 5.167204129457419185e+04
5.546136450341886404e-01 1.209616535573626450e+01 4.410648057636043814e+04
5.726184835928024297e-01 1.205964763904091974e+01 3.764475902451640286e+04
5.908708471659250838e-01 1.202111909394572287e+01 3.231148003935970701e+04
6.086317728084008616e-01 1.199343734283725915e+01 2.781696160882204640e+04
6.260717301782793287e-01 1.196178121073382172e+01 2.415165775877073611e+04
6.434462811518232295e-01 1.193024676916516391e+01 2.096645278787261486e+04
6.609117223517189110e-01 1.190057377588233223e+01 1.824538296046341929e+04
6.785964626638497643e-01 1.187059432580450924e+01 1.589043086132658937e+04
6.965872181546882702e-01 1.184103255303619129e+01 1.380433342578807606e+04
7.149834558526519945e-01 1.181217909906244223e+01 1.199728507429218917e+04
7.339437179575444281e-01 1.178184038907062892e+01 1.041026836271063985e+04
7.532864761788742314e-01 1.175240583843497788e+01 9.034204173303382049e+03
7.733047589628009311e-01 1.172559469165262946e+01 7.827313871012574054e+03
7.939699772900202790e-01 1.169734767764367511e+01 6.774488432784729412e+03
8.153236995547403776e-01 1.167054960852793677e+01 5.844917204322816360e+03
8.373848983448181071e-01 1.164192070553797187e+01 5.018520596040670171e+03
8.602032548900439002e-01 1.161948477355625009e+01 4.349041676875986923e+03
8.837888223848894276e-01 1.159466672610902727e+01 3.733544881687349061e+03
9.081610793305973095e-01 1.157373152646018433e+01 3.207016437032126760e+03
9.333348205209481829e-01 1.155126861642671621e+01 2.749445402936494247e+03
9.593159402472911657e-01 1.153282637487564166e+01 2.355693448310903477e+03
9.861053231192481450e-01 1.151390295396259944e+01 2.018576444328900607e+03
1.013706238661869818e+00 1.149700038528331092e+01 1.726099284081343967e+03
1.042102588762713555e+00 1.148106920716509549e+01 1.475866137560379229e+03
1.071286007716054423e+00 1.146659921960788786e+01 1.260636153035896086e+03
1.101244283885348008e+00 1.145320474866448457e+01 1.070209254749111324e+03
1.131919481598429478e+00 1.143982582979627516e+01 9.201366052659388970e+02
1.162283157044915249e+00 1.142918310220002098e+01 7.896783648697539775e+02
1.191815320329809413e+00 1.141624580451314763e+01 6.812868457401513069e+02
1.220537049491014159e+00 1.140705881976653657e+01 5.907121895919403869e+02
1.248529850021331766e+00 1.139269511860550566e+01 5.140565774395876133e+02
1.275837887828521922e+00 1.137651173931098647e+01 4.497414158639877542e+02
1.302501112306694075e+00 1.135988363382522870e+01 3.945169768629979217e+02
1.328539045171686750e+00 1.134283547025306937e+01 3.464359552356693257e+02
1.354025587984234447e+00 1.132259738754840406e+01 3.055207514883540512e+02
1.378890222512197505e+00 1.130214396415003897e+01 2.699975996606826811e+02
1.403222184903878622e+00 1.127834319992434509e+01 2.391372407449422326e+02
1.427033234159700070e+00 1.125437613642462331e+01 2.118327210095929161e+02
1.450325305267691434e+00 1.123123144177777277e+01 1.880568267978759422e+02
1.473176807708412639e+00 1.120070121655630757e+01 1.671419267844818251e+02
1.495400874603583175e+00 1.117252021903221326e+01 1.490611269268021601e+02
1.517176752519478145e+00 1.114193619636341914e+01 1.328616825303455187e+02
1.538461235030851304e+00 1.111024039649780448e+01 1.186320417494682715e+02
1.559242179425766706e+00 1.107714305608443794e+01 1.060834211100278281e+02
1.579521368182989605e+00 1.104155763000839130e+01 9.490016794187988580e+01
1.599288094101167568e+00 1.100552641950890198e+01 8.467530974880669703e+01
1.618540945813662590e+00 1.096865846421482793e+01 7.634219865084119760e+01
1.637276001814211845e+00 1.093087497331704938e+01 6.848530391074586987e+01
1.655475053724936307e+00 1.089123297300714555e+01 6.141575432475696061e+01
1.673137063978045180e+00 1.085068122617757247e+01 5.543010288800347496e+01
1.690252112981273758e+00 1.080932222055147740e+01 4.999783428107357963e+01
1.706946645477153579e+00 1.076700004738607674e+01 4.489981375475490211e+01
1.722811606882757474e+00 1.072283045722811679e+01 4.056703963331302276e+01
1.738238264736784222e+00 1.067844471596587574e+01 3.682452242395481790e+01
1.753094008311178564e+00 1.063277734714856493e+01 3.317609857131415652e+01
1.767320411940173308e+00 1.058581608394148610e+01 3.020918231792526498e+01
1.780995233036172909e+00 1.053892398994325141e+01 2.740611742320016120e+01
1.794167029360279830e+00 1.049179540821629963e+01 2.492126648466647154e+01
1.806463244666894452e+00 1.044154697525866915e+01 2.267010880920838645e+01
1.818430179119377099e+00 1.039340276494368709e+01 2.061518837492870304e+01
1.829482509686984670e+00 1.034220435133429561e+01 1.883110378536566643e+01
1.840055258452417686e+00 1.029169017840767175e+01 1.714129587435073532e+01
1.849997661754752443e+00 1.024051039661850204e+01 1.572199812321985135e+01
1.859335098007569353e+00 1.018884990361512166e+01 1.434753126905034115e+01
1.868129005172986634e+00 1.013677118481190043e+01 1.320730575933327344e+01
1.876052707387812601e+00 1.008385584634469900e+01 1.209399501010158851e+01
1.883481412043257697e+00 1.003094446580299248e+01 1.115361700181541593e+01
1.890284088698250153e+00 9.976989256964431618e+00 1.027324118072819026e+01
1.896456837388732941e+00 9.922854509156275427e+00 9.448391924839736333e+00
1.902010435128366206e+00 9.868983512770151734e+00 8.729104210513783713e+00
1.906957208352105804e+00 9.813864782754361471e+00 8.079228855277206023e+00
1.911316396645261984e+00 9.759242687178032227e+00 7.489868167814998756e+00
1.915035432578563013e+00 9.704275547756875397e+00 6.956527416512872541e+00
