2.191799393465098389e-01 1.550982308316407554e+01 3.683535669800713658e+06
2.250970570297740336e-01 1.531915046256837520e+01 3.231040256779899355e+06
2.311870929543658193e-01 1.509369892590089890e+01 2.840135402058228385e+06
2.374799218530319889e-01 1.486615145313092157e+01 2.503143832325856667e+06
2.439613990358937556e-01 1.468469299991935095e+01 2.204873683629452717e+06
2.506309690804617296e-01 1.449973113461076224e+01 1.933709492887169356e+06
2.575026058121487882e-01 1.432831847212254672e+01 1.696226128733959049e+06
2.645768759085245225e-01 1.417190355621033504e+01 1.491191705966934329e+06
2.718577577415967617e-01 1.402609898052063997e+01 1.310136464348089648e+06
2.793484148921194232e-01 1.388679370341865216e+01 1.149922769949065754e+06
2.870526410331673550e-01 1.375466958700192954e+01 1.013098622765346081e+06
2.949643452296759061e-01 1.363370693914359855e+01 8.899763171940941829e+05
3.031001259564131689e-01 1.351509139364196876e+01 7.833699518520777347e+05
3.114546003275402430e-01 1.340134412052759849e+01 6.917333319581516553e+05
3.200431548134961557e-01 1.330213816864256415e+01 6.085292737433505245e+05
3.288489252488878134e-01 1.320876791947041085e+01 5.334094511491331505e+05
3.378825366241935413e-01 1.311080431331673424e+01 4.700274212699142518e+05
3.471531244085954149e-01 1.302462834532732039e+01 4.135353930661974591e+05
3.566670837730528953e-01 1.294786664360789175e+01 3.638596452259978978e+05
3.664022876473936874e-01 1.286932083700616580e+01 3.205029651682151598e+05
3.763843246054697222e-01 1.279535841671316554e+01 2.827832277315097745e+05
3.866118827844061689e-01 1.272511115806916671e+01 2.490081037301226461e+05
3.970914471516293620e-01 1.266287995334095307e+01 2.196195949029423937e+05
4.077936278763581446e-01 1.260281950193611067e+01 1.933823584721657971e+05
4.187447704833631157e-01 1.254455293110049752e+01 1.704609503620514297e+05
4.299544002088924177e-01 1.249064661142529609e+01 1.506185804543640988e+05
4.414016241776330118e-01 1.243947151950696117e+01 1.330114018323655764e+05
4.531074671031171119e-01 1.239334555969188756e+01 1.170618154241749580e+05
4.650763345641719670e-01 1.235120774758459028e+01 1.033896392526268464e+05
4.772708692106110706e-01 1.230407622056045369e+01 9.130856554275646340e+04
4.897158916076432278e-01 1.226491940346557108e+01 8.080013730341148039e+04
5.023994740355745003e-01 1.222726679003126371e+01 7.070434927257045638e+04
5.153337346671035268e-01 1.218854611813641498e+01 6.304582985661765269e+04
5.285200141422067288e-01 1.215563917407258820e+01 5.581821055268108466e+04
5.419529143249426362e-01 1.212519147609576819e+01 4.933633527965074609e+04
5.556315587080300489e-01 1.209470556763341342e+01 4.372018092396907741e+04
5.695576830532973478e-01 1.206728093570536764e+01 3.871271386366800289e+04
5.836662227143394333e-01 1.203835582947092320e+01 3.429559920377960952e+04
5.979878288674312925e-01 1.201071828317289025e+01 3.044088708125479752e+04
6.124539767141887747e-01 1.198805051402003485e+01 2.700514046889542078e+04
6.272283233739431862e-01 1.196491037728447893e+01 2.394855392055918128e+04
6.423121707565965233e-01 1.194102305263031027e+01 2.125764623186136305e+04
6.577689454528358182e-01 1.192109531894117325e+01 1.887333618099058367e+04
6.736678947194435496e-01 1.189858725579946430e+01 1.672682689058089090e+04
6.899983558289299879e-01 1.187995560138136319e+01 1.481904484316112757e+04
7.068328136758823543e-01 1.186283857962386534e+01 1.310713551748756981e+04
7.241952184018283223e-01 1.184567261798057913e+01 1.147600490744133276e+04
7.421364052186596449e-01 1.182939276534848005e+01 1.021834555710581481e+04
7.606541458006222944e-01 1.181340061446123002e+01 9.013033610916250836e+03
7.797784231968181157e-01 1.180188067845273636e+01 7.932240850187154138e+03
7.995337872816103975e-01 1.178779031180232906e+01 6.980197686731329668e+03
8.199380082854537122e-01 1.177774791297454371e+01 6.139606514949457051e+03
8.409846495751100992e-01 1.177165415979480656e+01 5.389837980950074780e+03
8.627105341519101245e-01 1.176364192131448050e+01 4.730452550740081278e+03
8.851113263891982053e-01 1.175643558190427207e+01 4.144699059986171051e+03
9.081958754545815804e-01 1.175382383437761824e+01 3.606357619761321075e+03
9.319814981820948585e-01 1.175130094540749326e+01 3.178861526933943424e+03
9.564622422804410773e-01 1.175051869079730871e+01 2.761356676780300404e+03
9.816412316819420614e-01 1.175399761207760641e+01 2.415252877140329474e+03
1.007516975795431868e+00 1.175125847820691050e+01 2.129349550696471397e+03
1.034086632792792892e+00 1.175466339972858520e+01 1.861087750822404814e+03
1.061340291146132486e+00 1.176283624744147183e+01 1.626251315920232173e+03
1.089278689030230396e+00 1.176461201032246784e+01 1.421116611541220664e+03
1.117737999169526875e+00 1.177180227142828528e+01 1.242680718242739658e+03
1.146134033580473721e+00 1.177923771364222816e+01 1.089849518828449163e+03
1.174407737051285538e+00 1.178696166054157857e+01 9.577252786177817825e+02
1.202607405821997766e+00 1.179858623372224002e+01 8.449395790812824316e+02
1.230708360005336122e+00 1.180208246794274807e+01 7.404900268552243006e+02
1.258734936032917862e+00 1.180990642505422983e+01 6.597986251114874676e+02
1.286680371653726729e+00 1.181661136725610817e+01 5.850117358656841589e+02
1.314569235877659503e+00 1.182277635715995068e+01 5.194615942062337126e+02
1.342387590558830945e+00 1.182841334342563044e+01 4.612290562124053395e+02
1.370133737596673118e+00 1.183309807761799171e+01 4.106491280012821221e+02
1.397815665338590918e+00 1.183765895414714464e+01 3.660908072327760010e+02
1.425417730062684019e+00 1.184106031789007574e+01 3.266156374255400010e+02
1.452950683532761023e+00 1.184365694527874169e+01 2.917574687386660912e+02
1.480399699609092901e+00 1.184508817573554396e+01 2.607708836855386494e+02
1.507725173913981420e+00 1.184955938949472731e+01 2.336524598631731351e+02
1.534937981711818500e+00 1.185193814175124594e+01 2.091925499779535187e+02
1.562041356678531390e+00 1.184934257560277260e+01 1.866688521870414377e+02
1.589017115315558781e+00 1.184887664518745964e+01 1.674511529982413265e+02
1.615861799400279519e+00 1.184643919724880945e+01 1.512473812763287526e+02
1.642688490981233818e+00 1.184736020852007599e+01 1.358618015540437511e+02
1.668992300057254186e+00 1.184182217759084210e+01 1.224091583479919336e+02
1.695297229481554924e+00 1.183788134566699313e+01 1.102922750305541797e+02
1.721394047654732473e+00 1.183381362111396129e+01 9.937517072276587271e+01
1.747271586581292890e+00 1.182855337287468522e+01 8.966105070660837839e+01
1.772906580431042656e+00 1.182234970357604809e+01 8.093791596608322436e+01
1.798288116687139393e+00 1.181510988739315238e+01 7.321504186745013953e+01
1.823400360446695734e+00 1.180771377126536947e+01 6.617569191662862238e+01
1.848214426699888779e+00 1.179940082795225642e+01 5.989505064938347800e+01
1.872721081344560945e+00 1.178969182131532456e+01 5.428421790615589515e+01
1.896908735523713530e+00 1.177880427246828177e+01 4.924863421524506180e+01
1.920751145141326832e+00 1.176833774023581469e+01 4.456637533658294359e+01
1.944236138622099208e+00 1.175622371189263760e+01 4.060939214086213411e+01
1.967350387946552814e+00 1.174396865792537881e+01 3.690097781297892254e+01
1.990059353488226934e+00 1.173013692286514420e+01 3.358711476859112111e+01
2.012378126240401244e+00 1.171609485043092214e+01 3.059563745686836000e+01
2.034253467837786378e+00 1.170132373695582473e+01 2.791338954071330747e+01
2.055702143543618021e+00 1.168578186913955541e+01 2.545650422255954837e+01
