2.191799393465098389e-01 1.550982308316407554e+01 3.683535669800713658e+06
2.249937774701476767e-01 1.528914318463718480e+01 3.241906214671917725e+06
2.309691871568059496e-01 1.511340490187626351e+01 2.896019816186515149e+06
2.371378232353211768e-01 1.488020180467508524e+01 2.522159819012472406e+06
2.435009461548747201e-01 1.471688637877482009e+01 2.238851358430345077e+06
2.500367389962583342e-01 1.451481330727598440e+01 1.950190635174243944e+06
2.567685322108961277e-01 1.434844794912897292e+01 1.721986658888987731e+06
2.636949912846921484e-01 1.419255536098002324e+01 1.514451866403630935e+06
2.708212570217709003e-01 1.404486452919428530e+01 1.335822834357102867e+06
2.781486539291053162e-01 1.390703986793975844e+01 1.176161539079447975e+06
2.856836629551627871e-01 1.377997081700342896e+01 1.035432585569052841e+06
2.934365707030258674e-01 1.365464684633872849e+01 9.123407716183989542e+05
3.013787024111804214e-01 1.353893214461393413e+01 8.041640982935010688e+05
3.095488276327074129e-01 1.342659767696333617e+01 7.096795599535341607e+05
3.179135532042048906e-01 1.332768871561198765e+01 6.252109446048755199e+05
3.265010595251143233e-01 1.323346062094730335e+01 5.518623105569062755e+05
3.353178086253892909e-01 1.313737857176268342e+01 4.875499967545134132e+05
3.443579733652044061e-01 1.304988277006903097e+01 4.298368362436669995e+05
3.536261506076557315e-01 1.297501866740836718e+01 3.784052899111971492e+05
3.631310389120906978e-01 1.289444636433152169e+01 3.350836010446285945e+05
3.728465219458982904e-01 1.281906152724134529e+01 2.953278010163251311e+05
3.828198981694875269e-01 1.274983424637819063e+01 2.607890512395870464e+05
3.930011537481679640e-01 1.268576654992493502e+01 2.303124172984807228e+05
4.034311324374991736e-01 1.262763169392033724e+01 2.038288636452354840e+05
4.140911417426085817e-01 1.256839049152600474e+01 1.799518953556064516e+05
4.250193894310096976e-01 1.251531060317149624e+01 1.578088337583493849e+05
4.361516659831342624e-01 1.246358583841463741e+01 1.408119798271027394e+05
4.475345836566695934e-01 1.241514250848607581e+01 1.243664392705226055e+05
4.591711138348337773e-01 1.236852867074182072e+01 1.100640658943006129e+05
4.710214121791958530e-01 1.232510997995119340e+01 9.724512160417623818e+04
4.831026461530986693e-01 1.228564081329765578e+01 8.640542766098532593e+04
4.954517253324968729e-01 1.224702400320459894e+01 7.636977005198584811e+04
5.080250715803998895e-01 1.221094154032238954e+01 6.768065912505850429e+04
5.208407738124796182e-01 1.217720182693357778e+01 5.990821601953086065e+04
5.338949494511148197e-01 1.215058880420940213e+01 5.309870773946161353e+04
5.471865262254247408e-01 1.211215609818359162e+01 4.706207547896743927e+04
5.607159194406016178e-01 1.208243946703289495e+01 4.182023222648823139e+04
5.744466856977130664e-01 1.205599368428519647e+01 3.708601111035954818e+04
5.884244624177863425e-01 1.202948692254136454e+01 3.295945334425196779e+04
6.026608048589245925e-01 1.200295608101239075e+01 2.927591963735673926e+04
6.172141724967424858e-01 1.198131249380245933e+01 2.576265983244811650e+04
6.321670120343658716e-01 1.195651884462346359e+01 2.308336482343856187e+04
6.475563056277411356e-01 1.193585239325959257e+01 2.046126509807088587e+04
6.634167505000477805e-01 1.191538948048855673e+01 1.812469582700692990e+04
6.797690086489689421e-01 1.189664338567029844e+01 1.603101496412403685e+04
6.966838504834544921e-01 1.187909816615398739e+01 1.415831137700883482e+04
7.141823228304299276e-01 1.186367311295818894e+01 1.249980912142796660e+04
7.322866282045954467e-01 1.184800904350659323e+01 1.102378826954751821e+04
7.510162336768166913e-01 1.183565389668115486e+01 9.716549141799274366e+03
7.704114682483674814e-01 1.182452431184889718e+01 8.462874478790110516e+03
7.904650688472982800e-01 1.181367153056336150e+01 7.501311125165893827e+03
8.112130008857327823e-01 1.180299588672641420e+01 6.585032795004491163e+03
8.326601673914111323e-01 1.179828580501166613e+01 5.769515805361246748e+03
8.548215955100347818e-01 1.179526456247884703e+01 5.056557447908391623e+03
8.776408216212504554e-01 1.179184073822019840e+01 4.431805546014216816e+03
9.005307444239716297e-01 1.179101923388380513e+01 3.891001675623664141e+03
9.234136441043504506e-01 1.178954589825145227e+01 3.421429777250277766e+03
9.463009265603022913e-01 1.178925623759696784e+01 3.021472584134844510e+03
9.692306880140192371e-01 1.178921602398856017e+01 2.650320742214561051e+03
9.922147497357119983e-01 1.178919514825299686e+01 2.364780963230872658e+03
1.015286701374225720e+00 1.178847442275008461e+01 2.098068098451502010e+03
1.038478948817781466e+00 1.179031994179858600e+01 1.863367912493201629e+03
1.061755152522355861e+00 1.179020159421465586e+01 1.655077469596503988e+03
1.085190535415129665e+00 1.179277063433982065e+01 1.471613389517636506e+03
1.108692274189750693e+00 1.179021926513011032e+01 1.310829552652979601e+03
1.132362868091042918e+00 1.178951409140475981e+01 1.168252399219246172e+03
1.156181235925130002e+00 1.178884572408962761e+01 1.041525620464101394e+03
1.180140328201532141e+00 1.178893593054454669e+01 9.284568575000530473e+02
1.204234376148655805e+00 1.178779197929903155e+01 8.290070286764718048e+02
1.228478126371021606e+00 1.178776920997539079e+01 7.404741375272077448e+02
1.252849370073013668e+00 1.178581259417491189e+01 6.617773653148653921e+02
1.277371495242237032e+00 1.178336282707088145e+01 5.916099389092501042e+02
1.302015650951841685e+00 1.178252154444366795e+01 5.291411604740986832e+02
1.326876371901002827e+00 1.178008169186604093e+01 4.734152981315441480e+02
1.351655603880888679e+00 1.177780115388238258e+01 4.238929321187377468e+02
1.376633479729112874e+00 1.177779070272478634e+01 3.796829991261218424e+02
1.401704351951468253e+00 1.177291857194641445e+01 3.405202228587004356e+02
1.426856436367597292e+00 1.176763418690588558e+01 3.051704727369864827e+02
1.452070703905278037e+00 1.176432732259052827e+01 2.738658087445549540e+02
1.477336112987182704e+00 1.176268710774044912e+01 2.445692319177738625e+02
1.502641835107655810e+00 1.175487665682403282e+01 2.205523648227094498e+02
1.528085049789123406e+00 1.175075835550499725e+01 1.982245185664893086e+02
1.553403440735981800e+00 1.174544808251111405e+01 1.781488582630286146e+02
1.578583914998491045e+00 1.173894685527138648e+01 1.604269551064367363e+02
1.603852743714106799e+00 1.173301745602791613e+01 1.442029689032301008e+02
1.629065463156970539e+00 1.172524091811768443e+01 1.300313829537528534e+02
1.654210483335757154e+00 1.171893388524184942e+01 1.171249469396738334e+02
1.679258125048539663e+00 1.171010954755103306e+01 1.056664331053347041e+02
1.704297371967534724e+00 1.170206878005692985e+01 9.528411895364212114e+01
1.728991975530461245e+00 1.169300175033747990e+01 8.607959887509234420e+01
1.753637616755858719e+00 1.168380387504037188e+01 7.778183467125928985e+01
1.778181490238527340e+00 1.167423183324140012e+01 7.026925589467067823e+01
1.802462765442333303e+00 1.166384406585133782e+01 6.365235688451543439e+01
1.826425021681869154e+00 1.165226048296648642e+01 5.767892206795462329e+01
1.850240757870449615e+00 1.164096575178589177e+01 5.226754423497668256e+01
1.873792597958213069e+00 1.162909240778550668e+01 4.720438652861618323e+01
1.897067679543414265e+00 1.161651491679112702e+01 4.306899406503607963e+01
1.920049324419964343e+00 1.160294679260625905e+01 3.898549471271983435e+01
1.942708935470815135e+00 1.158955151479568535e+01 3.556987310060971907e+01
1.965032018074786890e+00 1.157488640647023104e+01 3.229822788361317265e+01
