2.191799393465098389e-01 1.550982308316407554e+01 3.683535669800713658e+06
2.248418243324545041e-01 1.531077727220150742e+01 3.244199315725479741e+06
2.306294587765955473e-01 1.508209955076394948e+01 2.885327814389309846e+06
2.366194318897030524e-01 1.488743286197444604e+01 2.546388184699468780e+06
2.427818305145882649e-01 1.471000178218730881e+01 2.248611172563124914e+06
2.491097584401200937e-01 1.453633366204271304e+01 1.985624603544164682e+06
2.556241717015523274e-01 1.438260428492482745e+01 1.761697961001759162e+06
2.623223216797400115e-01 1.422219455030736590e+01 1.554545107183751184e+06
2.692071389417632910e-01 1.407595938572923266e+01 1.374338114677550970e+06
2.762831479412225510e-01 1.393654487070023862e+01 1.216439643977350788e+06
2.835533439364987807e-01 1.381484165230677519e+01 1.072674387994921766e+06
2.910201737587647108e-01 1.369085429218472960e+01 9.488781172656499548e+05
2.986907710534796867e-01 1.357705775318948049e+01 8.411068916944968514e+05
3.065314967474029317e-01 1.346453724783575723e+01 7.432237858538136352e+05
3.146082284118777439e-01 1.336306040305552401e+01 6.528154245200173464e+05
3.228626693496179922e-01 1.326748674294329966e+01 5.824951558212763630e+05
3.313422923042702029e-01 1.318295338898453117e+01 5.157503489272667794e+05
3.400272552931126180e-01 1.308740319555531961e+01 4.560616142122009187e+05
3.489267791719706246e-01 1.300895125898848903e+01 4.044493936616515275e+05
3.580482461371458092e-01 1.293272073232012254e+01 3.580032114895918639e+05
3.673725773489380231e-01 1.286366662285054829e+01 3.166131955936976592e+05
3.769243883997507871e-01 1.279007364857396212e+01 2.810447146844682866e+05
3.866970405907734776e-01 1.272489732695506959e+01 2.486716850982122414e+05
3.966982353494173386e-01 1.266562550807712562e+01 2.205994374033129425e+05
4.069051651987672380e-01 1.260558971101184156e+01 1.954734788570866513e+05
4.173479205714705209e-01 1.255213787537647896e+01 1.736011501091969549e+05
4.280104610230802686e-01 1.249916254298758389e+01 1.538031082161598024e+05
4.388930829636615294e-01 1.245127847767583873e+01 1.364888384627576743e+05
4.500310731922907981e-01 1.240258920314487234e+01 1.209591442744814558e+05
4.613810153682519899e-01 1.235881953788769749e+01 1.073237511145984026e+05
4.729431189794195967e-01 1.231910015732183972e+01 9.526643894382314465e+04
4.847243058657537684e-01 1.228219859519955648e+01 8.480305093064431276e+04
4.967497602633130782e-01 1.224086276696113806e+01 7.530949645471315307e+04
5.089924741506197670e-01 1.220803489957341093e+01 6.706503778062487254e+04
5.214641787855752719e-01 1.217513557908183586e+01 5.948781521269008226e+04
5.341608967219689807e-01 1.214315691341505499e+01 5.300122938426005567e+04
5.470816343111433167e-01 1.211485200757519287e+01 4.714401419536749745e+04
5.602267551633105525e-01 1.208390679393644085e+01 4.202951043959841627e+04
5.735626381937525275e-01 1.205738794061967489e+01 3.742825455985491863e+04
5.871255782421813674e-01 1.203028800082943306e+01 3.333535007450004196e+04
6.006772677646213809e-01 1.200659151098854593e+01 2.977759496205864707e+04
6.143501893567799854e-01 1.198261929483173205e+01 2.661526277616709558e+04
6.281777984124132796e-01 1.196144111088163164e+01 2.377405076708610068e+04
6.422216599414372062e-01 1.194076399051468051e+01 2.105735306281265002e+04
6.564733537092833915e-01 1.191935836879211585e+01 1.883865755838522455e+04
6.710852378371272575e-01 1.189890335296713531e+01 1.698603118991877636e+04
6.860419396822318161e-01 1.187820502870260420e+01 1.518763873901311854e+04
7.013563895115461078e-01 1.186108353937404480e+01 1.356031223443413546e+04
7.171094583162768155e-01 1.184320538198317330e+01 1.208339413344762215e+04
7.332816946650186907e-01 1.182359800693358842e+01 1.077839314892484435e+04
7.499207767978518513e-01 1.180930573823182073e+01 9.595374006327829193e+03
7.670167873207621723e-01 1.179185174117777812e+01 8.544133796948097370e+03
7.846261768030664552e-01 1.177931231179154103e+01 7.584805552275655828e+03
8.027480306573625546e-01 1.176635423657863200e+01 6.736141929802403865e+03
8.213996604893603060e-01 1.175552431003372789e+01 5.981376196990053359e+03
8.406086855274093050e-01 1.174237453186482583e+01 5.288626420314701136e+03
8.603530981175565584e-01 1.173426529053492651e+01 4.693295266796661053e+03
8.806601134141008869e-01 1.172465252158101201e+01 4.160736589138726231e+03
9.015490428328343242e-01 1.171731557448250705e+01 3.677523004102555205e+03
9.230066817434138260e-01 1.171232756966894861e+01 3.250538794259105543e+03
9.450446304542956533e-01 1.170476499976272677e+01 2.873609205650353033e+03
9.676684348619123410e-01 1.170180284489706857e+01 2.535754772661832249e+03
9.908616150325539884e-01 1.170079245805195356e+01 2.241410358166457172e+03
1.014651456330562196e+00 1.169820760087466027e+01 1.977526151929959951e+03
1.039006726944895931e+00 1.169754501347945919e+01 1.745016466120286168e+03
1.063933568817288400e+00 1.169832711454808383e+01 1.539294868831247868e+03
1.089433030955667903e+00 1.170005806996975117e+01 1.358273798266402991e+03
1.115499052797408464e+00 1.170234171598636941e+01 1.189020943665683944e+03
1.142102408277375192e+00 1.170558466804124542e+01 1.048290227256250319e+03
1.169242984927010287e+00 1.171249596367572288e+01 9.304727779195429775e+02
1.196908071902072823e+00 1.171724468835302702e+01 8.212391370873513097e+02
1.225084799628829657e+00 1.172521409488131638e+01 7.236495663822696542e+02
1.253753654234951220e+00 1.173084502169112220e+01 6.362944921621221965e+02
1.282898235707687462e+00 1.173823575784353679e+01 5.639555464464464194e+02
1.312491008143076732e+00 1.174574631080697174e+01 4.976893026503792612e+02
1.342490711208231824e+00 1.175892960965064482e+01 4.399915276288780319e+02
1.372477140601879420e+00 1.176550688727842164e+01 3.890017883204669147e+02
1.402359809281581216e+00 1.177467817718442333e+01 3.451071127425942109e+02
1.432130653239167772e+00 1.178659801480290170e+01 3.062446179941562718e+02
1.461799160378867146e+00 1.179340990818848844e+01 2.726665533835692372e+02
1.491304756859638925e+00 1.180071034856845458e+01 2.432170219461584111e+02
1.520698892436334493e+00 1.181099467632904698e+01 2.170726504070572389e+02
1.549923777320835860e+00 1.181584225680795974e+01 1.939732372570054793e+02
1.579024757436962911e+00 1.182111999638549804e+01 1.735588048766446150e+02
1.607916127878067813e+00 1.182815015279295601e+01 1.555597408655393679e+02
1.636654311201649170e+00 1.183359275922284404e+01 1.396747749177361300e+02
1.665183540523150985e+00 1.183915504987650102e+01 1.253838806045276186e+02
1.693761109060096137e+00 1.184404453955939829e+01 1.127064185876137685e+02
1.721625358890895852e+00 1.184504356161498606e+01 1.015479077697116708e+02
1.749480010572206146e+00 1.184748820723878282e+01 9.151555173403107801e+01
1.777091224847667128e+00 1.184957117052035613e+01 8.257611371844902237e+01
1.804427141295482429e+00 1.185240495308142883e+01 7.465860634851935629e+01
1.831496512944718713e+00 1.185056368536953109e+01 6.740752357585274979e+01
1.858258371042502688e+00 1.184972875838316497e+01 6.103281133478957088e+01
1.884710827207771278e+00 1.184797270342308551e+01 5.527814528482004164e+01
1.910822474403375049e+00 1.184601144225818814e+01 5.010269306292178015e+01
1.936598174420547602e+00 1.184238389630239574e+01 4.549424204976262587e+01
1.962006707125313776e+00 1.183836529273408544e+01 4.132083539672886729e+01
1.987041660615098682e+00 1.183355169124898687e+01 3.756814805546282798e+01
2.011721775143533009e+00 1.182777471752421938e+01 3.420016803321519205e+01
