2.191799393465098389e-01 1.550982308316407554e+01 3.683535669800713658e+06
2.249894337788951870e-01 1.528996081195218615e+01 3.252351456305057276e+06
2.309607634494993400e-01 1.510317702210944724e+01 2.888404214371877722e+06
2.371258546495212949e-01 1.487953597834785135e+01 2.526793213945303578e+06
2.434825597364909666e-01 1.470123517960371551e+01 2.226995599187566433e+06
2.500127934741574465e-01 1.451406562889732044e+01 1.949549200228391681e+06
2.567389713295972764e-01 1.435371846309964639e+01 1.722895174091618741e+06
2.636601823647827247e-01 1.419899827255992264e+01 1.516055225954520749e+06
2.707797620699972652e-01 1.404731978692487182e+01 1.339204767120239092e+06
2.781014994165133536e-01 1.391781071344865239e+01 1.175539453905999893e+06
2.856298688457331592e-01 1.377583917289682347e+01 1.034814852743460098e+06
2.933749194127628357e-01 1.364930268847003703e+01 9.146545428689992987e+05
3.013088834080935863e-01 1.353717465167719780e+01 8.051398912901978474e+05
3.094581871643771187e-01 1.342907905264344848e+01 7.106219055115061346e+05
3.178285034019682764e-01 1.332522360078080048e+01 6.277892831554503646e+05
3.264068594834831916e-01 1.323541907374064408e+01 5.526641996948774904e+05
3.352153844588185438e-01 1.314173502835499896e+01 4.884055281786534470e+05
3.442472956206084622e-01 1.305154786048273508e+01 4.304892700983026298e+05
3.535050597305164355e-01 1.297040987375643617e+01 3.799581727286088862e+05
3.630005325197987465e-01 1.289496330038024574e+01 3.354002067576878471e+05
3.727061386431462231e-01 1.282112930138067952e+01 2.964495605293281260e+05
3.826696422586723934e-01 1.275254979884489615e+01 2.612116097131858987e+05
3.928392913368740635e-01 1.268883399812101231e+01 2.310575272589468223e+05
4.032612429849650182e-01 1.262622443005761319e+01 2.040791757811610878e+05
4.139065893952887931e-01 1.256834220850388562e+01 1.803436528538023413e+05
4.248239458531005153e-01 1.251352078193993300e+01 1.591898975449659047e+05
4.359462885355254169e-01 1.246473310162134140e+01 1.408971534916238452e+05
4.473122534895302427e-01 1.241556223833978123e+01 1.247186101135694480e+05
4.589368371232587784e-01 1.237129772929135285e+01 1.100750043894765840e+05
4.707737230426013442e-01 1.232699125454165312e+01 9.746617791031104571e+04
4.828401479966097365e-01 1.228671949549135434e+01 8.641227239230161649e+04
4.951757872480509470e-01 1.224741735940644816e+01 7.648634063448656525e+04
5.077350822757412674e-01 1.221133557508819401e+01 6.777166549408050196e+04
5.205357283728357931e-01 1.217750856767962020e+01 6.013036646921948704e+04
5.335751929202871002e-01 1.214502606537588747e+01 5.335641212358164921e+04
5.468512434108582232e-01 1.211282762528525936e+01 4.726593857124537317e+04
5.603644774481100210e-01 1.207996208263504023e+01 4.196576073011344852e+04
5.740805696221257248e-01 1.205678333961142634e+01 3.719745209895966400e+04
5.879732411566888084e-01 1.202945537442609769e+01 3.309405125870286429e+04
6.017393969112999619e-01 1.200527065721622932e+01 2.951096990175689643e+04
6.154869568019939452e-01 1.198153975093861767e+01 2.635108580293352861e+04
6.291584036328161655e-01 1.195722144924584995e+01 2.358071588631636769e+04
6.429664603479066098e-01 1.194130878531983697e+01 2.108317704357857656e+04
6.569496402885667274e-01 1.191225052631937587e+01 1.890062563173734816e+04
6.711077483533059995e-01 1.189188321612731869e+01 1.690635415909106450e+04
6.855986429863794029e-01 1.186969102556771283e+01 1.512220241097964572e+04
7.002987108095378721e-01 1.184837725024559241e+01 1.355704652378842911e+04
7.154243465210560204e-01 1.182729273212845911e+01 1.211387025279034606e+04
7.307635885276571042e-01 1.180906513951578418e+01 1.082903212054656979e+04
7.465611392305536720e-01 1.178891465023478347e+01 9.668689361664770331e+03
7.627799525372764844e-01 1.177057707710360468e+01 8.622727356759494796e+03
7.794184003200039790e-01 1.175197886686981086e+01 7.693961839849866010e+03
7.965174498820121185e-01 1.173413042808682683e+01 6.845731554428720301e+03
8.140873469948581853e-01 1.171862999627599322e+01 6.084905835196546832e+03
8.320595113492522676e-01 1.170277391904214070e+01 5.417788175868082362e+03
8.502163464208400967e-01 1.168712573728523552e+01 4.828215870919022564e+03
8.685701344356985265e-01 1.167362544415251158e+01 4.295755144577668943e+03
8.871319056960136340e-01 1.165805671679414601e+01 3.799144044635278988e+03
9.058961876946590719e-01 1.164590552607718266e+01 3.414371006195782229e+03
9.249199179905525092e-01 1.163122411602682327e+01 3.047229878432935493e+03
9.441807335095409037e-01 1.161864340136538054e+01 2.695917237969317739e+03
9.636794965675892222e-01 1.161137304677980708e+01 2.426968646163162703e+03
9.834554310825445178e-01 1.159559006167704887e+01 2.160797899963940836e+03
1.003502745459689649e+00 1.158382353546330812e+01 1.932020513491510201e+03
1.023812559442127235e+00 1.157178089322269798e+01 1.724334005544728598e+03
1.044391929095012550e+00 1.156108478778785020e+01 1.539398635235982510e+03
1.065254609649540551e+00 1.154984134164736354e+01 1.375112914399404417e+03
1.086389604305463052e+00 1.153957508896750461e+01 1.219589436821284608e+03
1.107792327517420405e+00 1.152911367943475618e+01 1.096167742724757773e+03
1.129489457690992404e+00 1.151797884980303266e+01 9.796717008684323673e+02
1.151397748045202230e+00 1.150853797161314596e+01 8.691919897539834210e+02
1.173586916662366919e+00 1.149729893306013295e+01 7.820173157280036094e+02
1.196017550271047059e+00 1.149114797730689119e+01 6.980199631459656757e+02
1.218768609477532516e+00 1.148017109938305680e+01 6.240719385969549649e+02
1.241672537931882925e+00 1.147078451397594634e+01 5.574307014144908408e+02
1.264715328539975259e+00 1.145941183818464459e+01 4.988212547155897596e+02
1.288030615043030291e+00 1.144842825650156826e+01 4.465422276343627459e+02
1.311555298567844918e+00 1.143971078363943050e+01 3.990732059119475821e+02
1.335228636846732542e+00 1.143167231241791093e+01 3.571559415434582547e+02
1.359077820977584450e+00 1.142021817807234463e+01 3.195599355497232068e+02
1.383061068022241713e+00 1.141360575497338381e+01 2.863613460389665875e+02
1.407183346023920034e+00 1.140104032187500138e+01 2.548126059753302854e+02
1.431386040491491318e+00 1.139047083536920901e+01 2.299743416916006993e+02
1.455756434823370027e+00 1.138104618272499735e+01 2.064149184120214500e+02
1.480060323027447611e+00 1.137283290707298100e+01 1.840180837259368047e+02
1.504501151377934942e+00 1.136203512799222892e+01 1.662226222762416796e+02
1.528964080744239062e+00 1.135179596382742950e+01 1.491752321561054657e+02
1.553351505697608825e+00 1.134145780771806500e+01 1.332891872645250544e+02
1.577776624840033559e+00 1.133171388641845923e+01 1.205797848224046618e+02
1.602154609615805692e+00 1.132084641875418107e+01 1.085773433216719326e+02
1.626521448156131866e+00 1.131029557851621981e+01 9.761189601062972088e+01
1.650699388093024966e+00 1.129887665862945845e+01 8.803686233883757950e+01
1.674828654853099508e+00 1.128735436566063477e+01 7.926547051499304075e+01
1.698803387290692024e+00 1.127508014286709148e+01 7.167440486257250143e+01
1.722629160929735281e+00 1.126311255243076204e+01 6.469697203158844445e+01
1.746316646705447617e+00 1.125043213975057022e+01 5.848386115250434614e+01
1.769773487553403468e+00 1.123813611508068888e+01 5.282880072458794274e+01
1.792958017524203918e+00 1.122524305965446167e+01 4.787936455055275076e+01
1.815942663716699323e+00 1.121096203135202884e+01 4.336487731436643855e+01
1.838653819530700728e+00 1.119719929474956288e+01 3.936748522851881660e+01
