2.191799393465098389e-01 1.550982308316407554e+01 3.683535669800713658e+06
2.258974006938460899e-01 1.526059966580695182e+01 3.205941617210489232e+06
2.328402211568688651e-01 1.501275082007029837e+01 2.754692139775337186e+06
2.400319813007280312e-01 1.478271687040243698e+01 2.373556050169346854e+06
2.474706296268791017e-01 1.458781328786671772e+01 2.055374382850052556e+06
2.551603792010012639e-01 1.439276034873928012e+01 1.769212680694020120e+06
2.631089950827121271e-01 1.420244761384105381e+01 1.528764786217497895e+06
2.713217072059391777e-01 1.403704990525111818e+01 1.322693262272234075e+06
2.798035673873809914e-01 1.387684887758524255e+01 1.142626099710143637e+06
2.885593620626090150e-01 1.372896764264555181e+01 9.891200510138067184e+05
2.975844744560957600e-01 1.359673689601606306e+01 8.583397356203156523e+05
3.068927370467312565e-01 1.346342124497439130e+01 7.390160325374758104e+05
3.164964077164663103e-01 1.334440940411225007e+01 6.389624318022375228e+05
3.263751522383515069e-01 1.323040630978291254e+01 5.538447687022241298e+05
3.365555934500440993e-01 1.312518673817813841e+01 4.786025488343775505e+05
3.470371089825035615e-01 1.302595501256346289e+01 4.098692956603407511e+05
3.578219023592463244e-01 1.293242252401322290e+01 3.589860076424109866e+05
3.689060215306816382e-01 1.284860918066717872e+01 3.106589189548706636e+05
3.802894018270867593e-01 1.276850423086241904e+01 2.693619648113434669e+05
3.919948746455318989e-01 1.269233066074303728e+01 2.317121690826324921e+05
4.040086364085620496e-01 1.262306786644018963e+01 2.001728373625412642e+05
4.163368979089246413e-01 1.255705165758212338e+01 1.749379669049649965e+05
4.289890546930278936e-01 1.249519900965093555e+01 1.523337945817560249e+05
4.419483692952780318e-01 1.243547128072483687e+01 1.321221422775705287e+05
4.552404009894121528e-01 1.238657265036027155e+01 1.136044351290017512e+05
4.688542376671404055e-01 1.233312361770724763e+01 9.959548842094762949e+04
4.827525703668127388e-01 1.228802035687939487e+01 8.646311449676235497e+04
4.969989057949233957e-01 1.224210646581907547e+01 7.518032316313764022e+04
5.115497115234304282e-01 1.220479622448749879e+01 6.548445231087404682e+04
5.264208631301632302e-01 1.216065086528089623e+01 5.701292993776729418e+04
5.416071174444097025e-01 1.212462340643033798e+01 4.955009751182272157e+04
5.571093310376693530e-01 1.209129294463875581e+01 4.316221983790472586e+04
5.728951869052092416e-01 1.205928923872360947e+01 3.759558811415662058e+04
5.888999262064745777e-01 1.202692802556028973e+01 3.284912750421273813e+04
6.046700348147566739e-01 1.199867021971638081e+01 2.877590932015873841e+04
6.203011605865070832e-01 1.197241049348691178e+01 2.532144598703478187e+04
6.359303833953963148e-01 1.194568252641015427e+01 2.228130154488518747e+04
6.516477094513193347e-01 1.192008641965065685e+01 1.967516662498615187e+04
6.675786667288893250e-01 1.189505510888253603e+01 1.736756715556160634e+04
6.837899084738953137e-01 1.186920163016696073e+01 1.521670644378197539e+04
7.003440738294731682e-01 1.184316407239251667e+01 1.349278472515507565e+04
7.172882860367486568e-01 1.181782564352375786e+01 1.190709099751227222e+04
7.346859929396764022e-01 1.179466613290554733e+01 1.046499671602527815e+04
7.525229905592035751e-01 1.177188430907520988e+01 9.201812514463077605e+03
7.709113923571981886e-01 1.175057986098685525e+01 8.080925689493060418e+03
7.898362398848343124e-01 1.172751913555783254e+01 7.089818999023997094e+03
8.093376867248467388e-01 1.170737518544994948e+01 6.214638523621354580e+03
8.294523462075930054e-01 1.168707328203567464e+01 5.441605290742316356e+03
8.501797417501997245e-01 1.166801224292800576e+01 4.755175590063292475e+03
8.716144637960514530e-01 1.165032941835080393e+01 4.149714233410961242e+03
8.935565393710179771e-01 1.163260959085377877e+01 3.622552985845467447e+03
9.162512344060698144e-01 1.161711993422868971e+01 3.157163521615148056e+03
9.396076669715964780e-01 1.160177130443254434e+01 2.755324665866154646e+03
9.636281965592403687e-01 1.158879356236795743e+01 2.393266331981428266e+03
9.883269468828727033e-01 1.157850923357344364e+01 2.083345517371037658e+03
1.013706361578890380e+00 1.156618525594432967e+01 1.810359033910684275e+03
1.039746716376544589e+00 1.155599225321548396e+01 1.573337706044096876e+03
1.066454001087215220e+00 1.154686737228504789e+01 1.364391511678445795e+03
1.093803943649421795e+00 1.154031812383917455e+01 1.185963266164349079e+03
1.121799872925385966e+00 1.153226562295153812e+01 1.030366149847637644e+03
1.150413938765742383e+00 1.152641374542639063e+01 8.943041345123407382e+02
1.179627570118784607e+00 1.152245904532637333e+01 7.714833638453679896e+02
1.209418733008377211e+00 1.151929825786925754e+01 6.704370534071038037e+02
1.239771060723769303e+00 1.151842172886730964e+01 5.815836261613000033e+02
1.270638475227736208e+00 1.151624684738186311e+01 5.084255750010097472e+02
1.302012870630265162e+00 1.151333141436521146e+01 4.419637774255815543e+02
1.333850732809443551e+00 1.151092919594647945e+01 3.840573423958799708e+02
1.366114943419311389e+00 1.151354154593667012e+01 3.340768743755474475e+02
1.398783989934329952e+00 1.151430568098762386e+01 2.907358624295835057e+02
1.431802871984785730e+00 1.151253269635581411e+01 2.529068170687593806e+02
1.465130085835451235e+00 1.151325030486386680e+01 2.206414256019013749e+02
1.498660547149056610e+00 1.151421709628843892e+01 1.925206353292778942e+02
1.531617521820643590e+00 1.151522159121018340e+01 1.686329609480212355e+02
1.563791368804321458e+00 1.151650434962583702e+01 1.481412005985283429e+02
1.595171653949270629e+00 1.151531442418378326e+01 1.306220180913321940e+02
1.625791070066096911e+00 1.151238293722217776e+01 1.154915052369705677e+02
1.655655447666666502e+00 1.151030527169135986e+01 1.025817563923617257e+02
1.684761829982820647e+00 1.150428098843603308e+01 9.096454022578353715e+01
1.713102167826927813e+00 1.149724138515946592e+01 8.139159383823880489e+01
1.740713371680564281e+00 1.148937041681162974e+01 7.268377587575376708e+01
1.767600379641515618e+00 1.148012184653395273e+01 6.509695493815918610e+01
1.793758044278545905e+00 1.146875145564069420e+01 5.843589002598604765e+01
1.819192676144231191e+00 1.145645237410732520e+01 5.246400322205875710e+01
1.843923109865799770e+00 1.144263437757849999e+01 4.726222324365703287e+01
1.867919194124407989e+00 1.142696696929480282e+01 4.262058468765469144e+01
1.891196940497261725e+00 1.141000118187581691e+01 3.835864114537447023e+01
1.913759328671441606e+00 1.139155338592068745e+01 3.482085435321124578e+01
1.935615413621582848e+00 1.137221768304313763e+01 3.155031446644645143e+01
1.956741928047809109e+00 1.135127566769240381e+01 2.862712244956917118e+01
1.977157770031789941e+00 1.132956334031723777e+01 2.603323098036995020e+01
1.996857653138055078e+00 1.130601874433927811e+01 2.368444997108574057e+01
2.015843333072270926e+00 1.128101898054745789e+01 2.159057212155726546e+01
2.034112653646437785e+00 1.125571308007844884e+01 1.970289980372394112e+01
2.051668519211923503e+00 1.122785568582747295e+01 1.800641170673658920e+01
2.068517418483179604e+00 1.119983626123470266e+01 1.648328090544256597e+01
2.084637665184873700e+00 1.117063866205852918e+01 1.509398840214595339e+01
2.100133827237999462e+00 1.114099369406233997e+01 1.384635145116192589e+01
2.114772255631561571e+00 1.110933461683815260e+01 1.272313831178733956e+01
2.128774105277583484e+00 1.107666404879023681e+01 1.170704108023780954e+01
2.142083881017026403e+00 1.104373391313765396e+01 1.078177814259902689e+01
