2.191799393465098389e-01 1.550982308316407554e+01 3.683535669800713658e+06
2.258318809301116947e-01 1.525035935081816518e+01 3.196453073219018988e+06
2.326954765067159592e-01 1.501707594821917446e+01 2.759789638733427040e+06
2.398076392618223029e-01 1.479740801337717393e+01 2.384727366049789358e+06
2.471612681942254308e-01 1.459253003021054873e+01 2.064223589960118290e+06
2.547605867355172693e-01 1.440665338684280528e+01 1.788038379840313457e+06
2.626138182887671757e-01 1.421341019202896128e+01 1.545267359901855700e+06
2.707250421633047854e-01 1.404535075815527456e+01 1.336498552641401999e+06
2.790994721516195654e-01 1.389805105827195497e+01 1.161499461264989106e+06
2.877421496916425236e-01 1.374665267454736650e+01 9.995725924580337014e+05
2.966455093306181179e-01 1.360674308258411180e+01 8.680530528983550612e+05
3.058332087692492429e-01 1.348039394654207435e+01 7.511347072006545495e+05
3.152956069023775676e-01 1.334889928704961370e+01 6.494722110993851675e+05
3.250452154340693900e-01 1.324501560607813744e+01 5.644405741402171552e+05
3.350804373762016342e-01 1.313724534211771378e+01 4.887950883620059467e+05
3.454059627107085584e-01 1.304076969080568738e+01 4.237107949744804064e+05
3.560557331233931144e-01 1.294943227964459531e+01 3.670004412007004721e+05
3.669469725570109753e-01 1.286836555020897777e+01 3.187549819379667169e+05
3.781688835859532971e-01 1.278133016847468539e+01 2.766765062207776355e+05
3.896942573617608874e-01 1.270594384251540099e+01 2.400953432782004238e+05
4.015367132694585561e-01 1.263987959093802260e+01 2.089503778607163986e+05
4.136612100139767101e-01 1.257428448154536937e+01 1.808603413839766872e+05
4.261236754367475621e-01 1.250820993673639769e+01 1.570113105512925831e+05
4.388681381357857347e-01 1.244986241802291183e+01 1.364396574036930688e+05
4.519493083828467483e-01 1.239673171478740343e+01 1.186568305062608270e+05
4.653477073559735833e-01 1.234548271046526580e+01 1.030839811677249672e+05
4.790402738021274365e-01 1.229883999637654313e+01 8.968062057137796364e+04
4.930392422987600054e-01 1.225290302287431210e+01 7.823545488096211920e+04
5.073489482265552963e-01 1.221262837708026439e+01 6.809369976087076066e+04
5.219757757382230690e-01 1.217427419447715309e+01 5.922906100441647868e+04
5.369132685394933935e-01 1.213718691650434245e+01 5.175249815768270491e+04
5.521592853351732222e-01 1.210246560907365421e+01 4.505649530474567291e+04
5.677154149511425274e-01 1.206911662116338668e+01 3.934236146654242475e+04
5.835206014670482055e-01 1.203837912028186174e+01 3.432189079951369786e+04
5.996311658135208278e-01 1.200836463748232141e+01 3.005054187599025317e+04
6.160766287380360362e-01 1.198078595340454910e+01 2.626195425573233297e+04
6.329676005249618154e-01 1.195539234631608139e+01 2.290684599598322529e+04
6.503710215060090061e-01 1.193213839844990787e+01 2.001628393819299890e+04
6.683266700796968163e-01 1.190856956290282653e+01 1.744815478141450876e+04
6.869247502873917499e-01 1.188585371986609118e+01 1.519293305295453865e+04
7.062245899960764017e-01 1.186784181980723574e+01 1.317694241216113187e+04
7.262608494516632485e-01 1.184860995267723638e+01 1.146069856231947779e+04
7.470397820347652873e-01 1.183158990393198451e+01 9.932363715364423115e+03
7.686358682557206112e-01 1.181853786946193630e+01 8.605179461876203277e+03
7.910754031151648880e-01 1.180444184928340867e+01 7.432619943606847301e+03
8.143531273766058121e-01 1.179637957156720063e+01 6.415142905068706568e+03
8.384943782276653712e-01 1.178813319557123762e+01 5.493243721681837087e+03
8.632470288166951278e-01 1.178090500871674884e+01 4.776017147552583992e+03
8.873574391868774836e-01 1.178071901791810028e+01 4.146735944617646965e+03
9.107867462813047377e-01 1.177105443341740809e+01 3.624546954173064478e+03
9.336373984991654940e-01 1.176727863691596099e+01 3.180851900618450145e+03
9.560354636488335167e-01 1.175981323925068267e+01 2.803445023847840275e+03
9.779584288329965513e-01 1.175048451162803431e+01 2.473524144688382421e+03
9.995620465184855696e-01 1.174314886670284075e+01 2.202850042120665421e+03
1.020876319201215798e+00 1.173325411624587922e+01 1.954776578433034047e+03
1.041941072365305976e+00 1.172248323178504670e+01 1.740691060824962051e+03
1.062777235126793673e+00 1.171320235024055201e+01 1.552486775782334917e+03
1.083445735828804546e+00 1.169725275444037749e+01 1.386256224794903574e+03
1.103966441474034665e+00 1.168680307196776447e+01 1.238646165164291233e+03
1.124365389648138702e+00 1.166841620838082960e+01 1.108901087579466093e+03
1.144648749836595591e+00 1.165461327673564185e+01 9.936461185989157912e+02
1.164862804257222662e+00 1.163551384199807792e+01 8.903123317579261311e+02
1.184973773339425662e+00 1.161658776078382971e+01 7.977303295262072425e+02
1.205030921991084858e+00 1.159764763673480203e+01 7.154435486807659572e+02
1.225029405315295472e+00 1.157775743956210235e+01 6.429065072853476295e+02
1.244993420687961372e+00 1.155473582819386280e+01 5.767332822461904698e+02
1.264893319278372008e+00 1.153367580326695574e+01 5.179862503627865635e+02
1.284756859908599225e+00 1.151192116581186298e+01 4.654708681556663237e+02
1.304571552434569792e+00 1.148675497002360402e+01 4.182967805141387885e+02
1.324335307230896097e+00 1.146327333905148116e+01 3.760523890851175111e+02
1.344046239576287993e+00 1.143806747245858801e+01 3.364217193487316990e+02
1.363697692924127569e+00 1.141297691310464835e+01 3.045371909982580405e+02
1.383273973289498526e+00 1.138427815616757854e+01 2.740072276466617609e+02
1.402771601829632120e+00 1.135757369949366513e+01 2.468236466022241018e+02
1.422187198504956784e+00 1.132981057295654637e+01 2.221731487401495713e+02
1.441507780780751036e+00 1.130132404969200977e+01 1.991418545021656143e+02
1.460713145438226501e+00 1.127099334504635308e+01 1.805909463206425585e+02
1.479788185236942111e+00 1.124100482656921507e+01 1.628939415882418587e+02
1.498732695080162047e+00 1.121074977620757274e+01 1.461419460178533711e+02
1.517522038589490974e+00 1.117921986676925172e+01 1.319588705524084560e+02
1.536140743128369568e+00 1.114678634496539544e+01 1.198168509543416747e+02
1.554580668294735624e+00 1.111507005138582826e+01 1.081768607115618579e+02
1.572813215957847621e+00 1.108156061244959645e+01 9.755286148097260934e+01
1.590828474419396565e+00 1.104773975776544503e+01 8.813382526100031100e+01
1.608613277001591291e+00 1.101352450529994975e+01 8.010948806638513986e+01
1.626147991488463562e+00 1.097923712025108500e+01 7.259517935710830727e+01
1.643412420785347328e+00 1.094405630435583809e+01 6.577612642977656776e+01
1.660389738366942591e+00 1.090825591386191995e+01 5.966600028603647132e+01
1.677074151584410533e+00 1.087214177850994901e+01 5.423592709840142589e+01
1.693436975495727470e+00 1.083620354560798660e+01 4.922906120710310063e+01
1.709470040381724898e+00 1.079882705484460992e+01 4.474664184973369885e+01
1.725149996080222126e+00 1.076042881576387167e+01 4.057830841885415651e+01
1.740469762428376477e+00 1.072339463781942115e+01 3.694591228988824128e+01
1.755409565730926325e+00 1.068450489526208358e+01 3.371525655665194421e+01
1.769958865265282233e+00 1.064490292005561223e+01 3.086067953205764525e+01
1.784190460447737214e+00 1.060705767034920655e+01 2.818548262114579117e+01
1.797829795376863382e+00 1.056671306907022867e+01 2.575945561786781468e+01
1.811129337678880846e+00 1.052623515675174559e+01 2.357201299502821712e+01
1.823986251469691400e+00 1.048512988251096978e+01 2.160340910914782242e+01
1.836397161790217947e+00 1.044432261205549040e+01 1.980023616397289032e+01
