2.191799393465098389e-01 1.550982308316407554e+01 3.683535669800713658e+06
2.245079600709359580e-01 1.530314214433395925e+01 3.274830015708346851e+06
2.299910445225434308e-01 1.509846782052040659e+01 2.913922175001445226e+06
2.356084367151575487e-01 1.494764564559975106e+01 2.613702998284112662e+06
2.414098358770859487e-01 1.474854882139423218e+01 2.307251800163563807e+06
2.473420814729485606e-01 1.458595622351699816e+01 2.059226937694197986e+06
2.534435100649533590e-01 1.442684020758156827e+01 1.829722877919077873e+06
2.597086597355545701e-01 1.428345547714065233e+01 1.630138621836643666e+06
2.661400390935222404e-01 1.413683968041832983e+01 1.450814346615793183e+06
2.727404524502123340e-01 1.401527580853909249e+01 1.287520464736345457e+06
2.795109328328146403e-01 1.391064025069507437e+01 1.148008290381619707e+06
2.864562474614044119e-01 1.376316081078431353e+01 1.024880134728271514e+06
2.935903688067983408e-01 1.365506374095455833e+01 9.103504078337677056e+05
3.008790316312700552e-01 1.354157553291519989e+01 8.032570681062074145e+05
3.083410476737861172e-01 1.344192254807050091e+01 7.240804598733161110e+05
3.159974299039903234e-01 1.335013327659033244e+01 6.445725147702042013e+05
3.238318700294811614e-01 1.326371337141354445e+01 5.744524616181234596e+05
3.318607120437233604e-01 1.317337344293975399e+01 5.113572349914168590e+05
3.400742278367528959e-01 1.309478920932782664e+01 4.518073299454001244e+05
3.484749683334665282e-01 1.301247964325831852e+01 4.066596828108023619e+05
3.570784481300599000e-01 1.294044142968459710e+01 3.623018037805943168e+05
3.658631179890332041e-01 1.287025003408844270e+01 3.228539687334176851e+05
3.748406311483629683e-01 1.280737739953110399e+01 2.882419165651386720e+05
3.840298475950670865e-01 1.274366468029809418e+01 2.567938847911500779e+05
3.934009647580477553e-01 1.268260749466845638e+01 2.332525305976597883e+05
4.030013617685160865e-01 1.262713660759672685e+01 2.047745125957925047e+05
4.127706200385948265e-01 1.257506573301575337e+01 1.828783110371620278e+05
4.227240544199649674e-01 1.252431617511305539e+01 1.629375375076509663e+05
4.329065294626758820e-01 1.247902362794694753e+01 1.454156852376908064e+05
4.432869711527638312e-01 1.243225644423738352e+01 1.303059646930125018e+05
4.538672100169210410e-01 1.239042152786149309e+01 1.161489771632378106e+05
4.646698245566310281e-01 1.234843236773093977e+01 1.038937997781244921e+05
4.756510835752586486e-01 1.230931607851542253e+01 9.301180939276832214e+04
4.868493196800955936e-01 1.227230497423703248e+01 8.299300465868989704e+04
4.982149866912056746e-01 1.223795408856533484e+01 7.424055402258322283e+04
5.098020345607772175e-01 1.220690396579333559e+01 6.645448437943264435e+04
5.215922361691373021e-01 1.217473051967057529e+01 5.943656050134274119e+04
5.335835227631473554e-01 1.214419392523580044e+01 5.334465234534414776e+04
5.457744491420885025e-01 1.211616868094435162e+01 4.773990446880782838e+04
5.581662816209344014e-01 1.208701736040856822e+01 4.279012335133319721e+04
5.707351168179798373e-01 1.206390249036246409e+01 3.835568357892623317e+04
5.835178911217681064e-01 1.203891377148318043e+01 3.434977214241350157e+04
5.962789671238094558e-01 1.201585193010562236e+01 3.082830043407383710e+04
6.090807626711183254e-01 1.199301367452131828e+01 2.772434083138275309e+04
6.219718057725107663e-01 1.196994533166083308e+01 2.499480264170534065e+04
6.349778426333476666e-01 1.195024084762682648e+01 2.249029442983047193e+04
6.481920257585347400e-01 1.192675055886716073e+01 2.027768330925321789e+04
6.616169047842620499e-01 1.191083910412060121e+01 1.826470206422184128e+04
6.753251528640266121e-01 1.189129058916126880e+01 1.642948163135766299e+04
6.893092329542128693e-01 1.187283739717081232e+01 1.479262270245201762e+04
7.036240591639129072e-01 1.185343123904822527e+01 1.328540981934056254e+04
7.182720134030968762e-01 1.183747151598987024e+01 1.195852931442139561e+04
7.332969517076310950e-01 1.182053343851226579e+01 1.073912679034642133e+04
7.487126884903929636e-01 1.180473260305466887e+01 9.647863578045962640e+03
7.645231476517452274e-01 1.178953667781113346e+01 8.649173912554011622e+03
7.807594750771738035e-01 1.177613472802919681e+01 7.740377567544589510e+03
7.974549423574768259e-01 1.176207406400435929e+01 6.930439634586692591e+03
8.145627697907529274e-01 1.174953967314163883e+01 6.201705839388087043e+03
8.321562134982424253e-01 1.173721630305550967e+01 5.544056018131910605e+03
8.502118282402457705e-01 1.172713073482555401e+01 4.951423427525263833e+03
8.687406963383421665e-01 1.171501930474058284e+01 4.419437529737014302e+03
8.877668783100808314e-01 1.170785768976787367e+01 3.949160594534507254e+03
9.072808710394437703e-01 1.170037647805426673e+01 3.517957459690614087e+03
9.272955016193283884e-01 1.169290154511836910e+01 3.135698529637862976e+03
9.478073914779541198e-01 1.168544619729364165e+01 2.793425304957155276e+03
9.688153484403195792e-01 1.168316327613986694e+01 2.487557627001918718e+03
9.903307672504026993e-01 1.167781950973515137e+01 2.215398365837739220e+03
1.012340286957562174e+00 1.167583084314570918e+01 1.969250438476478848e+03
1.034849262395807656e+00 1.167496359086233859e+01 1.753282367184022178e+03
1.057852304700181767e+00 1.167542460945414184e+01 1.546509412489467422e+03
1.081345893091952615e+00 1.167353346793001556e+01 1.385087680262936146e+03
1.105324455330991329e+00 1.167307554037197015e+01 1.231772267861309501e+03
1.129773887943464228e+00 1.167645084868021677e+01 1.095079303465354087e+03
1.154687920027696046e+00 1.167880278888783252e+01 9.738513929444070527e+02
1.179901733410992914e+00 1.167997693978014162e+01 8.663011202620020867e+02
1.205314021712214911e+00 1.168445340758742823e+01 7.711751317757129982e+02
1.230905522332205182e+00 1.168698824665382396e+01 6.887147457453809238e+02
1.256677430214466540e+00 1.169437386710010962e+01 6.136406633911182098e+02
1.282643370957448292e+00 1.169593138721709913e+01 5.480066410697961601e+02
1.308717083211640819e+00 1.170135576783999021e+01 4.898535718773619010e+02
1.334980288777397384e+00 1.170499516376606053e+01 4.382780201364575987e+02
1.361345362329544839e+00 1.171251785358118980e+01 3.920862358415681115e+02
1.387850232056936584e+00 1.171750653611382553e+01 3.515506146434241828e+02
1.414481491384212752e+00 1.171986359328432847e+01 3.149924009117250421e+02
1.441208108666049981e+00 1.172248101069633641e+01 2.826373338547041953e+02
1.468008150418370850e+00 1.172694002376379707e+01 2.540494977148405553e+02
1.494865300937771480e+00 1.173307505565565201e+01 2.279253521307947210e+02
1.521805329039051857e+00 1.173673213432037521e+01 2.050182224363034322e+02
1.548773695556533214e+00 1.174054524863987581e+01 1.844029636341054754e+02
1.575738735719825812e+00 1.174315179571891044e+01 1.660015334430335940e+02
1.602747350262806236e+00 1.174655105335518535e+01 1.495137990385780995e+02
1.629694275098152234e+00 1.175100815287951939e+01 1.348532406540524278e+02
1.656630808255566079e+00 1.175308925124100057e+01 1.216593173599580098e+02
1.683537854043569926e+00 1.175544270122479595e+01 1.098434941003670957e+02
1.710330004022784456e+00 1.175843068832164029e+01 9.915350378082061411e+01
1.737062762020499695e+00 1.175890700277241230e+01 8.977137607328020863e+01
1.763666149121782878e+00 1.175984596504874169e+01 8.124275771087624776e+01
1.790136189974379066e+00 1.176161485375686055e+01 7.356910249292600668e+01
1.816457826584123358e+00 1.176157780016857224e+01 6.667493845351954462e+01
1.842631878031832482e+00 1.176081516751249012e+01 6.023474962688660383e+01
