2.191799393465098389e-01 1.550982308316407554e+01 3.683535669800713658e+06
2.249366616993909995e-01 1.528542153264001691e+01 3.251338713912709616e+06
2.308480154412872742e-01 1.508704843175991606e+01 2.877698627308636438e+06
2.369527333706255845e-01 1.488393711893433391e+01 2.526387504822559189e+06
2.432454890633874989e-01 1.475196625880487744e+01 2.224295227098272648e+06
2.497070033394126476e-01 1.451852810312763253e+01 1.969133453933191486e+06
2.563609895918362858e-01 1.436360334249897974e+01 1.737044514029838843e+06
2.632070453452591829e-01 1.420175536114962789e+01 1.530078086171146948e+06
2.702468974407784552e-01 1.406270495972843193e+01 1.350696901437388733e+06
2.774857102681422272e-01 1.391560022674796571e+01 1.189595647162985057e+06
2.849259986213200646e-01 1.378991806176443191e+01 1.048539100311191287e+06
2.925750901854211050e-01 1.366703211148478303e+01 9.260799515848427545e+05
3.004142281975019091e-01 1.355154421260654196e+01 8.168536140935434960e+05
3.084676259354670047e-01 1.344535550565241344e+01 7.234655475804053713e+05
3.167331811666830865e-01 1.335160101063665294e+01 6.361465700510111637e+05
3.252049112277974885e-01 1.324749670125846990e+01 5.635713852754932595e+05
3.339068201882433584e-01 1.315010356209970688e+01 4.969949754436981748e+05
3.428269079154347976e-01 1.306877896495823954e+01 4.391132737695488613e+05
3.519506050877030390e-01 1.298335096951842083e+01 3.884819512168533402e+05
3.613103017350244861e-01 1.290224406230190546e+01 3.426898083065421670e+05
3.708952948237429492e-01 1.283315020136740969e+01 3.033756375424467842e+05
3.807293855853918219e-01 1.276389332307330449e+01 2.674605125509110512e+05
3.907537910066326003e-01 1.269844827793013664e+01 2.352250296204535116e+05
4.010325081039094464e-01 1.263783613413175999e+01 2.091880170038031647e+05
4.115320180467645916e-01 1.257917044358393177e+01 1.853784288072108175e+05
4.222644939670534003e-01 1.253058712040689926e+01 1.637820308452367608e+05
4.332414380695911449e-01 1.247656304620197254e+01 1.450112752918125771e+05
4.444665895719460691e-01 1.242604355731490884e+01 1.285113558642143180e+05
4.558908948332412447e-01 1.238287841420561719e+01 1.136774977993810899e+05
4.675814093860978238e-01 1.233818789918544923e+01 1.010054682230293693e+05
4.794913912049839078e-01 1.229630339759248514e+01 8.949520439639039978e+04
4.916310267598374972e-01 1.225773924411214999e+01 7.917955022130561701e+04
5.040006819080529166e-01 1.222210781442338323e+01 7.031842742032997194e+04
5.166123252135665922e-01 1.218582797571060716e+01 6.244999990415073262e+04
5.294589048391706854e-01 1.215555481052444087e+01 5.535926232308361068e+04
5.425377274630992508e-01 1.212403975343783102e+01 4.906884804262141552e+04
5.558491126284608175e-01 1.209324133789291267e+01 4.363701414514606586e+04
5.693950148463139405e-01 1.206537953926287621e+01 3.877294467923366756e+04
5.831117185509435696e-01 1.203930990278056079e+01 3.419543884576908749e+04
5.969365263246648734e-01 1.201351476545498720e+01 3.071626736322313809e+04
6.108733370458795386e-01 1.199002523413211385e+01 2.733087089164251665e+04
6.248918807148551302e-01 1.196845216423916369e+01 2.439018039817795216e+04
6.391805727131374404e-01 1.194377598670859264e+01 2.179935727799153392e+04
6.536868280653322927e-01 1.192383564273886520e+01 1.944057875880831489e+04
6.685358190371941678e-01 1.190149638950414257e+01 1.733900545427986435e+04
6.837488611739316324e-01 1.187879762886187507e+01 1.549548746244487847e+04
6.993846452510709133e-01 1.186009951196173340e+01 1.377766824984705454e+04
7.153938984193660700e-01 1.184548093684418646e+01 1.225537469800342660e+04
7.318623577829129756e-01 1.182814851791141209e+01 1.089465226340493427e+04
7.488237573288045734e-01 1.181354960846575608e+01 9.668620793100521041e+03
7.662775404758366271e-01 1.179582683352851546e+01 8.586612780971452594e+03
7.842596508964500002e-01 1.178218280327433654e+01 7.610760565684551693e+03
8.027828850944861427e-01 1.176949483467416790e+01 6.740984169540989569e+03
8.218474251824913202e-01 1.175755853065428091e+01 5.966161480385033428e+03
8.414981839004205266e-01 1.174576758137413890e+01 5.236768557172857982e+03
8.617126888399732065e-01 1.173580043005920004e+01 4.625620338612972773e+03
8.825197066047658634e-01 1.172686746394563961e+01 4.118348130734095321e+03
9.039192832797677823e-01 1.172004197267221315e+01 3.635901451892107616e+03
9.259225958551958735e-01 1.171234830023852957e+01 3.206051108202821069e+03
9.485350377981290881e-01 1.170765474804884931e+01 2.828730821963803464e+03
9.717537279023171770e-01 1.170334017978892405e+01 2.489720082239180556e+03
9.955771238055369787e-01 1.170875674496338092e+01 2.190589466548910877e+03
1.020014721924118239e+00 1.170212662753628052e+01 1.931140416033493921e+03
1.045046665019344179e+00 1.170290494073166698e+01 1.684557601351210224e+03
1.070674628580777998e+00 1.170355794555069728e+01 1.482394013597724552e+03
1.096898563743611055e+00 1.170643877954068657e+01 1.313351325279473713e+03
1.123699454575234125e+00 1.171217886458262925e+01 1.154873127863663740e+03
1.151066167229550574e+00 1.171301946206849998e+01 1.016226839276824421e+03
1.178994185667275651e+00 1.171891228859078460e+01 8.943428328252970232e+02
1.207462339992343203e+00 1.172511836072621350e+01 7.871808329883533588e+02
1.236455161902689337e+00 1.173266452582103092e+01 6.919131942207635575e+02
1.265794204784660204e+00 1.174071237317437877e+01 6.100471931560507528e+02
1.295073039261020131e+00 1.175072446450625741e+01 5.379382751330053907e+02
1.324268729726915117e+00 1.175555776641075134e+01 4.763286425030524356e+02
1.353399945227111933e+00 1.176253163126324530e+01 4.216675620628620891e+02
1.382397903602312850e+00 1.177158049622813429e+01 3.744722127582983831e+02
1.411339496822137107e+00 1.177909420706236610e+01 3.332486509133803452e+02
1.440165171538778877e+00 1.178803468756644435e+01 2.965670774311630566e+02
1.468888563136115710e+00 1.179087020425304289e+01 2.644740864812330869e+02
1.497516723637222213e+00 1.179739720045810536e+01 2.360777497701519110e+02
1.525986862885141404e+00 1.180245384029305455e+01 2.109296856598821819e+02
1.554331510997939203e+00 1.180652384333464155e+01 1.888643846437569493e+02
1.582536618864208711e+00 1.180952986216997225e+01 1.693165572708864772e+02
1.610582007786076852e+00 1.181304646999942420e+01 1.519964545366634354e+02
1.638441864413982429e+00 1.181525391134644387e+01 1.364472890854546279e+02
1.666140063154238238e+00 1.181789037144707777e+01 1.226172244779092040e+02
1.693619041117629287e+00 1.181756248705426771e+01 1.097542463715898151e+02
1.720883485931513412e+00 1.181787267914020134e+01 9.942626063040606255e+01
1.747923142438521982e+00 1.181718925800329956e+01 8.960406294112219427e+01
1.774712260417069976e+00 1.181582193762513100e+01 8.091387265173935361e+01
1.801237332312642270e+00 1.181366881079393139e+01 7.315942837549862077e+01
1.827482676336288581e+00 1.181040947809990449e+01 6.575391816551795898e+01
1.853428092622946277e+00 1.180662960087211033e+01 5.985195930484406546e+01
1.879066775084981433e+00 1.180174853728112971e+01 5.420559985861225272e+01
1.904380224914211217e+00 1.179620030825697974e+01 4.904168890149806970e+01
1.929341240469870211e+00 1.179009380553888775e+01 4.463934292015429861e+01
1.953941815609090860e+00 1.178272114314920493e+01 4.053751939761345824e+01
1.978165035915388614e+00 1.177455951465119810e+01 3.685801861179979966e+01
2.001995094970930200e+00 1.176623443704647087e+01 3.355547378526028979e+01
2.025435408864095344e+00 1.175666602575007857e+01 3.057740220660029351e+01
