2.191799393465098389e-01 1.550982308316407554e+01 3.683535669800713658e+06
2.246397151202642328e-01 1.529373465030919554e+01 3.271361954256793484e+06
2.302258924348727087e-01 1.510710030234385748e+01 2.909444600779352244e+06
2.359896291825205883e-01 1.491014130148547068e+01 2.576027113741516136e+06
2.419220814353626459e-01 1.473459927905477507e+01 2.290625124998791143e+06
2.480014674128267760e-01 1.455931371884971881e+01 2.027417482012071880e+06
2.542565694584317804e-01 1.441167131242017874e+01 1.799452615498746512e+06
2.606834468340827327e-01 1.426017541675605926e+01 1.604129290119914571e+06
2.672839665610087789e-01 1.411639230432782455e+01 1.418865058977292618e+06
2.740606306725218433e-01 1.398190238263366325e+01 1.264530037114198785e+06
2.810171143357201862e-01 1.385228912928877421e+01 1.120597602786370786e+06
2.881544826099712853e-01 1.373625832279531522e+01 9.963749225762258284e+05
2.954669301803986015e-01 1.362603877930106577e+01 8.835911653074707137e+05
3.029711778741109862e-01 1.351360611821438873e+01 7.859651031140960986e+05
3.106735181662772516e-01 1.341029643531476445e+01 6.973904681055917172e+05
3.185540101297413829e-01 1.332090530135390516e+01 6.212541498680874938e+05
3.266258666839733094e-01 1.322845657580463019e+01 5.512613651596944546e+05
3.349054780325556036e-01 1.314013201645419748e+01 4.904869160745773115e+05
3.433644856801558176e-01 1.305822223233900559e+01 4.355646526119303307e+05
3.520322086488822944e-01 1.298433037151682434e+01 3.876108973723967210e+05
3.609018958806538002e-01 1.291149122067499810e+01 3.449557222000344191e+05
3.699647240236019763e-01 1.284139885814301429e+01 3.062181951589035452e+05
3.792483751156918159e-01 1.277566866037352078e+01 2.727711283103514579e+05
3.887205502280009495e-01 1.271286620011729163e+01 2.427648403677371098e+05
3.984077016599869014e-01 1.265642537905071663e+01 2.161313645287243999e+05
4.083069808089112018e-01 1.260289679644104766e+01 1.921512340358689835e+05
4.184031550377855790e-01 1.254508564246026481e+01 1.712649009659860458e+05
4.287277618300832649e-01 1.249847784179629784e+01 1.507982539271675341e+05
4.392400528174051355e-01 1.244793091057189827e+01 1.358672685333613772e+05
4.499970035748198649e-01 1.240407298208637599e+01 1.211784287478815240e+05
4.609509762987727965e-01 1.235659682202784104e+01 1.079347261947187071e+05
4.721020894015547920e-01 1.232248038159438153e+01 9.521033133339251799e+04
4.834502162973843276e-01 1.228609649889820865e+01 8.589372651672917709e+04
4.950382270619647085e-01 1.224398661620786655e+01 7.664885150943264307e+04
5.068213644810338758e-01 1.220928271238619445e+01 6.838422767560792272e+04
5.188193882553968628e-01 1.218254580530747688e+01 6.104108778068034007e+04
5.310277732947911167e-01 1.214917636592463346e+01 5.455312130009213433e+04
5.434451725855098392e-01 1.212035989038689365e+01 4.874623392670053727e+04
5.560711030177698522e-01 1.209259115029624532e+01 4.354977028049244109e+04
5.689073470909733476e-01 1.206796350901592874e+01 3.894229744364837825e+04
5.818963372549639246e-01 1.204046509487343641e+01 3.486047959723562963e+04
5.949790404374812880e-01 1.201782453207933621e+01 3.119542368019818969e+04
6.079867509091108069e-01 1.199408072027757122e+01 2.797300645370698476e+04
6.211093217903469466e-01 1.197317028147208973e+01 2.515124067542048579e+04
6.342964034293546716e-01 1.195063897096197891e+01 2.261673099614006424e+04
6.476699652094969339e-01 1.192700086828670614e+01 2.038268961890255741e+04
6.612725633483053089e-01 1.191013623261979859e+01 1.831097765845700997e+04
6.751435273668514592e-01 1.188904439949408776e+01 1.645985807003495574e+04
6.893409445266289737e-01 1.187132226600517981e+01 1.463710122770015187e+04
7.037953900077665859e-01 1.185161613852183393e+01 1.319994077550451402e+04
7.185735320265120851e-01 1.183516403610592782e+01 1.191305952787847855e+04
7.337578142426631755e-01 1.181606712179382157e+01 1.069069042032217476e+04
7.493388815557102678e-01 1.180061273686881762e+01 9.572551611425429655e+03
7.653544087523008743e-01 1.178418974348935322e+01 8.566484227409904634e+03
7.817408814291678665e-01 1.176976123417067477e+01 7.600914457118562495e+03
7.986008641404264141e-01 1.175504186674784712e+01 6.848978048806951847e+03
8.159291201883605016e-01 1.174080311675650101e+01 6.119206885931079341e+03
8.337063838656382231e-01 1.172871296937829122e+01 5.465294924159439688e+03
8.519770242323647658e-01 1.171764467230205220e+01 4.871205712845788184e+03
8.707389950987631799e-01 1.170492977961029268e+01 4.336860821337695597e+03
8.899966422830466461e-01 1.169513595583683774e+01 3.869853268532850961e+03
9.097587363827335238e-01 1.168918415303312663e+01 3.441672308705172327e+03
9.300464236556554853e-01 1.168256081771804489e+01 3.061872653431854815e+03
9.507903007598957901e-01 1.167470028374979840e+01 2.722629011271287709e+03
9.720800877822871611e-01 1.166722666983720025e+01 2.420836974020498019e+03
9.938750585951489080e-01 1.166450047272046753e+01 2.149917037377074848e+03
1.016177157591029889e+00 1.166397067216651351e+01 1.911934621363038332e+03
1.038988855516414622e+00 1.165667015018993347e+01 1.697583825778294113e+03
1.062307143229366702e+00 1.165841669543623205e+01 1.505673041257131899e+03
1.086119019920535056e+00 1.165429753478979613e+01 1.336846420709518270e+03
1.110423733263110613e+00 1.165731855345324242e+01 1.186238131983068797e+03
1.135206555516113935e+00 1.165532242731125656e+01 1.052923804467609898e+03
1.160464343698434764e+00 1.165831592144431283e+01 9.343203246961079458e+02
1.186181596473793398e+00 1.165939908054517460e+01 8.294546147202092925e+02
1.212350708462560656e+00 1.166363304326504569e+01 7.308785659631124645e+02
1.238946261873571819e+00 1.167006914309635590e+01 6.532746416829724012e+02
1.265967490371963988e+00 1.167355036907283683e+01 5.763512261668784049e+02
1.293380341040327064e+00 1.167845759000280914e+01 5.148263840787718664e+02
1.321192997513853662e+00 1.168133508254679853e+01 4.577771964798909039e+02
1.349365639651973314e+00 1.168627412567714252e+01 4.066525661402540095e+02
1.377882259306934420e+00 1.169546210860815805e+01 3.617317805050479365e+02
1.406725288858306833e+00 1.170029451438247037e+01 3.196713537849696536e+02
1.435868722850954349e+00 1.170816026372112262e+01 2.861000218535398858e+02
1.465286557004440882e+00 1.171568647777178640e+01 2.545399516494270813e+02
1.494961269227209177e+00 1.172359741845550829e+01 2.272719801184001653e+02
1.524860914561786407e+00 1.173087944011072459e+01 2.023551901717517865e+02
1.554747990462869378e+00 1.174028840349535407e+01 1.805437828556281374e+02
1.584515037267715032e+00 1.174757335620243559e+01 1.614040624187573201e+02
1.614115517316130344e+00 1.175731369190079612e+01 1.444592444496017833e+02
1.643588795313171147e+00 1.176217084865289841e+01 1.295499497055332370e+02
1.672850939501203893e+00 1.177027988590213603e+01 1.162488358069539771e+02
1.701933822374351868e+00 1.177543207516580992e+01 1.044486439346191560e+02
1.730786476680063135e+00 1.178083124989703911e+01 9.402683766136195231e+01
1.759425422120118876e+00 1.178639271176740522e+01 8.472515263509347960e+01
1.787836431639786783e+00 1.179065378291053534e+01 7.644718685761793608e+01
1.815970601963732056e+00 1.179632333457581694e+01 6.900409619452825893e+01
1.843822702929134749e+00 1.179790161494571876e+01 6.236144903783511495e+01
1.871389528540529534e+00 1.180022500458629864e+01 5.648317533543427515e+01
1.898656510643930373e+00 1.180242388201231840e+01 5.116874519992658321e+01
1.925600670579073137e+00 1.180381698398774759e+01 4.638288928807671141e+01
