2.191799393465098389e-01 1.550982308316407554e+01 3.683535669800713658e+06
2.251433994177537423e-01 1.528792626587149073e+01 3.241767790542196948e+06
2.313011483199234886e-01 1.505150454164127360e+01 2.832750692745279055e+06
2.376529556581419844e-01 1.487843000829231066e+01 2.509833521772278473e+06
2.442038490678095364e-01 1.466370762483035861e+01 2.187769805575192906e+06
2.509438800015515447e-01 1.449278511853049345e+01 1.915779663830983685e+06
2.578899040109980390e-01 1.431748602168213580e+01 1.681299325514187571e+06
2.650409240676550593e-01 1.415635772957499938e+01 1.479347781049594982e+06
2.724045647772235790e-01 1.401795879032906278e+01 1.297754020097959554e+06
2.799813104625423210e-01 1.387664361120739542e+01 1.141906929973687278e+06
2.877764205365734296e-01 1.374397493796010927e+01 9.988126119868104579e+05
2.958003234114274238e-01 1.361151929661585669e+01 8.807947991961165098e+05
3.040148577341764691e-01 1.350452799161648265e+01 7.721532336854863679e+05
3.124767845656672982e-01 1.339199791239111548e+01 6.720172785814427771e+05
3.211723319593112747e-01 1.329273602724023640e+01 5.974911212932623457e+05
3.300890468290812452e-01 1.318866436346071147e+01 5.239869832915425650e+05
3.392384763778680257e-01 1.309746172130427944e+01 4.611850779631116893e+05
3.486314325700854977e-01 1.301424149959366794e+01 4.053458549020001665e+05
3.582682542070366738e-01 1.293290054819201806e+01 3.562381082006599754e+05
3.681544019694055758e-01 1.285585674931899014e+01 3.106367736294413917e+05
3.782566332464448733e-01 1.278051885784267583e+01 2.761497108647051500e+05
3.886234434327521248e-01 1.271222557646077966e+01 2.434179586560006428e+05
3.992493775463061834e-01 1.264869201823439049e+01 2.139920538516528904e+05
4.101136756629514268e-01 1.258932746606621045e+01 1.881861390451591578e+05
4.212149191703022377e-01 1.253719562023156797e+01 1.660594698701269226e+05
4.325793198394235484e-01 1.247969023801929289e+01 1.465810507887139102e+05
4.442165043922684520e-01 1.242829020772243709e+01 1.287141646248087636e+05
4.560709387918952529e-01 1.237966469204145881e+01 1.137382505961858405e+05
4.682081167365843011e-01 1.233606216851644177e+01 1.001995225198377448e+05
4.805625956746313321e-01 1.229227042602777153e+01 8.858065668867026397e+04
4.932049080907440208e-01 1.225288052917554715e+01 7.799654343964511645e+04
5.060780735082701653e-01 1.221578998792564974e+01 6.884752029165466956e+04
5.192187840347542993e-01 1.218208563115787335e+01 6.023392534299426916e+04
5.325925253166213791e-01 1.214729841994380521e+01 5.371408225850603048e+04
5.462262224257627974e-01 1.211354938585573038e+01 4.754731835141537886e+04
5.601109594688831184e-01 1.208563525639845615e+01 4.203348673592052364e+04
5.742107948426125041e-01 1.205544938672865563e+01 3.717672482586344267e+04
5.885080329834141422e-01 1.202940471762447849e+01 3.294955373322956439e+04
6.027399616569585339e-01 1.200454370737268306e+01 2.893266504410650305e+04
6.169542552868324536e-01 1.197948559705054272e+01 2.603816281083490321e+04
6.312440823668061807e-01 1.195610116970528303e+01 2.315467733478722585e+04
6.457041850488762780e-01 1.192912169844934134e+01 2.065571468452460249e+04
6.603790683109810322e-01 1.190909334107818296e+01 1.841170049817666586e+04
6.753323892947679097e-01 1.188892305253549964e+01 1.640517287302510886e+04
6.906122565601803265e-01 1.186659946127610787e+01 1.461313471069957995e+04
7.063018130651339543e-01 1.184639792067069486e+01 1.298363280553360710e+04
7.222883590212220151e-01 1.182471121980667306e+01 1.156468304127155716e+04
7.387583791507260633e-01 1.180593756452044651e+01 1.027237632095563640e+04
7.556965239756070485e-01 1.178912856548778798e+01 9.122175232665973454e+03
7.730770198731441445e-01 1.176952193088687437e+01 8.102246556906875412e+03
7.909729530924649588e-01 1.175612105630997029e+01 7.160380047440913586e+03
8.093947735036127744e-01 1.173726453747491583e+01 6.289773092511369214e+03
8.283511983484690422e-01 1.172255308655404349e+01 5.615691191454480759e+03
8.478636685088949410e-01 1.170789650235769663e+01 4.915323073211452538e+03
8.679350050924227178e-01 1.169399615549464500e+01 4.374438283827465057e+03
8.885765304847672574e-01 1.168445597816296022e+01 3.828277133294484429e+03
9.098103199495261029e-01 1.167339308191033886e+01 3.375571397590630568e+03
9.316178212447419060e-01 1.166153451327545554e+01 2.999495935262386865e+03
9.540317162882774316e-01 1.165322665880883157e+01 2.643307110819910577e+03
9.770294357718829481e-01 1.164794509589236426e+01 2.306209337325621618e+03
1.000612850002257748e+00 1.164101522926369903e+01 2.043855865981566694e+03
1.024793754682916669e+00 1.163659778986316695e+01 1.798220752658115771e+03
1.049564942243679688e+00 1.163540517385106554e+01 1.567611130220641371e+03
1.074913189315954920e+00 1.162910352854912155e+01 1.388388360435905270e+03
1.100828287667451555e+00 1.162803458807284684e+01 1.219805982657723462e+03
1.127311674825921539e+00 1.162645873862659229e+01 1.071215711050751679e+03
1.154344943563181847e+00 1.162590477839979997e+01 9.423547444425253161e+02
1.181905740212581657e+00 1.162825239857609105e+01 8.271392235096049035e+02
1.209993994276985507e+00 1.162796366446869456e+01 7.270033378148481233e+02
1.238580874156495204e+00 1.163110363437615646e+01 6.376505787542498638e+02
1.267646608906880523e+00 1.163508796850683780e+01 5.614462180282793042e+02
1.297171135494247673e+00 1.163807154059787941e+01 4.934634615662728265e+02
1.327133964692646551e+00 1.164550009578801770e+01 4.337506640569594083e+02
1.357500664298288084e+00 1.164604802182006082e+01 3.819130849325434838e+02
1.388258676100778466e+00 1.165352519169711520e+01 3.363142527227632286e+02
1.419376681615360791e+00 1.165998555166610018e+01 2.960386554428986301e+02
1.450828057467317134e+00 1.166524107690562140e+01 2.610166802040433254e+02
1.482572087746122591e+00 1.167194462794835808e+01 2.287880962662071909e+02
1.514307375700836289e+00 1.168110087789252027e+01 2.032128698961993507e+02
1.545686037483902542e+00 1.168515605369937305e+01 1.797976306889997034e+02
1.576692553046629364e+00 1.169334018143587706e+01 1.597363297337679739e+02
1.607322309100898794e+00 1.169617683341085446e+01 1.422501443421322733e+02
1.637549732039069061e+00 1.170028290268247773e+01 1.267216961227326806e+02
1.667403757415662380e+00 1.170514511287733583e+01 1.126076141075025845e+02
1.696829197390222532e+00 1.170705668954731848e+01 1.012164156008818452e+02
1.725841757478402849e+00 1.170752735937145061e+01 9.062880214844143723e+01
1.754437228533944682e+00 1.170841066784813300e+01 8.139874749465548120e+01
1.782587931341506504e+00 1.170845239500881796e+01 7.313635619169497204e+01
1.810302006130285468e+00 1.170665885620075919e+01 6.590867623503307016e+01
1.837564881305172371e+00 1.170803483451553184e+01 5.907006681380462965e+01
1.864353251893082319e+00 1.170090601083145643e+01 5.357353674104512464e+01
1.890677749979882583e+00 1.169657898371529292e+01 4.845656880187490856e+01
1.916521287970071041e+00 1.169063478959547631e+01 4.378780257297783862e+01
1.941867329774790818e+00 1.168428284416221175e+01 3.955230195197646736e+01
1.966694591697362160e+00 1.167658980803262203e+01 3.599722408769938653e+01
1.991017295385136832e+00 1.166754420235559664e+01 3.271743387475224552e+01
2.014813264298640050e+00 1.165813126607872796e+01 2.972906301846286325e+01
2.038064660887447754e+00 1.164762614254144957e+01 2.707671877828509821e+01
2.060779835886356715e+00 1.163596271516252578e+01 2.467255064370740314e+01
2.082941315652572456e+00 1.162314253322287705e+01 2.252385814046509438e+01
