2.191799393465098389e-01 1.550982308316407554e+01 3.683535669800713658e+06
2.242172957857807847e-01 1.532092157314202829e+01 3.308623462390178349e+06
2.293888919689952288e-01 1.512606335966892424e+01 2.949622790281389840e+06
2.347012617653008726e-01 1.494840088054488092e+01 2.646145404332851525e+06
2.401571223717912096e-01 1.478777743909549258e+01 2.377464381126436871e+06
2.457474174702856951e-01 1.462889379181018334e+01 2.117043429914404638e+06
2.514785167399442578e-01 1.447242557664365670e+01 1.899356470290543744e+06
2.573572262064749983e-01 1.433543843813377272e+01 1.703600334217929747e+06
2.633831408445025390e-01 1.419867273325760415e+01 1.525077252340549836e+06
2.695596811430366890e-01 1.407108298950583247e+01 1.363122935061785392e+06
2.758961025657525878e-01 1.394637429227287306e+01 1.213451196202015970e+06
2.823711443416643263e-01 1.383654283124639939e+01 1.097192311878202716e+06
2.890113722638615323e-01 1.372492914673999387e+01 9.827803690505013801e+05
2.958235255804332886e-01 1.361687117253745960e+01 8.806297659901402658e+05
3.027647808142625019e-01 1.351820751463699644e+01 7.884997720387130976e+05
3.098828042588000486e-01 1.342377092819324957e+01 7.062973778524731752e+05
3.171590667758459325e-01 1.332842938243662623e+01 6.336745259868078865e+05
3.246011929962398512e-01 1.325421687284356409e+01 5.675693022605489241e+05
3.322079190332800636e-01 1.317433317807619808e+01 5.089657861701251240e+05
3.399853077192503958e-01 1.309200035073798141e+01 4.566458721686413046e+05
3.479345764338405700e-01 1.301993184544970283e+01 4.090961849320020410e+05
3.560844374064289219e-01 1.294964058774245430e+01 3.666141678249040851e+05
3.643714294355298589e-01 1.288546565320582005e+01 3.295331311874627718e+05
3.728073616876048657e-01 1.282160544481708442e+01 2.936201352104200632e+05
3.814825812423388030e-01 1.276139746611894488e+01 2.651707688167721499e+05
3.902867401811667691e-01 1.270260825950555983e+01 2.379145133566801960e+05
3.992908410402634112e-01 1.265110436201059230e+01 2.135509431034414447e+05
4.084702755149732245e-01 1.260002364875530212e+01 1.919503487650530587e+05
4.178224188085898350e-01 1.254810144916542747e+01 1.725397510000468465e+05
4.273661571488501787e-01 1.250254682112213089e+01 1.550290448676798842e+05
4.370805238924265201e-01 1.245685685142989207e+01 1.393197279576100118e+05
4.469892671189640843e-01 1.241641317558725532e+01 1.253010706570154871e+05
4.570647998266694212e-01 1.238015237293871351e+01 1.122276536886953108e+05
4.673399293184242742e-01 1.234043799009279674e+01 1.010292756023647089e+05
4.777809707543911322e-01 1.230240581287942092e+01 9.097629342600979726e+04
4.884088307537038376e-01 1.227029339017624565e+01 8.175470581307730754e+04
4.991962932441040834e-01 1.223713758747422986e+01 7.360551483113403083e+04
5.101786180036343987e-01 1.220418324413765809e+01 6.622765540217622765e+04
5.213422632883215613e-01 1.217401692087444687e+01 5.959109350429623737e+04
5.326868429207757272e-01 1.214538177197813162e+01 5.372166917393392214e+04
5.442108335531831154e-01 1.212026200113188601e+01 4.843705358776613866e+04
5.559137284127672052e-01 1.209493461451983087e+01 4.356175524372873770e+04
5.677980317820039424e-01 1.207188807207447923e+01 3.925250660880412761e+04
5.798113629292679372e-01 1.204488010092372896e+01 3.546517526040717348e+04
5.919948536111064863e-01 1.202233234228260805e+01 3.199678328651850825e+04
6.042544928928086367e-01 1.200191108127515527e+01 2.894882350538092942e+04
6.166819216958104866e-01 1.198205581967156341e+01 2.610230377201518786e+04
6.293211741305174689e-01 1.196076142212974780e+01 2.358227503327718296e+04
6.421873313257990823e-01 1.194319293143226268e+01 2.128056594837511147e+04
6.553141232644553726e-01 1.192331246049377924e+01 1.924226372485473985e+04
6.687268148299495563e-01 1.190589494350640898e+01 1.734584862723843980e+04
6.825109406968250525e-01 1.188784278333016076e+01 1.563120374334329608e+04
6.965953964687986444e-01 1.187272674387741489e+01 1.410515858557730644e+04
7.110549228621481088e-01 1.185731653805247099e+01 1.269741963698332802e+04
7.259063763982231965e-01 1.184278029247369446e+01 1.142643604254640195e+04
7.411424289255933440e-01 1.182874294864484455e+01 1.026830214517280183e+04
7.568093842914617175e-01 1.181628732615657817e+01 9.230987116015699939e+03
7.729172209572142682e-01 1.180396046684085221e+01 8.291427452604526479e+03
7.894702973617470088e-01 1.179410366041752134e+01 7.431899146478555849e+03
8.064767636835251663e-01 1.178276617846759144e+01 6.670673105088686498e+03
8.239557315365256818e-01 1.177252603918826601e+01 5.971462317968220304e+03
8.419152686804706187e-01 1.176791462032468694e+01 5.346733054432927020e+03
8.603566045456113587e-01 1.176080525434068136e+01 4.784226388908238732e+03
8.792812690597610059e-01 1.175319814864548107e+01 4.281792924520835186e+03
8.987023795216889654e-01 1.175098673874767385e+01 3.792831636875805088e+03
9.186193562638940158e-01 1.174752229079754606e+01 3.415398428108338976e+03
9.390460689672966987e-01 1.174578234202311933e+01 3.048804239530473751e+03
9.599757412638522114e-01 1.174475075009871183e+01 2.722083301449056307e+03
9.814052346290947915e-01 1.174365840395404526e+01 2.429486097190702367e+03
1.003338731175784870e+00 1.174546864189590423e+01 2.165788821905839541e+03
1.025776550530758779e+00 1.174745460566892064e+01 1.932341458158400656e+03
1.048705818366291398e+00 1.175345093669103669e+01 1.722569871795005383e+03
1.072134990199808291e+00 1.175424935209912114e+01 1.536077480404931748e+03
1.096061262142384196e+00 1.175904094563838420e+01 1.368403055486017365e+03
1.120464738766338675e+00 1.176564875379485642e+01 1.211277884811625881e+03
1.145333685244261712e+00 1.177145734331468496e+01 1.088390964031623298e+03
1.170690717655538338e+00 1.177895778927059212e+01 9.702014382041759291e+02
1.196494138416721809e+00 1.178782585360877100e+01 8.646325452865232819e+02
1.222742254904233494e+00 1.179702945745770748e+01 7.704042841953026937e+02
1.249383053561041956e+00 1.180651065984721981e+01 6.874361151024414767e+02
1.276216798314677492e+00 1.181716073124218447e+01 6.142097927107712394e+02
1.303224085856246939e+00 1.182703299286774623e+01 5.490798351612120314e+02
1.330373536684733793e+00 1.183830191703591694e+01 4.876914317670272112e+02
1.357681537353392143e+00 1.184931536875242486e+01 4.397758139597067384e+02
1.385123461087867991e+00 1.186335938076611995e+01 3.939268377123223104e+02
1.412690404787568577e+00 1.187051399688838593e+01 3.535060079557367771e+02
1.440370698158211393e+00 1.188230518193905461e+01 3.177277274153055941e+02
1.468167935446996308e+00 1.189342329028802325e+01 2.852801125757442833e+02
1.496045895325428976e+00 1.190482078637507257e+01 2.565836786843489108e+02
1.523995095947844103e+00 1.191639254000003234e+01 2.297771138799397477e+02
1.551975983778967727e+00 1.192822117182360664e+01 2.082873099108101371e+02
1.580045668275206427e+00 1.193891205620144902e+01 1.875471887480848068e+02
1.608140812333024083e+00 1.194705712447787960e+01 1.691239632067045875e+02
1.636222200934521087e+00 1.195595818288370538e+01 1.527591601346490506e+02
1.664310762278584210e+00 1.196561674213446658e+01 1.380035236455431402e+02
1.692385737494361830e+00 1.197545114870666438e+01 1.247225806914391626e+02
1.720420653214098428e+00 1.198358608017193738e+01 1.129158537519720369e+02
1.748405001948483584e+00 1.199401956157672977e+01 1.022297504544740718e+02
1.776311843191484607e+00 1.200092805043347433e+01 9.259854682503737422e+01
1.804114550099032765e+00 1.200815310254830059e+01 8.362975728054136937e+01
