2.191799393465098389e-01 1.550982308316407554e+01 3.683535669800713658e+06
2.268985199398517727e-01 1.521897118593208376e+01 3.111491160445795860e+06
2.349371081535184813e-01 1.495659202839840063e+01 2.619640682231471874e+06
2.432911808338274751e-01 1.469272948604491269e+01 2.222597128555637784e+06
2.519668372199391770e-01 1.448369709393006133e+01 1.897444483960977523e+06
2.609856703125527644e-01 1.425074769653882001e+01 1.589282022203397239e+06
2.703584348544140759e-01 1.405222048958603942e+01 1.333931992993809981e+06
2.800670468309650052e-01 1.387328465691905066e+01 1.137720920920531498e+06
2.901458526176804997e-01 1.370943700912896013e+01 9.626506541180834174e+05
3.005861014961493938e-01 1.354799413798298602e+01 8.143118746764224488e+05
3.114096937169034685e-01 1.340165726773749810e+01 6.903300536197022302e+05
3.225784384062582721e-01 1.327455028013789828e+01 5.839887129610889824e+05
3.341611466200494762e-01 1.314855508722468436e+01 4.950340955905150622e+05
3.461193111453277349e-01 1.303505667261325485e+01 4.204595417103462387e+05
3.584857475036257735e-01 1.293276540328665192e+01 3.556531604147580219e+05
3.712441101320826387e-01 1.283129251659654457e+01 3.012661865629371023e+05
3.844222779972375492e-01 1.273951926169361748e+01 2.559415886072110443e+05
3.980024000249786642e-01 1.265962670092690701e+01 2.175577828528046084e+05
4.119871943549133220e-01 1.257951079546315043e+01 1.827221962024049135e+05
4.264060738049815225e-01 1.250707785570532415e+01 1.566786000968886656e+05
4.412189765423654153e-01 1.243954714611201240e+01 1.330346905840797408e+05
4.564730146582806625e-01 1.237883782293363133e+01 1.130862279059099819e+05
4.721497745675772295e-01 1.232280494990921049e+01 9.618491641492753115e+04
4.882376544592121337e-01 1.227006241603954351e+01 8.187794832150923321e+04
5.047207172898205974e-01 1.222088730210537655e+01 6.909071197655283322e+04
5.216355405879583573e-01 1.217248866188661083e+01 5.935410435636014154e+04
5.389687742512060398e-01 1.213221172379505219e+01 5.082040645192321972e+04
5.567181718625831000e-01 1.209303957943389030e+01 4.330861772409905097e+04
5.748459617856065407e-01 1.205683675206083372e+01 3.698259094522895612e+04
5.933623072111839925e-01 1.202079467911971200e+01 3.164478224191348636e+04
6.121966033754965286e-01 1.198846203686600553e+01 2.708023961817654708e+04
6.315615095394450096e-01 1.195926804952940081e+01 2.315633771277999040e+04
6.515447264162530505e-01 1.192807150303563724e+01 1.984197577442540933e+04
6.722346998277483054e-01 1.190273194343570928e+01 1.692832727387254272e+04
6.937627307230975759e-01 1.187758568934476955e+01 1.443921374190080314e+04
7.161919702695102030e-01 1.185562862498606584e+01 1.227506284892453914e+04
7.396019029507395759e-01 1.183568272785728759e+01 1.042248329186465526e+04
7.640013953667934565e-01 1.181465496966319684e+01 8.842000835387627376e+03
7.894739348858472727e-01 1.179928752738938513e+01 7.479437992822524393e+03
8.160523388325016114e-01 1.178883232927702629e+01 6.316581188023204959e+03
8.437884116721593442e-01 1.177634039057209492e+01 5.332080958493166690e+03
8.726763194104938393e-01 1.177071743960828343e+01 4.490731940628387747e+03
9.027605554025649459e-01 1.176450850584777719e+01 3.772601392285758266e+03
9.327094867791395627e-01 1.176246527006513887e+01 3.170094133220093227e+03
9.613566130062225490e-01 1.175955868417497818e+01 2.730757909897713944e+03
9.889238228791635832e-01 1.175679352529652100e+01 2.348823079013534880e+03
1.015545485654378854e+00 1.175002407801609294e+01 2.035600024855179527e+03
1.041358816673159771e+00 1.174175886347359743e+01 1.772433340298539179e+03
1.066490619473251966e+00 1.173043512003836142e+01 1.549808059596652583e+03
1.090981040076080877e+00 1.172082830233306971e+01 1.359162568055490965e+03
1.114965954615013910e+00 1.170610577311088285e+01 1.195692148677731211e+03
1.138472329019680984e+00 1.169063585158085772e+01 1.053945937507064627e+03
1.161574747345680558e+00 1.167486204610558786e+01 9.237186368699938157e+02
1.184310830200027143e+00 1.165228225883820024e+01 8.231460580097477759e+02
1.206715044316722274e+00 1.163202198587239700e+01 7.291593476787592181e+02
1.228824276682638938e+00 1.160964986616980532e+01 6.462626217951219587e+02
1.250662801978184913e+00 1.158719350011392635e+01 5.740434247053563013e+02
1.272253356808618507e+00 1.155903124011753036e+01 5.104066085581940229e+02
1.293593259859800781e+00 1.153020874106181815e+01 4.534403130340090229e+02
1.314719113994352595e+00 1.149958699607794976e+01 4.033569798776910602e+02
1.335622592324248625e+00 1.146877798854951180e+01 3.592028109111286085e+02
1.356315222679144394e+00 1.144034250051755564e+01 3.181255407602333776e+02
1.376792213789084451e+00 1.140353337184650329e+01 2.849564448944543642e+02
1.397053560526036797e+00 1.136909381838658994e+01 2.544304665466897859e+02
1.417088377855719283e+00 1.133413117669568848e+01 2.268224462590421240e+02
1.436897680701396007e+00 1.129525227449315494e+01 2.026597314881997249e+02
1.456474228971405216e+00 1.125622737386990302e+01 1.808457203836955216e+02
1.475799753945473025e+00 1.121689859415004165e+01 1.617257755292573904e+02
1.494906933042275954e+00 1.117668482152546616e+01 1.444770586054157775e+02
1.513653005362706638e+00 1.113477143401819802e+01 1.287540370516013297e+02
1.532147813365804190e+00 1.109215439396101921e+01 1.153214456853192331e+02
1.550337695142342653e+00 1.104940060413522929e+01 1.038727648625030184e+02
1.568207275399128742e+00 1.100497684989328562e+01 9.307611709117296073e+01
1.585737079653474657e+00 1.095956856708534488e+01 8.349964612804375008e+01
1.602905270969419149e+00 1.091339316537020210e+01 7.503930669586283386e+01
1.619700828294951656e+00 1.086668968941377855e+01 6.738376685279480682e+01
1.636099197249563542e+00 1.081962615383526760e+01 6.062776474058265563e+01
1.652083229280219001e+00 1.077210464966256254e+01 5.455314366924296365e+01
1.667634853671523087e+00 1.072283639471064731e+01 4.915353096653512210e+01
1.682741778634426311e+00 1.067351852075798213e+01 4.421752173094166238e+01
1.697383534859669973e+00 1.062331296426190086e+01 4.000475608185835341e+01
1.711541194189249104e+00 1.057205407849245304e+01 3.615339558686385857e+01
1.725199883165613235e+00 1.052113073380660424e+01 3.271886346739333362e+01
1.738349974890274874e+00 1.046973270308131276e+01 2.962461972485204242e+01
1.750968550281185587e+00 1.041794888478958114e+01 2.688747081226192392e+01
1.763055554065022790e+00 1.036450162628668892e+01 2.439970050054005668e+01
1.774590710490490331e+00 1.031129116212293084e+01 2.219727093018805775e+01
1.785563786174667600e+00 1.025802180328731872e+01 2.018686454793235541e+01
1.795975682855291744e+00 1.020344697782762822e+01 1.840463282387218769e+01
1.805806752996200082e+00 1.014993431407101276e+01 1.678366105257870444e+01
1.815053664288590163e+00 1.009494879769544440e+01 1.534561811445078661e+01
1.823794287017005855e+00 1.004102623706018704e+01 1.405313988917259671e+01
1.831774721904412928e+00 9.984537540723257720e+00 1.287533016095670568e+01
1.839242809788569355e+00 9.929701018443761740e+00 1.177789774725108884e+01
1.846120852157131953e+00 9.873714120008155959e+00 1.085740242210377460e+01
1.852400680194240090e+00 9.817933146306167203e+00 9.967254021657410590e+00
1.858087031896110242e+00 9.761889206505708572e+00 9.212560946517777793e+00
1.863183164998030383e+00 9.705489663803586353e+00 8.487272604022431111e+00
1.867692322402185745e+00 9.649875240593212666e+00 7.862957246880776907e+00
1.871616260794562780e+00 9.593177944794245349e+00 7.269851980795319690e+00
