2.191799393465098389e-01 1.550982308316407554e+01 3.683535669800713658e+06
2.256267098100785407e-01 1.527384786386024018e+01 3.216593117930159904e+06
2.322903285746369673e-01 1.506100132333440378e+01 2.775232131301782560e+06
2.391788050240018504e-01 1.480948298550922537e+01 2.412070854117068928e+06
2.462986559110833251e-01 1.461212356463165385e+01 2.101689407752887812e+06
2.536551324813919317e-01 1.442192629757653144e+01 1.805908483864624519e+06
2.612329420659360024e-01 1.426928182707796289e+01 1.579669414248507237e+06
2.690617676396656055e-01 1.408219582825870475e+01 1.378142985817896435e+06
2.771376302606170516e-01 1.392910819782350096e+01 1.196314632403790951e+06
2.854668690034623535e-01 1.378148388246560963e+01 1.040141256810184801e+06
2.940482527496873777e-01 1.364430039057038435e+01 9.050692063444956439e+05
3.028892177082661008e-01 1.351454287761908191e+01 7.789749722482995130e+05
3.119885461820340877e-01 1.340180470064222540e+01 6.869975793873516377e+05
3.213505677961028262e-01 1.328655682702064489e+01 5.949832522753468947e+05
3.309826183577010972e-01 1.318272463555099883e+01 5.174043799950486282e+05
3.409159519801867044e-01 1.308221555294242755e+01 4.507773314023182611e+05
3.510791370461162630e-01 1.299256031823157187e+01 3.929957892960115569e+05
3.615414970300688813e-01 1.290477046706083897e+01 3.418340670755663887e+05
3.722878772139895931e-01 1.282253073619020078e+01 2.975556510343757691e+05
3.833336236487547288e-01 1.274621562399918417e+01 2.591985967133625236e+05
3.946480515166930214e-01 1.267681547541981857e+01 2.259495582757133816e+05
4.062575225952219649e-01 1.261171470678562656e+01 1.968659154523730685e+05
4.181537855158756756e-01 1.254348228833358903e+01 1.717311543574706593e+05
4.303504127976096605e-01 1.248805087706099393e+01 1.496492936414313153e+05
4.428366112827331058e-01 1.243446065783069798e+01 1.306272428666554479e+05
4.556224641198893810e-01 1.238258450790038445e+01 1.141430826608797506e+05
4.687126013114339962e-01 1.233481089836358002e+01 9.966771152296240325e+04
4.820621069144185311e-01 1.228964352700529794e+01 8.710105949135328410e+04
4.957341687396910057e-01 1.224517159621129991e+01 7.610507483991568733e+04
5.096862995784920969e-01 1.220528700861161653e+01 6.654485406813908776e+04
5.239340675248438384e-01 1.216932601925153001e+01 5.829047727946723171e+04
5.384747386085519949e-01 1.213253176284827894e+01 5.103970885685177200e+04
5.533059437450082996e-01 1.209966276783541694e+01 4.465672425463697436e+04
5.684309748141661567e-01 1.206639653495351006e+01 3.905813105947395525e+04
5.837845074683243318e-01 1.203769527213793999e+01 3.424671406643818773e+04
5.994278122822205290e-01 1.200975140594677981e+01 3.002688984828519460e+04
6.152899173965222790e-01 1.198260492354580187e+01 2.624438078517421309e+04
6.315750534110103898e-01 1.195779588417976136e+01 2.314932328140059326e+04
6.482963249171814768e-01 1.193297211382377299e+01 2.018102348711744344e+04
6.654998957111234459e-01 1.191128225860962431e+01 1.781244055909240706e+04
6.833216579403869062e-01 1.188795084134352109e+01 1.557394722286614342e+04
7.017191763334719168e-01 1.187016447600051094e+01 1.362147744748134937e+04
7.207728092935472564e-01 1.185095017404068507e+01 1.189018136618707285e+04
7.404932854779919804e-01 1.183460317564690811e+01 1.037032014249552776e+04
7.609655398548942351e-01 1.181966114331208395e+01 9.006397474510597021e+03
7.821766737452559015e-01 1.180441678309056996e+01 7.850719842250993679e+03
8.041566522225516156e-01 1.179338743418018787e+01 6.811624352076612013e+03
8.269651102240750395e-01 1.178318578693947138e+01 5.909055657796641754e+03
8.505453376252140041e-01 1.177818813072756399e+01 5.076176917302763286e+03
8.749769996080993817e-01 1.177112437809477186e+01 4.407180572094147465e+03
9.002375982699780677e-01 1.176539821303729205e+01 3.833008516290272837e+03
9.263536229909358211e-01 1.176559164184430095e+01 3.294368117324625018e+03
9.533129082524696152e-01 1.176579913261678456e+01 2.864158251191263389e+03
9.811422104368302533e-01 1.176700071362658484e+01 2.471020028182033911e+03
1.009814326382604044e+00 1.177011083283473347e+01 2.131431709523659720e+03
1.039338900417933864e+00 1.177647534636287396e+01 1.838149337399423985e+03
1.069701714299668982e+00 1.178229428172110360e+01 1.586215829999940752e+03
1.100903253457032216e+00 1.179106057838767541e+01 1.367113923157297222e+03
1.132924533490225816e+00 1.180527419408745793e+01 1.177999856242063515e+03
1.165756504840100849e+00 1.181231864836058065e+01 1.017003465333332542e+03
1.199358669754489126e+00 1.182670773572004030e+01 8.761502266413143616e+02
1.233727131307295499e+00 1.184006722449071169e+01 7.553561601219129216e+02
1.268645242209992974e+00 1.185486238670086934e+01 6.523497788227774663e+02
1.303025886801970845e+00 1.187141211808930308e+01 5.663119314799020003e+02
1.336757458260036557e+00 1.188765628606761027e+01 4.933607454879778516e+02
1.369883424312748010e+00 1.189913952901109795e+01 4.317286354774215056e+02
1.402360090348026889e+00 1.191411177222090600e+01 3.794880262826570174e+02
1.434303331361457934e+00 1.192138194935455964e+01 3.343825205594283716e+02
1.465711710638796461e+00 1.193091254269740809e+01 2.952724790589800818e+02
1.496612079552849028e+00 1.193872200758921664e+01 2.614420439241191616e+02
1.527013722238108606e+00 1.194466739055905791e+01 2.319097073745998330e+02
1.556923820475954567e+00 1.195034691385403391e+01 2.063477730802962640e+02
1.586357609169088745e+00 1.195307327451950741e+01 1.838313244096988512e+02
1.615330719461430586e+00 1.195575343068926166e+01 1.642206038802119679e+02
1.643812183782437542e+00 1.195337195412760600e+01 1.468127525711868770e+02
1.671855435562928482e+00 1.195180638214358737e+01 1.314171367337935976e+02
1.699416625550384197e+00 1.194894529433782537e+01 1.176942112284433506e+02
1.726504702197759089e+00 1.194428941708762615e+01 1.057084046754510496e+02
1.753138013425176389e+00 1.193760300991004009e+01 9.462770341884780123e+01
1.779285254951155526e+00 1.192889792156629980e+01 8.563435791837905242e+01
1.804956028896607334e+00 1.192089941551237864e+01 7.712972373047473695e+01
1.830142082041007701e+00 1.191312180463276782e+01 6.956341103150026584e+01
1.854868389763226322e+00 1.189851791655102176e+01 6.266299041375689427e+01
1.879026439424973827e+00 1.188535720942646279e+01 5.686346245437105296e+01
1.902711883318655595e+00 1.187042705763347250e+01 5.142659810558925670e+01
1.925873741372750692e+00 1.185495069221436282e+01 4.664363321272703189e+01
1.948513883426363336e+00 1.183804238630922612e+01 4.230715908677054671e+01
1.970618072918799646e+00 1.181910055322140707e+01 3.841278358619461386e+01
1.992177093911034813e+00 1.180016165778991599e+01 3.493960553414107295e+01
2.013184837684938167e+00 1.177934831161338991e+01 3.179777446011615893e+01
2.033629673056159604e+00 1.175732327002010003e+01 2.898701110415267479e+01
2.053626318184194499e+00 1.173557065826247481e+01 2.638490784838861103e+01
2.072796704391395295e+00 1.171110008401478453e+01 2.412359958653545533e+01
2.091507649273386171e+00 1.168594505467343936e+01 2.196372128725807471e+01
2.109625424832226148e+00 1.165953102926408924e+01 2.017772168514557762e+01
2.127147445993053054e+00 1.163287589829526070e+01 1.849446440504129185e+01
2.144056465620983509e+00 1.160491956009165726e+01 1.695570298308271973e+01
2.160364350323455973e+00 1.157594257648377223e+01 1.556602656890213154e+01
2.176065836532882436e+00 1.154681905684162224e+01 1.429170725551606047e+01
2.191121665887092895e+00 1.151617311742765359e+01 1.311826477992291018e+01
