2.191799393465098389e-01 1.550982308316407554e+01 3.683535669800713658e+06
2.264447417504648064e-01 1.526069614119485074e+01 3.182210850104562473e+06
2.339785367570297592e-01 1.497202387976293281e+01 2.684668821477753110e+06
2.418139184882191484e-01 1.474594271110999877e+01 2.300902973804390058e+06
2.499174404174053232e-01 1.451524475944213144e+01 1.954136777483945247e+06
2.583284851146740446e-01 1.430769519621843422e+01 1.666307145249269903e+06
2.670417815983957555e-01 1.412282607890245067e+01 1.426358384934835136e+06
2.760665125201512415e-01 1.394562744302343837e+01 1.219350239372662036e+06
2.854101983300297296e-01 1.378327517774227395e+01 1.040609579280067934e+06
2.950652734172813929e-01 1.363093728444712305e+01 8.892883299764700932e+05
3.050559614950877907e-01 1.348977849924424000e+01 7.591064504594107857e+05
3.153741780269483930e-01 1.336471302344754797e+01 6.499742213440926280e+05
3.260327325164909529e-01 1.323423099109638024e+01 5.556878073060305323e+05
3.370346821353622513e-01 1.313212228903364220e+01 4.751892518836822128e+05
3.483833546500993972e-01 1.301963915168432528e+01 4.068692254572184756e+05
3.601093569998335409e-01 1.291852108008407640e+01 3.479720567948655225e+05
3.721422130176003651e-01 1.282538786950480514e+01 2.982574421250944142e+05
3.845698144352944214e-01 1.273817330025108063e+01 2.550407598141946073e+05
3.973630717577887883e-01 1.266104731864036204e+01 2.189556005022038880e+05
4.105130103315948742e-01 1.259031909049428677e+01 1.875865483505788143e+05
4.240173411953353511e-01 1.252323190159054889e+01 1.607499516968294920e+05
4.378979381287104178e-01 1.245496733589573424e+01 1.377673705177958764e+05
4.521635623580481655e-01 1.239585226535200668e+01 1.184948403968083294e+05
4.668097025678639156e-01 1.234384909007208542e+01 1.016960560593830887e+05
4.817940610143412461e-01 1.228968037619038789e+01 8.744317541077957139e+04
4.971728327104475986e-01 1.224122519553251820e+01 7.509908511046943022e+04
5.129130384669224885e-01 1.219773154466089693e+01 6.457862247160292463e+04
5.290259170670438271e-01 1.215522083646459528e+01 5.559112809534151165e+04
5.455072622235697111e-01 1.211511341980133238e+01 4.786769647454536607e+04
5.623578266738811227e-01 1.208048731804743703e+01 4.120407591040495026e+04
5.795285231482345534e-01 1.204580814951688872e+01 3.553458069169837836e+04
5.964655833316200306e-01 1.201381885712796738e+01 3.078322302001105709e+04
6.125443934994745376e-01 1.198514227016108791e+01 2.694746584287325459e+04
6.280793470570767978e-01 1.195572687009734558e+01 2.366748470431522219e+04
6.433043808676265352e-01 1.192619090323792541e+01 2.090661412661111171e+04
6.583299794254046100e-01 1.189428608761464012e+01 1.849669375650285292e+04
6.733493335606852703e-01 1.186361314423044355e+01 1.637009118251875407e+04
6.884351154055542432e-01 1.183297087522391067e+01 1.449582841259700217e+04
7.036566942876204545e-01 1.180235562036557262e+01 1.283242176518720044e+04
7.191071366980713586e-01 1.176894954333027776e+01 1.136097661869926378e+04
7.349634903344826053e-01 1.173661580387450165e+01 1.006149140869126495e+04
7.509172909456337530e-01 1.170475862268572875e+01 8.868673705912866353e+03
7.673760123993458304e-01 1.167497215332398319e+01 7.825563615800348998e+03
7.842679917353319041e-01 1.164025894364280411e+01 6.890553441978568117e+03
8.016058946649834427e-01 1.160638253589337232e+01 6.069017593661817045e+03
8.194315660561197756e-01 1.157249010059523009e+01 5.334657047782580776e+03
8.377836419971389503e-01 1.154142469081123856e+01 4.684420475301940314e+03
8.566623065964099615e-01 1.150783741974354157e+01 4.100012303341583902e+03
8.761054362003819485e-01 1.147868334369373500e+01 3.562876623520017347e+03
8.961125740611008972e-01 1.144752938241656892e+01 3.142772414026886054e+03
9.166989306844185448e-01 1.142009046368354142e+01 2.739294472834235876e+03
9.378722432891670735e-01 1.138879013112327065e+01 2.390871747651090573e+03
9.596321398990697027e-01 1.135980067530521254e+01 2.083739918378825678e+03
9.819777365215622833e-01 1.133268526196714809e+01 1.813832369798909667e+03
1.004918429895558907e+00 1.130556740262098714e+01 1.579313862271287690e+03
1.028433559738450409e+00 1.128383519677447921e+01 1.362855605171073194e+03
1.052517029026541096e+00 1.125452098587708782e+01 1.194147271638515804e+03
1.077162960899433752e+00 1.122964992870195999e+01 1.036872111463029796e+03
1.102343580491327746e+00 1.121084475215618959e+01 8.997392768966888070e+02
1.128045606209128193e+00 1.118348727161572143e+01 7.801645892229541914e+02
1.154251473460029542e+00 1.116439853815679406e+01 6.779927353297708805e+02
1.180924482179577462e+00 1.114127015016661204e+01 5.884266388482918728e+02
1.208044729649403681e+00 1.112101994735150257e+01 5.109176828670669011e+02
1.235580789524214129e+00 1.110106892906642528e+01 4.439915382902377701e+02
1.263493335731915579e+00 1.108175946020065084e+01 3.853303479418361235e+02
1.291761756009150108e+00 1.106493803702432999e+01 3.348262852479600724e+02
1.320340627370654607e+00 1.104462787630852283e+01 2.910323744312707959e+02
1.349194184542266139e+00 1.102657248503839682e+01 2.532682060599814236e+02
1.378275413542551231e+00 1.101015213249082869e+01 2.204555288073190411e+02
1.407173808528352499e+00 1.099395025515095448e+01 1.922489743661917601e+02
1.435439666905064415e+00 1.097509940750500235e+01 1.684735175075269353e+02
1.463039885920460748e+00 1.095706736493190725e+01 1.479871882968622288e+02
1.489987007425947585e+00 1.093829010763579568e+01 1.304984685221935194e+02
1.516251619081928181e+00 1.091927793145190684e+01 1.151966619986869489e+02
1.541860170190165968e+00 1.089966318335688023e+01 1.020328410754491557e+02
1.566797455531190320e+00 1.087740174036714791e+01 9.061585434188729948e+01
1.591080180921881748e+00 1.085487027230234780e+01 8.067631043046065997e+01
1.614701480944815470e+00 1.083097514416381379e+01 7.188811998624990451e+01
1.637658857833327541e+00 1.080674141106343633e+01 6.422196784404081882e+01
1.659996330096949801e+00 1.078046728216465233e+01 5.728813787998642937e+01
1.681570871841081116e+00 1.075328274265064898e+01 5.156749201132316784e+01
1.702521041794194945e+00 1.072527390054361973e+01 4.627536429628757730e+01
1.722802220866488376e+00 1.069615495801364702e+01 4.159401433588273989e+01
1.742404949773899814e+00 1.066574075657156229e+01 3.740624232844914587e+01
1.761337330175378302e+00 1.063492202449906543e+01 3.387782950283793326e+01
1.779577978920833914e+00 1.060188894063642628e+01 3.061408316840487487e+01
1.797150351245473399e+00 1.056924164079012662e+01 2.761562325929114436e+01
1.814016479753369548e+00 1.053325992859568494e+01 2.511949136239842062e+01
1.830197192827111019e+00 1.049804520843336775e+01 2.281946009644639872e+01
1.845695560393562085e+00 1.046229394612763919e+01 2.071776109010514944e+01
1.860636570200797646e+00 1.042519570951739993e+01 1.888640113320417058e+01
1.874615998011971874e+00 1.038636686480015925e+01 1.717644913558702768e+01
1.888118600807064507e+00 1.034786752253899245e+01 1.572052773732040087e+01
1.900783365973124361e+00 1.030765200110508140e+01 1.438577341490118933e+01
1.912816023940590027e+00 1.026680707309671092e+01 1.316767083251224513e+01
1.924297568422499882e+00 1.022625265208960954e+01 1.206628708737473943e+01
1.934970756713416673e+00 1.018390043941885637e+01 1.109288646540591294e+01
1.944973680951325834e+00 1.014167548943141739e+01 1.016949474980938817e+01
1.954185192051490993e+00 1.009823139926838742e+01 9.379522540203435454e+00
1.962833009493670788e+00 1.005417361751474203e+01 8.649741677623639546e+00
