2.191799393465098389e-01 1.550982308316407554e+01 3.683535669800713658e+06
2.253274944199304686e-01 1.531278025956930655e+01 3.242284741096958984e+06
2.316793805503861159e-01 1.507700292036544276e+01 2.811977886831389274e+06
2.382338615526827519e-01 1.485117524668485700e+01 2.458402704610859510e+06
2.450053697746299441e-01 1.464395454694016330e+01 2.146148778398892377e+06
2.519760779996089162e-01 1.445887298177466462e+01 1.878023986515778583e+06
2.591634779798743238e-01 1.429290444682593630e+01 1.646609546065286500e+06
2.665754189687489228e-01 1.413166008404276575e+01 1.441887280701156938e+06
2.742092543277398486e-01 1.398275428362437189e+01 1.257007731093818787e+06
2.820711722115676334e-01 1.384025455780442471e+01 1.099153391631700331e+06
2.901656837741669048e-01 1.370654024018262085e+01 9.630581224860216025e+05
2.985054797041548635e-01 1.357878979444567058e+01 8.418779600943695987e+05
3.070432895606930446e-01 1.345028857954060797e+01 7.372617572285433998e+05
3.158507874616623412e-01 1.334729244754432465e+01 6.448560571397431195e+05
3.248976896962623706e-01 1.324481961705456534e+01 5.652354781776440796e+05
3.341949978410465039e-01 1.314523192390390527e+01 4.954028051786969882e+05
3.437335944286999956e-01 1.305591106471525720e+01 4.339234670208311873e+05
3.535291725763349824e-01 1.297602492832141685e+01 3.800968652801257558e+05
3.635928030224153673e-01 1.288984624220654318e+01 3.330533965599522926e+05
3.738975585019284620e-01 1.281168026208853838e+01 2.888262169323885464e+05
3.844734502857737879e-01 1.273912764617429083e+01 2.554984603317617148e+05
3.953089529338316144e-01 1.267082378866949099e+01 2.241242757356851653e+05
4.064042387268857470e-01 1.261191394493507723e+01 1.964173541194222344e+05
4.177659650465436747e-01 1.255073870351695220e+01 1.724131905288865964e+05
4.293984731388508225e-01 1.249593698604587999e+01 1.512717234851683606e+05
4.412916151591664837e-01 1.244010406692006931e+01 1.331378686685210560e+05
4.534638783168039033e-01 1.238546587575618929e+01 1.167551501316191279e+05
4.659182106305649329e-01 1.234726528194271289e+01 1.024715634277376957e+05
4.786201813306268371e-01 1.230136839788144520e+01 9.012632430598282372e+04
4.915867347936580534e-01 1.225806957718341472e+01 7.936258123023199732e+04
5.048159349895975367e-01 1.222055773316226812e+01 6.975183671751058137e+04
5.183214634692382417e-01 1.218430531458075627e+01 6.075058022039732896e+04
5.320934094907866507e-01 1.214690388771888507e+01 5.401559839219727291e+04
5.461319703663526370e-01 1.211369193438391534e+01 4.758298404085535003e+04
5.604364957180393292e-01 1.208418164932013639e+01 4.186645382878615783e+04
5.749697927942059028e-01 1.205646881473657217e+01 3.691275288023881876e+04
5.896349658852766407e-01 1.202569189838159325e+01 3.264111068376233015e+04
6.039348566264288731e-01 1.200225267692553643e+01 2.893636247388256015e+04
6.179868155417185260e-01 1.197620397203624876e+01 2.578259953785347898e+04
6.318420083571173462e-01 1.195064864584247744e+01 2.301257944985011272e+04
6.456970438046469862e-01 1.192596832099105342e+01 2.058927270285177292e+04
6.596021917923160505e-01 1.190249319414780516e+01 1.841437570898732884e+04
6.736330717495371267e-01 1.187809320270936020e+01 1.648859706356678726e+04
6.878331012082232743e-01 1.185166421741796405e+01 1.460713205598792592e+04
7.022463822410096590e-01 1.182995535801896914e+01 1.317745440223228979e+04
7.169086481628272889e-01 1.180519096505482857e+01 1.180863043092565204e+04
7.319511738100422660e-01 1.178118877243939444e+01 1.054904694646589996e+04
7.472005044671707896e-01 1.175710787333409257e+01 9.443324263971095206e+03
7.628742665943490930e-01 1.173407184329194841e+01 8.402715373316208570e+03
7.790324342790463374e-01 1.171044762846878307e+01 7.479456136035277268e+03
7.954176676163030590e-01 1.168708740518047051e+01 6.667915009587703935e+03
8.123295321686166970e-01 1.166644283101729584e+01 5.934238924115064947e+03
8.295174865057343139e-01 1.164266002717381987e+01 5.274208147192142860e+03
8.468610301154650966e-01 1.162389679504909878e+01 4.700777710025386114e+03
8.644160234589204350e-01 1.160384320392014956e+01 4.188559124064706339e+03
8.821445294128742454e-01 1.158077151735713350e+01 3.704707958964183945e+03
9.001067982450124960e-01 1.156266729842385388e+01 3.326301079957075672e+03
9.182962543283809120e-01 1.154008318165778491e+01 2.963601194618833233e+03
9.367345979790224764e-01 1.152235935412700663e+01 2.641281001081746126e+03
9.554132017254877152e-01 1.150339875477673779e+01 2.355925847199923737e+03
9.743578508989839682e-01 1.148365229889222050e+01 2.098813067086619412e+03
9.935891182469623883e-01 1.146452973204556969e+01 1.870894766696680790e+03
1.013061438894116595e+00 1.144667252530912194e+01 1.667763571478584254e+03
1.032812585261835503e+00 1.142945860653349044e+01 1.486492936674567318e+03
1.052900473990326935e+00 1.141080735770870902e+01 1.324201219877660606e+03
1.073180912656736430e+00 1.139545193999449957e+01 1.179587855585363968e+03
1.093712752044708525e+00 1.137294731972161443e+01 1.052509124547571218e+03
1.114533960500003307e+00 1.135462153452481893e+01 9.374855899920549973e+02
1.135616068058666217e+00 1.133615148129645789e+01 8.369687984702673020e+02
1.156955125668132744e+00 1.132228242952404429e+01 7.446080537447434153e+02
1.178524318602148790e+00 1.130287073197092518e+01 6.642252573550828174e+02
1.200333649474677689e+00 1.128340649833636711e+01 5.918421320408584734e+02
1.222360983766670017e+00 1.126613950289368304e+01 5.275102305281866393e+02
1.244573037386882186e+00 1.124853365125233040e+01 4.704535092897514232e+02
1.266980384254049685e+00 1.123261691987740996e+01 4.172862346190782432e+02
1.289595462763323264e+00 1.121664108412701211e+01 3.745731543880893355e+02
1.312362276482749168e+00 1.119786310084453085e+01 3.339957201517640897e+02
1.335218864910600933e+00 1.118185933421922229e+01 2.982697733136565716e+02
1.358190952441420185e+00 1.116655398442838987e+01 2.664810743118582650e+02
1.381293671913491172e+00 1.114667163270086725e+01 2.381135858759512018e+02
1.404520173458215115e+00 1.112953744639938947e+01 2.127143301561549720e+02
1.427706426094899284e+00 1.111214738182514417e+01 1.903712008427656031e+02
1.451031012794251174e+00 1.109533040339190535e+01 1.701253075332826654e+02
1.474263906457991657e+00 1.107743611036484133e+01 1.524714855569453391e+02
1.497528878746188230e+00 1.106088706424720769e+01 1.366857212909843042e+02
1.520808758070325784e+00 1.104339068255429979e+01 1.225608088286810613e+02
1.543987926533198163e+00 1.102530478777081235e+01 1.097876528441247928e+02
1.567050618972375631e+00 1.100721770939034805e+01 9.860160761329879620e+01
1.590037624559326179e+00 1.098822808462518630e+01 8.878637270495828204e+01
1.612896048136796878e+00 1.097056592401175834e+01 7.965068980767495077e+01
1.635634419761831992e+00 1.095148866534491106e+01 7.138173863677008057e+01
1.658161422446097433e+00 1.093254943921067124e+01 6.448192498317999366e+01
1.680481456229048209e+00 1.091334970007298821e+01 5.815390790511280272e+01
1.702586824253805586e+00 1.089347256462729163e+01 5.244690400785073336e+01
1.724433478014541388e+00 1.087451497532639877e+01 4.729280186110766238e+01
1.745973825277786107e+00 1.085328022025617400e+01 4.279522212729838060e+01
1.767243597371834118e+00 1.083283467915394382e+01 3.857430763041213595e+01
1.788231116499142237e+00 1.081186796356289470e+01 3.507444218020969373e+01
1.808832382823750917e+00 1.079068221387647597e+01 3.177652562197846109e+01
1.829104857182088928e+00 1.076869393746555481e+01 2.883491070458743266e+01
