2.191799393465098389e-01 1.550982308316407554e+01 3.683535669800713658e+06
2.243902056975654313e-01 1.530559621776948909e+01 3.282513784159369767e+06
2.297450143127103828e-01 1.511586893528785502e+01 2.929689276972516440e+06
2.352434107276791808e-01 1.494056388583953066e+01 2.623440211162232328e+06
2.409095759489336686e-01 1.475966056101827917e+01 2.333632932243972551e+06
2.466981578892098459e-01 1.459780359224305712e+01 2.086468966293444624e+06
2.526502853173818175e-01 1.444480639902835328e+01 1.855392003336005379e+06
2.587592246156740772e-01 1.430367789615509366e+01 1.655616410161406035e+06
2.650262521061595988e-01 1.416342436876442434e+01 1.483622037421932677e+06
2.714546332634764081e-01 1.403852552380981678e+01 1.318629529173291288e+06
2.780462024483159600e-01 1.393533569316067400e+01 1.176644316963146674e+06
2.848044864946563948e-01 1.379176487736987511e+01 1.050877215493107447e+06
2.917332668828038211e-01 1.367877979186373594e+01 9.388111932952173520e+05
2.988333268050656910e-01 1.357129045779175414e+01 8.385459555762060918e+05
3.060787676234936749e-01 1.347407953384898072e+01 7.480134317084982758e+05
3.135335759778387077e-01 1.338421870534433822e+01 6.683164166068233317e+05
3.211347209227654043e-01 1.328638202771654875e+01 5.971488051114773843e+05
3.289184400078072334e-01 1.320438402595008398e+01 5.331408395843748003e+05
3.368834192133330907e-01 1.311974161945784800e+01 4.760864041413175873e+05
3.450332025186643170e-01 1.304393610642496526e+01 4.264489038025037153e+05
3.533658447503866817e-01 1.297230702416604942e+01 3.811561242169718025e+05
3.618877526233846287e-01 1.290754638606241933e+01 3.399815431865930441e+05
3.705847180128111207e-01 1.283630773646685874e+01 3.045257091994810035e+05
3.795051244862677198e-01 1.277070082605325929e+01 2.719318340087231481e+05
3.885560806752668683e-01 1.271452276674140514e+01 2.435692771455114998e+05
3.978518048314189093e-01 1.265722196100981911e+01 2.175592954381417367e+05
4.072864138806177037e-01 1.260324911194831721e+01 1.945733939141964656e+05
4.169512772386516630e-01 1.255429391609715495e+01 1.743098225592407689e+05
4.267860331544464092e-01 1.250714844139505111e+01 1.557490601380196749e+05
4.368184628603219988e-01 1.246037293682410052e+01 1.396783932381187333e+05
4.470554040408808438e-01 1.241498027102540469e+01 1.249836395680783316e+05
4.574739934363530880e-01 1.237708181542775776e+01 1.118300400816257170e+05
4.681028514904375659e-01 1.233697534066427437e+01 1.003494596078368777e+05
4.789125684233693780e-01 1.229833726123092674e+01 8.992487280338053824e+04
4.899144493605055439e-01 1.226495829988425434e+01 8.046742092645415687e+04
5.010978894641956449e-01 1.222941716598067252e+01 7.225860238941776333e+04
5.124853971518081863e-01 1.219827628737097491e+01 6.489365345678729500e+04
5.240658137669200745e-01 1.216638974086095182e+01 5.829089138624024054e+04
5.358387347454148797e-01 1.213825166270097533e+01 5.227115160163878318e+04
5.478031200046613591e-01 1.211000711822207521e+01 4.687591342280867684e+04
5.599600516777933912e-01 1.208585937802630283e+01 4.211495972022847127e+04
5.722774592207648947e-01 1.206011974326945868e+01 3.780493634570822178e+04
5.847864921140759620e-01 1.203521684026804195e+01 3.401281432213127118e+04
5.973785206549268034e-01 1.201437558447514498e+01 3.055681824871619756e+04
6.101223462557965327e-01 1.199085032165149833e+01 2.753563158037702669e+04
6.229762927827944274e-01 1.197020953245980479e+01 2.481207288902808432e+04
6.360712178942958817e-01 1.195033910492490037e+01 2.236184671984442321e+04
6.494471251907156795e-01 1.193007414296396185e+01 2.011537882432942570e+04
6.630689359737359512e-01 1.191000545171148595e+01 1.810766925286958940e+04
6.770128420804784053e-01 1.189525775384270112e+01 1.629234616377857674e+04
6.913400573716692588e-01 1.187599358411616635e+01 1.463174517428837135e+04
7.059779896099531715e-01 1.186014322112366592e+01 1.315425771520204216e+04
7.210238880629132874e-01 1.184410922076369133e+01 1.181754121993170338e+04
7.365096939525921371e-01 1.182801307175932592e+01 1.060056519022783687e+04
7.524069726955072701e-01 1.181574318432629589e+01 9.489861528395045752e+03
7.687616216490623655e-01 1.180465461252734016e+01 8.418901829879012439e+03
7.855696411484789365e-01 1.179268508746506328e+01 7.608560158572944601e+03
8.028544767734742127e-01 1.178142445005780914e+01 6.797142887155545395e+03
8.206253755215986434e-01 1.176890003951932862e+01 6.081254899610607026e+03
8.388923502495371221e-01 1.176193608000160751e+01 5.422635805279997840e+03
8.576571196188952362e-01 1.175249895889278307e+01 4.836686014556906230e+03
8.769351929834485748e-01 1.174905384845336087e+01 4.314063168763876092e+03
8.967225866831312064e-01 1.174366954934724383e+01 3.840917730965914870e+03
9.170465621246137733e-01 1.173948600555135613e+01 3.421231443656298779e+03
9.378871842344999044e-01 1.173565044464469054e+01 3.050182851783753904e+03
9.592439753545811687e-01 1.173428913354947767e+01 2.711089459831830936e+03
9.811396175040444367e-01 1.173355544086277291e+01 2.412572596334189257e+03
1.003373495719283914e+00 1.173445779735723349e+01 2.147150113206948390e+03
1.025845086102723736e+00 1.173448431985487517e+01 1.898161015288218778e+03
1.048583836968825622e+00 1.173545224261870423e+01 1.705557947154693238e+03
1.071568310033503169e+00 1.173775952761473640e+01 1.523151665229847595e+03
1.094792052849148156e+00 1.174008007508580498e+01 1.359136798284896258e+03
1.118282271238285830e+00 1.174282806754659347e+01 1.213998869246014692e+03
1.142000015102761834e+00 1.174611988156237175e+01 1.085881826129123738e+03
1.165985844685260675e+00 1.175063196562244450e+01 9.706634296008861611e+02
1.190206753909398785e+00 1.175656855137341772e+01 8.690378281977941697e+02
1.214766270107601409e+00 1.175876987648836192e+01 7.775830357343604646e+02
1.239332814474878086e+00 1.176241968728199438e+01 6.969286512064094268e+02
1.264230995760761145e+00 1.176812650148242057e+01 6.249338674154639648e+02
1.289348388920041000e+00 1.177280550317957619e+01 5.606867135819809391e+02
1.314680517859154518e+00 1.177810797037982127e+01 5.028108840357123199e+02
1.340203802251147547e+00 1.178213933718835982e+01 4.508320329715294292e+02
1.365891469151556015e+00 1.178670347938431284e+01 4.049833442667439272e+02
1.391774686966694041e+00 1.179175007331678060e+01 3.640277947046526492e+02
1.417806727433821967e+00 1.179969199383968537e+01 3.272439974322568901e+02
1.443983097702997709e+00 1.180238639205025208e+01 2.941983680416612401e+02
1.470276164307338984e+00 1.180914684647004087e+01 2.649408381200980216e+02
1.496688994858536681e+00 1.181300194636898127e+01 2.385972931004684199e+02
1.523208534373696299e+00 1.181665963994115387e+01 2.147607673416206637e+02
1.549794009803713291e+00 1.181953100298935055e+01 1.937766096339241528e+02
1.576440680773523617e+00 1.182392563763229454e+01 1.747066753005123587e+02
1.603150836810550040e+00 1.183053681083188202e+01 1.575989059280704510e+02
1.629880732889745998e+00 1.183170962856695674e+01 1.422173278007270198e+02
1.656610857403595594e+00 1.183568505048191710e+01 1.285936670806983386e+02
1.683346351457480905e+00 1.183864447083538707e+01 1.158868744104578781e+02
1.710122004908423143e+00 1.184230070256831269e+01 1.050369825367712764e+02
1.736694786057595863e+00 1.184349264541023672e+01 9.518678666258497856e+01
1.763292791389646119e+00 1.184530812946404943e+01 8.634001542529490791e+01
1.789772565283723971e+00 1.184923783810483044e+01 7.815875263006813611e+01
1.816161045888166958e+00 1.184861977230583285e+01 7.091449074188045643e+01
