2.191799393465098389e-01 1.550982308316407554e+01 3.683535669800713658e+06
2.254631311386902370e-01 1.527605377431567746e+01 3.205806194445057772e+06
2.319559473394449955e-01 1.507500899201963840e+01 2.795200484709721524e+06
2.386635328710276227e-01 1.482521989806185303e+01 2.435664199484643992e+06
2.455918752695880614e-01 1.463000959742133311e+01 2.124343023812546395e+06
2.527325149338053856e-01 1.444123817879575356e+01 1.855094959243568825e+06
2.601020795356188686e-01 1.426741119906954935e+01 1.620176691410453292e+06
2.677021526578217125e-01 1.410884411860615195e+01 1.412997291097757872e+06
2.755350101285167219e-01 1.395812464428479416e+01 1.227152443618967896e+06
2.836080687547160584e-01 1.381274168501648525e+01 1.073082266512814676e+06
2.919273930891123636e-01 1.367614642079138676e+01 9.365838811143165221e+05
3.004796484462225470e-01 1.355220919688539460e+01 8.162483836532507557e+05
3.092756093863606170e-01 1.343173080155566801e+01 7.142585429082362680e+05
3.183409272385701594e-01 1.332087891364161614e+01 6.231681050077453256e+05
3.276539586180022834e-01 1.321647539312050412e+01 5.432938497514333576e+05
3.372178110143348451e-01 1.311812625653534603e+01 4.741271501782240812e+05
3.470500848900341384e-01 1.302742761413340844e+01 4.145454637141559506e+05
3.571569913938580920e-01 1.293946001450334293e+01 3.619872331768288859e+05
3.675141672702690876e-01 1.285127569231210565e+01 3.166382137550048064e+05
3.781529531775046360e-01 1.278095013209973807e+01 2.769279304572681431e+05
3.890612870590064443e-01 1.270940874808806598e+01 2.418289438043963746e+05
4.002488133200373110e-01 1.264206063659589852e+01 2.115802023098431819e+05
4.117067088674396524e-01 1.257845183619991225e+01 1.847124368974845856e+05
4.234445486245390633e-01 1.252117381149144570e+01 1.619269289085335331e+05
4.354873284551346035e-01 1.246572794737848433e+01 1.416006413189226587e+05
4.477702353534303570e-01 1.241471871813189765e+01 1.240290434401796956e+05
4.603591975491138077e-01 1.236441805127777904e+01 1.087129932328494906e+05
4.732062858887444157e-01 1.231921488487575722e+01 9.515222147932861117e+04
4.863553262020934853e-01 1.227342192476355898e+01 8.345955492383275123e+04
4.997446079804311880e-01 1.223378761250334890e+01 7.326792398242144554e+04
5.134401615430586041e-01 1.219662836152068586e+01 6.363795261618096265e+04
5.274074836754834017e-01 1.215931490068993170e+01 5.643074741232709493e+04
5.416564432445128974e-01 1.212462135521402828e+01 4.951813225494672952e+04
5.561830210174780742e-01 1.209260272312346096e+01 4.350887778091425571e+04
5.709675404757456052e-01 1.206251378767839810e+01 3.788796739536298264e+04
5.859646351235767714e-01 1.203533649505985714e+01 3.361896939870502683e+04
6.007704328420143680e-01 1.200749264564690399e+01 2.972183044005871488e+04
6.153955947383520364e-01 1.197800340022971888e+01 2.638107995542041681e+04
6.299255296955300620e-01 1.195620998413264680e+01 2.340926297582530606e+04
6.445090062373716178e-01 1.193042191066997049e+01 2.080964638720203584e+04
6.592115685703117123e-01 1.190656745025420982e+01 1.851660034754582739e+04
6.740896951942206838e-01 1.188285811536909620e+01 1.649129594931965767e+04
6.892378710856938984e-01 1.185806711855072315e+01 1.467397256031747747e+04
7.046665980570938626e-01 1.183503631159825886e+01 1.304635897736331208e+04
7.204359795679522449e-01 1.181104743869262386e+01 1.158825017530934565e+04
7.366239165751391482e-01 1.178936411595464051e+01 1.019574716884684676e+04
7.531566741428677991e-01 1.176583565875666437e+01 9.128902751030560466e+03
7.701579416355939234e-01 1.174328345234563997e+01 8.114398703917695457e+03
7.876369956416447993e-01 1.172274432581293624e+01 7.159339221011441623e+03
8.055919832086498866e-01 1.170150978530908148e+01 6.337026849440454498e+03
8.240746103317975191e-01 1.168158169720297046e+01 5.597902743634492253e+03
8.430769833618829701e-01 1.166427642679010823e+01 4.940578658937233740e+03
8.626075373541206570e-01 1.164622576238666340e+01 4.364845865468279953e+03
8.827024062847378394e-01 1.162982785997291835e+01 3.843378889996217367e+03
9.033736955942192060e-01 1.161314608825634132e+01 3.383122918436594773e+03
9.246068115054369985e-01 1.159786847164014922e+01 2.977268746724730136e+03
9.464264426302233524e-01 1.158339664726552520e+01 2.615931182568333497e+03
9.688109399976131408e-01 1.157108075874559994e+01 2.299555399250428309e+03
9.917804860566203917e-01 1.155818651595569158e+01 2.020231568105989027e+03
1.015333614697308429e+00 1.154669289446751534e+01 1.773833352464158452e+03
1.039460997370444284e+00 1.154058955140501119e+01 1.554431964020212263e+03
1.064153495973115593e+00 1.152794810177184992e+01 1.363551753831334281e+03
1.089399092098307875e+00 1.152136118687343469e+01 1.190327568432750240e+03
1.115199523325429487e+00 1.151082110980494555e+01 1.048294056000282353e+03
1.141533031768501738e+00 1.150455967808224500e+01 9.191826828144450019e+02
1.168390414588563964e+00 1.149897826854634175e+01 8.045647367354803237e+02
1.195743321109802748e+00 1.149638153759902615e+01 7.062576675970043425e+02
1.223583592583490365e+00 1.149224473709090510e+01 6.184840576785890107e+02
1.251884128691348019e+00 1.148835300347703203e+01 5.392882287254817584e+02
1.280614858069876183e+00 1.148449193918056110e+01 4.758415102700382704e+02
1.309771300825576246e+00 1.148067244925660546e+01 4.152460467423651949e+02
1.339302677135161934e+00 1.147884388080412066e+01 3.664999228124875117e+02
1.369198727833039753e+00 1.147940050034609527e+01 3.217857213765676079e+02
1.399411800641284342e+00 1.147644051140999366e+01 2.830035624618500947e+02
1.429706745557698389e+00 1.147626691523836939e+01 2.488346749761474825e+02
1.460022598806096639e+00 1.147468979806629008e+01 2.191019635226696209e+02
1.490307161775041855e+00 1.147333813571692041e+01 1.934117219786554358e+02
1.520537812931161969e+00 1.147495974961571719e+01 1.709049481674992705e+02
1.550712056691593288e+00 1.147383065072681241e+01 1.504572725182634088e+02
1.580782082544796019e+00 1.147174235061399550e+01 1.340478271937213606e+02
1.610702634170919856e+00 1.146972589599520909e+01 1.188022879686634354e+02
1.640478206088037849e+00 1.146668526612239170e+01 1.055403846012101923e+02
1.670091279432792009e+00 1.146544923512211689e+01 9.335685093348969588e+01
1.699522406668485308e+00 1.146116628179356667e+01 8.336694476970927781e+01
1.728688186855301234e+00 1.145634843604967834e+01 7.407263112424639928e+01
1.757581357330896044e+00 1.145219381857170582e+01 6.640994519953876818e+01
1.786226660794992815e+00 1.144705566371430550e+01 5.907226030324225263e+01
1.808028214576441917e+00 1.143930477149149816e+01 5.421965928240910415e+01
1.820170863682414542e+00 1.142562320627262906e+01 5.123768666161378604e+01
1.825739445664867233e+00 1.140703164191051044e+01 4.935168794418238036e+01
1.826783045634253755e+00 1.138441082300042062e+01 4.811733046830521232e+01
1.824610258507765037e+00 1.135926977570712815e+01 4.741586544901139177e+01
1.820182295927046168e+00 1.133277754149639271e+01 4.702150472518773228e+01
1.814049600520414751e+00 1.130507224980975245e+01 4.673800380526118659e+01
1.806659611189065817e+00 1.127673628327331201e+01 4.699523801077831564e+01
1.798278950886106564e+00 1.124803753971935372e+01 4.699200707970272362e+01
1.789299178231545939e+00 1.121850036910153214e+01 4.734291082174341625e+01
1.779826631197610309e+00 1.119014094508842305e+01 4.779136720802333826e+01
1.770006293515475893e+00 1.116114080795115626e+01 4.852695463676761989e+01
1.759847786645463819e+00 1.113237671624681902e+01 4.912776714935255740e+01
