2.191799393465098389e-01 1.550982308316407554e+01 3.683535669800713658e+06
2.266147770343057977e-01 1.524820907949034421e+01 3.156078245126890484e+06
2.343338320151456822e-01 1.496985862387220934e+01 2.661201022814501077e+06
2.423663267771165031e-01 1.472089756085552636e+01 2.262575297394238412e+06
2.506847913845595688e-01 1.448999926836941299e+01 1.929269482717647916e+06
2.593214730018716940e-01 1.428400546792890324e+01 1.642421835923710372e+06
2.682780204942736835e-01 1.409118034745548442e+01 1.398192505180536536e+06
2.775607243518257161e-01 1.391753530899986124e+01 1.188860344296755968e+06
2.871770455358609309e-01 1.375877158662801669e+01 1.012151439305513282e+06
2.971211525152847588e-01 1.359973937026866153e+01 8.639793507680078037e+05
3.074154246329306450e-01 1.345553993688204564e+01 7.327840805775264744e+05
3.180679554472326531e-01 1.332653234103064221e+01 6.261373989875696134e+05
3.290607733977060079e-01 1.320745145423527056e+01 5.319432988902489888e+05
3.404189088177220213e-01 1.308662403207113556e+01 4.539441560730841011e+05
3.521429018112027798e-01 1.298405997883419616e+01 3.869936724689941038e+05
3.642589303006039114e-01 1.288479360764966408e+01 3.302393829027520260e+05
3.767054145147815114e-01 1.279099568505834128e+01 2.820543867985740653e+05
3.895551707028337973e-01 1.270723644147526876e+01 2.401530559203060402e+05
4.028063579513037618e-01 1.262928808361689903e+01 2.048946879588950251e+05
4.163996230293837697e-01 1.255729055763054802e+01 1.752277724260211107e+05
4.304035699001091397e-01 1.249265299748453550e+01 1.496397135297230270e+05
4.448152699433517432e-01 1.242788445877125447e+01 1.279139530014105258e+05
4.596017799333185772e-01 1.236688753008957420e+01 1.085477254322000372e+05
4.747575626500036838e-01 1.231557743136826666e+01 9.364627108874189435e+04
4.903132519870939121e-01 1.226255059037291062e+01 8.035248711288823688e+04
5.062464511577962067e-01 1.221456507436439054e+01 6.820303698041175085e+04
5.225768511072328426e-01 1.217211217362094011e+01 5.895923828988668538e+04
5.392944907342892558e-01 1.213324701737168709e+01 5.065738320061390550e+04
5.563986995309374572e-01 1.209287161453469572e+01 4.339550206947761035e+04
5.738539518878712498e-01 1.205736463060354424e+01 3.728705316262127599e+04
5.912981383081310494e-01 1.202245590051286328e+01 3.223167302817795280e+04
6.075184504153756659e-01 1.199338300786633127e+01 2.806750265805215531e+04
6.226683683961540261e-01 1.196315867358065610e+01 2.475055952201043692e+04
6.371838652638746048e-01 1.193303153146770690e+01 2.191331223165804840e+04
6.512473041463862078e-01 1.190130715785627835e+01 1.945189889368851800e+04
6.650281276689953280e-01 1.186531554596441040e+01 1.732268170516667669e+04
6.786603695805227821e-01 1.183160031490060327e+01 1.545246027274768130e+04
6.922464056597427140e-01 1.179746822293574482e+01 1.377049962385272920e+04
7.058844430876296538e-01 1.176217503049097424e+01 1.219291971960577939e+04
7.197541741550071981e-01 1.172410093288771726e+01 1.095077093134434472e+04
7.335749106260314178e-01 1.168654042171574048e+01 9.677947109630154955e+03
7.477522555488607114e-01 1.164838384772756186e+01 8.692971147379912509e+03
7.622210017831521078e-01 1.160539684242550251e+01 7.728607557411917696e+03
7.770170854627513890e-01 1.156751208437863276e+01 6.865311260119720828e+03
7.921844023956592373e-01 1.152639131813846873e+01 6.077433073587953004e+03
8.077445025686670332e-01 1.148596726471706120e+01 5.381769126920494273e+03
8.237281499012190089e-01 1.144573650059587244e+01 4.755947852058634453e+03
8.401586226645603173e-01 1.140477631285216020e+01 4.194668780779859844e+03
8.570668969896730882e-01 1.136298361186589112e+01 3.693537033344061001e+03
8.744470955714471749e-01 1.132426345429240300e+01 3.253329057484716941e+03
8.923227542581362304e-01 1.128603793308574410e+01 2.857233196435669015e+03
9.107057629954002920e-01 1.124286732324116400e+01 2.508215473048706372e+03
9.296029430271588456e-01 1.120487966082838049e+01 2.196803660965885229e+03
9.490007342170001525e-01 1.116874428582214485e+01 1.923369044384652625e+03
9.689073668437239162e-01 1.112714361010640829e+01 1.682373407116044291e+03
9.893223755310829315e-01 1.109470761509470016e+01 1.463192152675417674e+03
1.010230990111588456e+00 1.105177151356815202e+01 1.285590309941723262e+03
1.031624850708424246e+00 1.102100034116368832e+01 1.120918140303797827e+03
1.053497225721618857e+00 1.098430496818718716e+01 9.765682286641058454e+02
1.075826416063116575e+00 1.094614307125435815e+01 8.523109858222873072e+02
1.098584688293342770e+00 1.091331740582760190e+01 7.379917914595255297e+02
1.121762449932473649e+00 1.088018286082599140e+01 6.467501156269079274e+02
1.145334770389905499e+00 1.084679238390266676e+01 5.635562940498840589e+02
1.169266356462639322e+00 1.081734265206271672e+01 4.911310034356689584e+02
1.193542638698845693e+00 1.078269871689543358e+01 4.277014260951539200e+02
1.218118813040607984e+00 1.075199329932959280e+01 3.709878276279860643e+02
1.242964127558517262e+00 1.072066453123795604e+01 3.253585550506352320e+02
1.268042710707776966e+00 1.069147498809260810e+01 2.837058964844268303e+02
1.293327572131594216e+00 1.066257556079986557e+01 2.475371070177014587e+02
1.318770557995513126e+00 1.063268461349423610e+01 2.162541138756459702e+02
1.344337220492564100e+00 1.060447929673997969e+01 1.888083007001354474e+02
1.369987943856861623e+00 1.057532268306438716e+01 1.652351368134121969e+02
1.395676006163810268e+00 1.054739797528216627e+01 1.440977375704438828e+02
1.421365768317650824e+00 1.051909529410768762e+01 1.267092078207974453e+02
1.447013501024089877e+00 1.049160960317632529e+01 1.110757313136395794e+02
1.472588455762412485e+00 1.046329049467041195e+01 9.740343509764505825e+01
1.498005485718591823e+00 1.043571978078385953e+01 8.570106146704770822e+01
1.523269146273074526e+00 1.040787798058079083e+01 7.541637016336315469e+01
1.548320683381999130e+00 1.038035595405137457e+01 6.639581721442003470e+01
1.573117117231843221e+00 1.035198335786161472e+01 5.834823767445614351e+01
1.597622477783670947e+00 1.032422712009495314e+01 5.175685835437418092e+01
1.621792564138498927e+00 1.029586909240720694e+01 4.575199368249974441e+01
1.645591870221274400e+00 1.026716229460800456e+01 4.037533720327914466e+01
1.668979996349229333e+00 1.023820510571073683e+01 3.591797995864066451e+01
1.691926331471898859e+00 1.020982993926936899e+01 3.190687776573421175e+01
1.714310552600871507e+00 1.017969756655891089e+01 2.830214739464670615e+01
1.735429985001090358e+00 1.015089615276824198e+01 2.537797477529377232e+01
1.755110486302002171e+00 1.011999692859074074e+01 2.273314798472733145e+01
1.773367707317714315e+00 1.008967864201944131e+01 2.051413366772472102e+01
1.790230627734956004e+00 1.005670081573799735e+01 1.864212901340146189e+01
1.805774762801469757e+00 1.002399559073820079e+01 1.693818225047912662e+01
1.820013216028395275e+00 9.988766670197511743e+00 1.545360148071929451e+01
1.833054838578378032e+00 9.952860028600587938e+00 1.414102370260191321e+01
1.844891792480924053e+00 9.915713997367637589e+00 1.297462381255757613e+01
1.855609694073972360e+00 9.877316460533096532e+00 1.194804922334914110e+01
1.865264653070078271e+00 9.838195469633228996e+00 1.101603097907235274e+01
1.873888154499577574e+00 9.797426167476141146e+00 1.016120759972199394e+01
1.881505857921323743e+00 9.755756394157572231e+00 9.442797449772674767e+00
1.888195209312998335e+00 9.713261123192987512e+00 8.768513252714310369e+00
1.893963282115594504e+00 9.669077297837224805e+00 8.143660599227562358e+00
