2.191799393465098389e-01 1.550982308316407554e+01 3.683535669800713658e+06
2.249296238925584113e-01 1.528340439461903522e+01 3.248481512361974921e+06
2.308351367485245165e-01 1.507930292114663118e+01 2.874448478670704179e+06
2.369328690158043205e-01 1.488512342494793295e+01 2.524056995211433619e+06
2.432170597225663533e-01 1.469293224780775731e+01 2.223646737477729097e+06
2.496715871026461697e-01 1.452074026782400651e+01 1.945343627082890598e+06
2.563160119994647435e-01 1.436499235568849997e+01 1.733606910630229162e+06
2.631522125295257530e-01 1.420447197107472448e+01 1.528558018000369892e+06
2.701824222524119024e-01 1.405884744392891150e+01 1.349560437815453392e+06
2.774101065450853554e-01 1.392198714143459171e+01 1.190952800134696998e+06
2.848442916435642291e-01 1.379296339311848207e+01 1.040715209307145327e+06
2.924780024145503532e-01 1.367172113452720694e+01 9.274538519466110738e+05
3.003053503711199390e-01 1.355933448073362513e+01 8.181758320911246119e+05
3.083442618642419086e-01 1.344719948986533176e+01 7.238853840348193189e+05
3.166007172496577704e-01 1.334332144835082445e+01 6.370674339094995521e+05
3.250598823667998349e-01 1.324496171081601759e+01 5.639050450324687408e+05
3.337346863580848422e-01 1.315514787129893293e+01 4.953257584349710378e+05
3.426598363724795981e-01 1.306993948810197459e+01 4.406673406383594847e+05
3.517631427292969848e-01 1.298091953475018379e+01 3.885936799198102090e+05
3.611080807256782932e-01 1.290765289629181289e+01 3.436410196889367653e+05
3.706759778070364830e-01 1.283816160659690375e+01 3.037598701183388475e+05
3.804726713093333768e-01 1.276615503683311026e+01 2.683237821379699162e+05
3.905006949273808758e-01 1.270114862433782044e+01 2.356604782002033608e+05
4.007565264929451310e-01 1.263974609881881150e+01 2.103809942464355263e+05
4.112476388734057076e-01 1.258210429849895107e+01 1.860934565752928611e+05
4.219627278329474152e-01 1.252885854957644263e+01 1.645772431852868467e+05
4.329146654700096186e-01 1.248727121501339177e+01 1.457757359879216237e+05
4.441193534734793058e-01 1.242899217489252983e+01 1.290898766636555956e+05
4.555240640461206691e-01 1.238362589512641776e+01 1.143349248555322702e+05
4.671957357122709653e-01 1.234216834958196429e+01 1.003845200846274965e+05
4.790824954461586072e-01 1.229853063194078366e+01 8.975892503071921237e+04
4.912015034222557697e-01 1.225852598854879538e+01 7.958113604153611232e+04
5.035479532432760585e-01 1.222157885585059844e+01 7.079201655588982976e+04
5.161364258552516571e-01 1.218963502376502461e+01 6.265066686257890251e+04
5.289599445781386633e-01 1.215737544305014772e+01 5.556144784815090679e+04
5.420149100221187677e-01 1.212485678827170688e+01 4.933373555859628686e+04
5.553023047227164666e-01 1.209496293762074615e+01 4.385753710191597929e+04
5.688222794242447922e-01 1.206737498189981928e+01 3.898412732244038489e+04
5.825167496350449614e-01 1.203863513332742663e+01 3.466875497049616388e+04
5.963471676379260566e-01 1.202195432191789948e+01 3.085592201944200497e+04
6.102147502809389668e-01 1.199080127834246845e+01 2.750741523420892190e+04
6.242177759844560470e-01 1.196622786484144640e+01 2.459125208375893271e+04
6.384415976945312377e-01 1.194656383292317514e+01 2.191317793400753362e+04
6.529325766240763329e-01 1.192402839726028674e+01 1.955398946459776926e+04
6.677331068095642141e-01 1.190287661363732497e+01 1.744150138235898703e+04
6.828894866922110563e-01 1.188295330567024166e+01 1.554947923267444639e+04
6.984332579427539045e-01 1.186408392918358601e+01 1.385338784568354276e+04
7.144369302556361490e-01 1.184571039481375365e+01 1.233121243368326031e+04
7.307361803140270951e-01 1.182898892484783104e+01 1.097110702525627130e+04
7.471514881538720010e-01 1.181171807728299683e+01 9.787502753740001936e+03
7.636172348018603895e-01 1.179594358254335695e+01 8.727972695102445869e+03
7.801850064682295249e-01 1.178010914599222403e+01 7.799751888736917863e+03
7.968596577872539832e-01 1.176626222965040824e+01 6.971379580985087159e+03
8.136748953352039848e-01 1.175089387976328226e+01 6.237911344251905575e+03
8.306834896309255312e-01 1.173798354151072054e+01 5.583124624103701535e+03
8.478875240143997072e-01 1.171991624086267514e+01 5.001870870695047415e+03
8.653083430663032205e-01 1.170757272257269044e+01 4.477881493130252238e+03
8.829989034022666106e-01 1.169370950427199496e+01 4.007252785948827295e+03
9.008834429628880258e-01 1.168137090778362008e+01 3.589775106244143444e+03
9.190792248451418178e-01 1.166813547634238013e+01 3.213629784784739059e+03
9.374890773609347860e-01 1.165417159573727268e+01 2.877195557564143201e+03
9.562238438790030548e-01 1.163871072929491390e+01 2.576162921645517599e+03
9.752359259720041473e-01 1.162767586812524279e+01 2.308596358201279600e+03
9.945411661271222892e-01 1.161508848134013761e+01 2.066473060232855460e+03
1.014237880528975344e+00 1.160336447009837357e+01 1.847779022555533402e+03
1.034119354087165599e+00 1.159127053772533600e+01 1.653202884503681844e+03
1.054276841606301751e+00 1.158263551894485310e+01 1.479496169542349207e+03
1.074792422271658943e+00 1.156765378757554785e+01 1.323344798338250484e+03
1.095608271153015734e+00 1.155860138350509381e+01 1.183793876885718646e+03
1.116714224084485396e+00 1.154488704503112295e+01 1.058707139815076289e+03
1.138129948517808687e+00 1.153483662206438609e+01 9.463027132818351674e+02
1.159802961730420190e+00 1.152379047889338182e+01 8.472560558220366147e+02
1.181771156445972082e+00 1.151569384518365879e+01 7.579377082444115103e+02
1.204029938715377224e+00 1.150263803774605442e+01 6.730235898661652527e+02
1.226493258499976369e+00 1.149336892823476397e+01 6.067104510854331920e+02
1.249228616563700545e+00 1.148381442822072174e+01 5.429425680074834872e+02
1.272257032871940030e+00 1.147254561774295034e+01 4.853543354888196291e+02
1.295388506830406294e+00 1.146275065903693147e+01 4.345719462075896899e+02
1.318900364890434496e+00 1.145494520891364942e+01 3.884966323186643535e+02
1.342374640055904234e+00 1.144402486899072180e+01 3.465645081462193389e+02
1.366180503432548710e+00 1.143464635791950634e+01 3.122379316694500062e+02
1.390050984457275707e+00 1.142451548542591588e+01 2.800182253033864868e+02
1.414100893609386622e+00 1.141469241599413031e+01 2.508679662503461145e+02
1.438270650549446028e+00 1.140569253432910379e+01 2.250481248348530414e+02
1.462544449962037030e+00 1.139533321845854807e+01 2.007610959563560868e+02
1.486896769304405508e+00 1.138694388164513249e+01 1.811130096665946496e+02
1.511299313918954557e+00 1.137711535817738806e+01 1.628096032775455058e+02
1.535743382465110107e+00 1.136651963719260117e+01 1.464526684837291270e+02
1.560200622809768900e+00 1.135747462639583638e+01 1.314885852829124531e+02
1.584641789509990906e+00 1.134681279182837876e+01 1.183979200945267110e+02
1.609057193180778444e+00 1.133651816606570328e+01 1.065481200797917296e+02
1.633420601359743429e+00 1.132640058260740545e+01 9.546913511938402053e+01
1.657697274585116176e+00 1.131521125595104493e+01 8.654673158950795653e+01
1.681876511613320968e+00 1.130450608878545893e+01 7.807293835523290682e+01
1.705938226866355878e+00 1.129325270551601257e+01 7.046749967075398047e+01
1.729842990445404238e+00 1.128121781284582426e+01 6.372538874841684020e+01
1.753584410288877793e+00 1.126995749350070319e+01 5.756679833976848215e+01
1.777119037948949654e+00 1.125750942902839213e+01 5.212628688196550542e+01
1.800459662307652975e+00 1.124547230509765505e+01 4.718986648373999060e+01
1.823560227392960087e+00 1.123202936652781680e+01 4.278719789099113768e+01
