2.191799393465098389e-01 1.550982308316407554e+01 3.683535669800713658e+06
2.251446675888659765e-01 1.526905317600382261e+01 3.238363991135320626e+06
2.313048876124972064e-01 1.508967831886435640e+01 2.831500128476564307e+06
2.376574092325382526e-01 1.485887318644990351e+01 2.495685518240472302e+06
2.442106774163867733e-01 1.466698585400374633e+01 2.183781534897672012e+06
2.509513937217584534e-01 1.451169930062681956e+01 1.915192297077581519e+06
2.578992638975641238e-01 1.432692036399569346e+01 1.690752270784887951e+06
2.650524675326029200e-01 1.415976118406827666e+01 1.482676330741869053e+06
2.724173784215504490e-01 1.401396396345033146e+01 1.299730279819946038e+06
2.799964793985287859e-01 1.387587850058579697e+01 1.140757645367142279e+06
2.877936933230781369e-01 1.374013827532668586e+01 9.998394177981128450e+05
2.958242195785720230e-01 1.361100595011176040e+01 8.795465069300923496e+05
3.040370298197465071e-01 1.350270745682059825e+01 7.736156193969217129e+05
3.124986223823155718e-01 1.338906709881427126e+01 6.783904615330713568e+05
3.211986435952466357e-01 1.328754745569519002e+01 5.960288737592888065e+05
3.301184040985415402e-01 1.319979446114521870e+01 5.241109631432448514e+05
3.392712415184599428e-01 1.309781920763985141e+01 4.613230843487245147e+05
3.486663671054624491e-01 1.301390452150311638e+01 4.056582869893252500e+05
3.583067184328321275e-01 1.293239130065962961e+01 3.563390451107667759e+05
3.681807338631334359e-01 1.285358651237812921e+01 3.136944670957202907e+05
3.783112086062852542e-01 1.278021516025595439e+01 2.759268335557497339e+05
3.886718407327118818e-01 1.271278359639100231e+01 2.426454028197922744e+05
3.992926771460216795e-01 1.264879412467205100e+01 2.136308759535677091e+05
4.101688023027234009e-01 1.259167553905319537e+01 1.883785589913386502e+05
4.212690778904576439e-01 1.253517305056822373e+01 1.657674625875166967e+05
4.326419445095531224e-01 1.247926919059420392e+01 1.460997825164416281e+05
4.442862065956172946e-01 1.242925685517514900e+01 1.273681804149681411e+05
4.561419476087227309e-01 1.238094710072359028e+01 1.135362316421305295e+05
4.682827389252442463e-01 1.233661604516782617e+01 1.000547824479457631e+05
4.806480022549667330e-01 1.229368615766801298e+01 8.843158882872950926e+04
4.932884173598824362e-01 1.225450585386943736e+01 7.783819577308697626e+04
5.061662975175172940e-01 1.221058957001244494e+01 6.887334644995213603e+04
5.193115831978261099e-01 1.218159707055856877e+01 6.015863424337651668e+04
5.326899572718147846e-01 1.214537029879226893e+01 5.372011822613984987e+04
5.463282621755933821e-01 1.211556475047462378e+01 4.744443963113058271e+04
5.602179826663389317e-01 1.208023471324318798e+01 4.198211741731262009e+04
5.743227989003191203e-01 1.205600168476427037e+01 3.712890154266188620e+04
5.886703269216295720e-01 1.202970598554620807e+01 3.292025844795372541e+04
6.032230839092806995e-01 1.200346821442803602e+01 2.910841277375373465e+04
6.180406326723589805e-01 1.197856187703398234e+01 2.582968759401823627e+04
6.332182944106837796e-01 1.195578372233223341e+01 2.283426597716957622e+04
6.487516287669385928e-01 1.193349454197451465e+01 2.023008172414175351e+04
6.647215872318612551e-01 1.191150091281363288e+01 1.777066357939851878e+04
6.811946459862049386e-01 1.189318776581649040e+01 1.583182473296116405e+04
6.982043052689123064e-01 1.187362131338712956e+01 1.396534047759861278e+04
7.157625625342499687e-01 1.185644946259828103e+01 1.232687447432527370e+04
7.339387694093720826e-01 1.184172582434857901e+01 1.076501775699671089e+04
7.526927068159813272e-01 1.182532780106741477e+01 9.457538440869684564e+03
7.720929991789472480e-01 1.181291583930949152e+01 8.391031388000625157e+03
7.921592236772733164e-01 1.180105316182589625e+01 7.357184079395332446e+03
8.129036650603673753e-01 1.179105823297953037e+01 6.456479828273502790e+03
8.343374784938937250e-01 1.178307814122402952e+01 5.652148925570746542e+03
8.564828501084518209e-01 1.177516742297150820e+01 4.945398365768350232e+03
8.793441364519820613e-01 1.177331103298124759e+01 4.321716830740855585e+03
9.029306462680477541e-01 1.176718987080274026e+01 3.783818269515817065e+03
9.267178698079103771e-01 1.176610146165966420e+01 3.309074472440765476e+03
9.501855817320383757e-01 1.176594997081727811e+01 2.912018057198061797e+03
9.733619627547559494e-01 1.176397169920651287e+01 2.570202766012259417e+03
9.963239791060299888e-01 1.176180389658563108e+01 2.272397627908650975e+03
1.019072474870734490e+00 1.176145882646344276e+01 2.018043620887169936e+03
1.041650959970840562e+00 1.175933370378487197e+01 1.796453300349528263e+03
1.064093059439862987e+00 1.176178363018332540e+01 1.597603990854268204e+03
1.086447687721596278e+00 1.175351810147805232e+01 1.426063653761417982e+03
1.108683953668222255e+00 1.174945003893000894e+01 1.264385163500713816e+03
1.130880320118665905e+00 1.174872798926685569e+01 1.139371947911012285e+03
1.152981918479069057e+00 1.174067425764024364e+01 1.021652108322782851e+03
1.175057827472776095e+00 1.173663236004473021e+01 9.145048501426772418e+02
1.197097333275836561e+00 1.173065343627044754e+01 8.151872799759927375e+02
1.219096848173035763e+00 1.172024243570505497e+01 7.381954000903500628e+02
1.241069963989688718e+00 1.171316658677754852e+01 6.629006479735045332e+02
1.263034474961354015e+00 1.170495979259122876e+01 5.957077017316486263e+02
1.284970299631247981e+00 1.169555981154202939e+01 5.354620371784945974e+02
1.306896831546117577e+00 1.168540529326428690e+01 4.822110993345787051e+02
1.328803879362995932e+00 1.167748215592531835e+01 4.340706148908718660e+02
1.350680902273055484e+00 1.166511771999944358e+01 3.912404721446696954e+02
1.372526124285806004e+00 1.165332502997218356e+01 3.528090459148327795e+02
1.394346446799183736e+00 1.164342582898827594e+01 3.180259048522161720e+02
1.416124613726819081e+00 1.162705668991905128e+01 2.871239095597051119e+02
1.437845429763708882e+00 1.161349073499556717e+01 2.593360542235021740e+02
1.459516127081717407e+00 1.160002684941548168e+01 2.340780479860488583e+02
1.481120310938819573e+00 1.158760374675509652e+01 2.116354403039078420e+02
1.502645181641754757e+00 1.156924464125302876e+01 1.914893221983802789e+02
1.524078408804392826e+00 1.155429736760610382e+01 1.731983462109918435e+02
1.545407923900529834e+00 1.153753484836066612e+01 1.566716397847078213e+02
1.566629439021575809e+00 1.151919790915768260e+01 1.414999448144131975e+02
1.587714409679734651e+00 1.150165329337312237e+01 1.285335634970518583e+02
1.608659343748763293e+00 1.148305987748070045e+01 1.165210740714470887e+02
1.629444900838044941e+00 1.146494055506020793e+01 1.057059061834227265e+02
1.650054001926495095e+00 1.144451217340126625e+01 9.591040823498808265e+01
1.670475953305053496e+00 1.142513571734297173e+01 8.721923195524325934e+01
1.690738721611207307e+00 1.140318737851667485e+01 7.925819160203870695e+01
1.710950420822285212e+00 1.138192078557953124e+01 7.193837628210140167e+01
1.731118530942628908e+00 1.136067587062929007e+01 6.539597435234769307e+01
1.751225386778491266e+00 1.133768761182163409e+01 5.940165971183482441e+01
1.771219890781992268e+00 1.131562300247916397e+01 5.404028152507444815e+01
1.791143433102559523e+00 1.129263404254413850e+01 4.911289023653389307e+01
1.810908182947607470e+00 1.126876045437094653e+01 4.469151012557430391e+01
1.830615803077363823e+00 1.124621974016775638e+01 4.049745687162820218e+01
1.849956115871915108e+00 1.122151695580821595e+01 3.704484179931184684e+01
1.869211515185726036e+00 1.119747058700578890e+01 3.370354510682152949e+01
