2.191799393465098389e-01 1.550982308316407554e+01 3.683535669800713658e+06
2.260311374956108788e-01 1.524498780546685950e+01 3.174309169384609442e+06
2.331042010515279317e-01 1.500468984637937631e+01 2.743869249674743973e+06
2.404426044942217788e-01 1.477484475382349416e+01 2.357410304873166606e+06
2.480334013446988950e-01 1.456302570340633729e+01 2.033921145512235118e+06
2.558888455461822975e-01 1.436916871986135114e+01 1.749431470311369048e+06
2.640128037352672541e-01 1.418399863105924830e+01 1.504463650047775125e+06
2.724111920234739692e-01 1.401599532507455947e+01 1.300595472671404714e+06
2.810893654958839805e-01 1.385491739474478301e+01 1.119202823037195019e+06
2.900535765227571505e-01 1.370710060696802479e+01 9.626304167528279359e+05
2.992982341469133667e-01 1.356746444587447087e+01 8.330495242202037480e+05
3.088401784374154579e-01 1.343425128514371103e+01 7.181062763785264688e+05
3.186760516840984048e-01 1.331664068792251499e+01 6.200883227011838462e+05
3.288154103110141890e-01 1.320721195903565182e+01 5.335098161437099334e+05
3.392553078957190604e-01 1.310279135977869025e+01 4.610731917137092096e+05
3.500106373417612993e-01 1.300095060978437722e+01 3.980997620375340921e+05
3.610811803305506995e-01 1.291083513178145381e+01 3.436537474475392373e+05
3.724657629716570661e-01 1.282121409631705689e+01 2.969791871481799171e+05
3.841819520846563307e-01 1.274140753234335399e+01 2.564100952620590397e+05
3.962132442170091529e-01 1.266717290483114233e+01 2.217821546487679298e+05
4.085660499961896175e-01 1.259723101299409898e+01 1.915483279411244148e+05
4.212424284906881589e-01 1.253466923804243116e+01 1.659433696658724803e+05
4.342606597117252276e-01 1.247192515610335484e+01 1.436289363065526413e+05
4.476093780929243371e-01 1.241318874297910924e+01 1.242921141326021461e+05
4.612928947255873768e-01 1.236156593464776954e+01 1.077055024484535679e+05
4.752864292975660931e-01 1.231170345472641259e+01 9.330590368296133238e+04
4.896130717453456294e-01 1.226551245488739106e+01 8.018122820060765662e+04
5.042671412797421482e-01 1.222190641135775735e+01 7.008846985929575749e+04
5.192660703939081523e-01 1.218190649233046408e+01 6.025132515219334891e+04
5.345750993109685822e-01 1.214185823020596189e+01 5.276752572276995488e+04
5.502196270898132013e-01 1.210608394086356121e+01 4.594055993803033198e+04
5.661945994897651380e-01 1.207238423116279158e+01 3.974780865134185296e+04
5.824383106883873618e-01 1.204176291333337545e+01 3.469197818720536452e+04
5.989440108610615265e-01 1.201025897270431742e+01 3.022696098475705003e+04
6.156707561855592203e-01 1.198232412492816401e+01 2.630966031886464407e+04
6.328072842817942245e-01 1.195398579531960692e+01 2.293868420541638261e+04
6.503670207543044146e-01 1.192880529778051013e+01 1.981911471677944792e+04
6.684430923983094575e-01 1.190573204197112389e+01 1.739815841249205187e+04
6.871317528687557186e-01 1.188225201947636833e+01 1.511851949105113090e+04
7.064320722756627369e-01 1.186189584133768982e+01 1.312178184569324731e+04
7.264928269959312068e-01 1.184299341403271555e+01 1.128824312844753695e+04
7.472415495245132711e-01 1.182224898202983887e+01 9.861063161039228362e+03
7.687982001767885709e-01 1.180866242777615227e+01 8.526226743588073077e+03
7.911733693387947852e-01 1.179332581495323318e+01 7.363545265556474988e+03
8.143814746267322713e-01 1.178087447277779098e+01 6.348085934242834810e+03
8.384626461408841713e-01 1.177000448716022341e+01 5.466160233444563346e+03
8.634373351921358353e-01 1.176146741723784395e+01 4.710024337409359759e+03
8.889567647107844417e-01 1.175342940861554730e+01 4.047835474864678417e+03
9.140326440604050751e-01 1.174887428352836061e+01 3.508463606772631920e+03
9.386586995051889870e-01 1.174175676170560223e+01 3.051529826528665126e+03
9.629031407775683338e-01 1.173539559556996892e+01 2.664236907592993703e+03
9.868509893458770055e-01 1.173122756874229999e+01 2.338406590176962254e+03
1.010544068548963503e+00 1.172450162963604647e+01 2.053777483109219247e+03
1.034014762826705569e+00 1.171642328573523173e+01 1.808433554189819688e+03
1.057353749254892561e+00 1.170740388652154707e+01 1.595736664751791977e+03
1.080542149249552386e+00 1.169759356427848118e+01 1.408398391773480171e+03
1.103598856633985825e+00 1.168763938635924049e+01 1.248689159518015458e+03
1.126575370619178118e+00 1.167664629766458795e+01 1.106008506505085279e+03
1.149488512566733789e+00 1.166246382215048882e+01 9.816155007789245701e+02
1.172369027546177112e+00 1.165173317037778133e+01 8.710952228198605098e+02
1.195201243594765872e+00 1.163652569485872945e+01 7.734893505780796659e+02
1.217992643639983052e+00 1.162132752787981893e+01 6.880906422594958940e+02
1.240770761908422948e+00 1.160460495243309786e+01 6.122104331669482917e+02
1.263517409650357637e+00 1.159066385318813630e+01 5.456480117288317615e+02
1.286251836511768776e+00 1.157007443948672432e+01 4.856820374429089497e+02
1.308948037135171827e+00 1.155139793171490759e+01 4.298388567228985835e+02
1.331623471256634161e+00 1.153147552178816504e+01 3.854924840395136130e+02
1.354256609882758422e+00 1.151208003332154028e+01 3.438816989157098760e+02
1.376963174946509438e+00 1.149310719552230076e+01 3.066419587517288505e+02
1.399388712090077647e+00 1.147322396507155240e+01 2.740935710226852962e+02
1.421855126258706692e+00 1.144834003402805145e+01 2.448839563718227623e+02
1.444238664218933099e+00 1.142419633328916007e+01 2.188073591913638438e+02
1.466648722708936425e+00 1.140327339666214002e+01 1.944557552430068768e+02
1.488706226659052945e+00 1.137651171743357814e+01 1.750181561627704525e+02
1.510751737821425911e+00 1.135198313885640253e+01 1.560801530421813368e+02
1.532647888601190500e+00 1.132579165386058762e+01 1.404630646892284744e+02
1.554385938377265797e+00 1.129917940871251147e+01 1.259092061606858550e+02
1.575932308277139926e+00 1.127221572753803258e+01 1.129572677230082860e+02
1.597268866170241663e+00 1.124372937150913110e+01 1.009253954207718067e+02
1.618384949480679236e+00 1.121568356819540568e+01 9.103671185648110509e+01
1.639250719340913598e+00 1.118638432122941140e+01 8.189204245176243546e+01
1.659846181278927357e+00 1.115650476458249329e+01 7.327548440860209666e+01
1.680154559715689500e+00 1.112648406088637998e+01 6.625192535564951868e+01
1.700279183781643777e+00 1.109585618593056644e+01 5.949592294572075701e+01
1.719812283230522709e+00 1.106314957539440869e+01 5.381723428235854811e+01
1.739137932174768864e+00 1.103124101250589817e+01 4.856156829732248070e+01
1.758068826317893185e+00 1.099876553050150463e+01 4.390562183893027282e+01
1.776611502410693655e+00 1.096490820566987168e+01 3.972813218829775650e+01
1.794753576739684497e+00 1.093132803220150429e+01 3.595223953857720289e+01
1.812466244120380710e+00 1.089690905237190144e+01 3.245668703461032578e+01
1.829727940956277443e+00 1.086087608895767964e+01 2.956073868296370222e+01
1.846531319068298815e+00 1.082531569457512788e+01 2.685734717332584154e+01
1.862856636320931791e+00 1.078912377004716916e+01 2.440261271210676242e+01
1.878689990008211907e+00 1.075234430154644727e+01 2.220031083252894177e+01
1.894011907213232870e+00 1.071504355612806592e+01 2.024115512635511038e+01
1.908816636534663047e+00 1.067793197380613357e+01 1.845893220678208024e+01
1.923094077045275796e+00 1.063891984710611638e+01 1.686456106573172065e+01
1.936830729511462845e+00 1.060078538136052373e+01 1.541502572313841490e+01
1.950015065041237339e+00 1.056132971315309632e+01 1.411959269211676649e+01
1.962644728573220476e+00 1.052169235953290283e+01 1.291021271084000510e+01
