2.191799393465098389e-01 1.550982308316407554e+01 3.683535669800713658e+06
2.256815506489007750e-01 1.526047550056854440e+01 3.199590388462214731e+06
2.324017564267538694e-01 1.502220744460269053e+01 2.771986176395599265e+06
2.393522574359300548e-01 1.481355156324069888e+01 2.414942461962745991e+06
2.465359953794310777e-01 1.460936513552529270e+01 2.085962753470232477e+06
2.539518594816316255e-01 1.441686444677002044e+01 1.818699401743422495e+06
2.616122936749560868e-01 1.423615380053910684e+01 1.576422270526951412e+06
2.695187807716088457e-01 1.407027926437196541e+01 1.364997459941907087e+06
2.776760068477484023e-01 1.391422954345054741e+01 1.188943671910219360e+06
2.860915372488111452e-01 1.376955583650237713e+01 1.028587520157645806e+06
2.947584217067716339e-01 1.363321678958275740e+01 8.939220153872476658e+05
3.036884144949157371e-01 1.350330130973506115e+01 7.759556345734208589e+05
3.128887637316631332e-01 1.338943673150283686e+01 6.747415818450637162e+05
3.223599799462961157e-01 1.328146549184563874e+01 5.875942310648439452e+05
3.321082154811631493e-01 1.317317588687966534e+01 5.095456833104878315e+05
3.421408297107200736e-01 1.307316429418455783e+01 4.434345334923599730e+05
3.524337102760990437e-01 1.297918812971743208e+01 3.850733945744454395e+05
3.630331831707412915e-01 1.289698184588126573e+01 3.355052057478568167e+05
3.738997025086573389e-01 1.281188391864014164e+01 2.915817032833655830e+05
3.850737322236660320e-01 1.273516268512480920e+01 2.536341629865894211e+05
3.965395767750378164e-01 1.266782029297015022e+01 2.211950616065214563e+05
4.082895172449613752e-01 1.259798963257027182e+01 1.926441634629362670e+05
4.203318062206819472e-01 1.253265142557266820e+01 1.675399919837845082e+05
4.326852426836979570e-01 1.248083204720003003e+01 1.462296009979460214e+05
4.453439072789957542e-01 1.242557349727813687e+01 1.272224333932577138e+05
4.582842673068795447e-01 1.237161202323247977e+01 1.113681730914984364e+05
4.715398152072218241e-01 1.232307918488235110e+01 9.686218901262478903e+04
4.850701646451625604e-01 1.227756179840858408e+01 8.463063979193242267e+04
4.989133187173130368e-01 1.223569989930707536e+01 7.376528986941470066e+04
5.130487693744092415e-01 1.219622386405372616e+01 6.400956560662538686e+04
5.274869806454258736e-01 1.215732075615574459e+01 5.643969433215701429e+04
5.422205360653196138e-01 1.212430632524982244e+01 4.931380468253039726e+04
5.572499943970579128e-01 1.209079826058957963e+01 4.306125960346698412e+04
5.725446068734174609e-01 1.205957565505312701e+01 3.774743415695700969e+04
5.880739557662246764e-01 1.203003051775348453e+01 3.308906233915461053e+04
6.035683381389972402e-01 1.200202182124398398e+01 2.905105789848059430e+04
6.189915685336785378e-01 1.197570035466187655e+01 2.558027270577919262e+04
6.345475424246250773e-01 1.194829604923790001e+01 2.262369741863082163e+04
6.503342497878102924e-01 1.192555916334565858e+01 1.993526077702586554e+04
6.663499563566406270e-01 1.190121004599027721e+01 1.756102054504034095e+04
6.827431125905720766e-01 1.187769458170148340e+01 1.550505451159123550e+04
6.995406858123220939e-01 1.185406632780844305e+01 1.366548098528360242e+04
7.168564062759252842e-01 1.183199648555056349e+01 1.202834560379777940e+04
7.345147778348004586e-01 1.180879430142845976e+01 1.058814445488465026e+04
7.527638409382362283e-01 1.179009157667475449e+01 9.308788314642406476e+03
7.715878201171703088e-01 1.176901710838543380e+01 8.166944027208468469e+03
7.909859473685898479e-01 1.175222543979116985e+01 7.171540834747602275e+03
8.110150965760762887e-01 1.173528097186591879e+01 6.269806204520120446e+03
8.316602067765946904e-01 1.171912242082568056e+01 5.489057276908804852e+03
8.529651650969907184e-01 1.170387476524268955e+01 4.801232338020830866e+03
8.749313307618545865e-01 1.168974243349207676e+01 4.188427966049066526e+03
8.975892985467998075e-01 1.167734283739522638e+01 3.624555633717950514e+03
9.209221914365578465e-01 1.166391433892618679e+01 3.188346130474460097e+03
9.449578047886142418e-01 1.165594143605886401e+01 2.761171945615651566e+03
9.696874492995842809e-01 1.164587023102143348e+01 2.416310738330096683e+03
9.951177941491269330e-01 1.164189163120819792e+01 2.102002850109306110e+03
1.021248857891606132e+00 1.163436330447420985e+01 1.828389446997357936e+03
1.048062196177436345e+00 1.162924531990447363e+01 1.588684486516598326e+03
1.075564890883064173e+00 1.162705712397829849e+01 1.380685944986168579e+03
1.103739342154272052e+00 1.162717205689065381e+01 1.199710735755634687e+03
1.132582005224034738e+00 1.162315231607627553e+01 1.035304154551397687e+03
1.162060489838374178e+00 1.162296135519708606e+01 9.060719038132599508e+02
1.192159137057599017e+00 1.162329872577421241e+01 7.874035023015437673e+02
1.222864388975385630e+00 1.162641943017986002e+01 6.836380812711562385e+02
1.254154082875372334e+00 1.162911514352486542e+01 5.940512278270963407e+02
1.285997077839014846e+00 1.163213546892647443e+01 5.161972849052909851e+02
1.318362210131893031e+00 1.163566747524004441e+01 4.492383187261998501e+02
1.351213813874449388e+00 1.164397557791646243e+01 3.908369154748698975e+02
1.384528550077380293e+00 1.164866021254046125e+01 3.402477583757471962e+02
1.418270355768810997e+00 1.165680390607285766e+01 2.966716209556564650e+02
1.452394170722300482e+00 1.166054742640853625e+01 2.583676353732583948e+02
1.486872221188052956e+00 1.167048047597590532e+01 2.255174430240105607e+02
1.521559347336377321e+00 1.167771715176524161e+01 1.966952211715841372e+02
1.554842659187379850e+00 1.168356430630857545e+01 1.730274562765162329e+02
1.586283868747734749e+00 1.168755949566207164e+01 1.532197849350265528e+02
1.615973663778497826e+00 1.168737476724050062e+01 1.364965358596852525e+02
1.644033338406865941e+00 1.168693009198564781e+01 1.221833868168332060e+02
1.670564058872443303e+00 1.168339291900535670e+01 1.098938118323425925e+02
1.695679367716292463e+00 1.167678600994523919e+01 9.929879497959016987e+01
1.719471000042391839e+00 1.166914962871570971e+01 8.984923448351624131e+01
1.741922689372770838e+00 1.165764606760052580e+01 8.169670029589204319e+01
1.763234689651318021e+00 1.164431889970497735e+01 7.446941557060517880e+01
1.783384875830051675e+00 1.162848567664464206e+01 6.782004176770679749e+01
1.802479296331606751e+00 1.161104944000902073e+01 6.231294362192755898e+01
1.820529491563131597e+00 1.159035348934037479e+01 5.718883480421343535e+01
1.837604599437171693e+00 1.156757883759838990e+01 5.241053227048339380e+01
1.853746055137426740e+00 1.154349311071388584e+01 4.826797321173578581e+01
1.868994002706078961e+00 1.151674024431051713e+01 4.472098154383343882e+01
1.883372163099790386e+00 1.148812460867993401e+01 4.134165540862944965e+01
1.896916771059153239e+00 1.145805137309903188e+01 3.825967253297520898e+01
1.909670641420372128e+00 1.142697663829234855e+01 3.545360313073571490e+01
1.921648013683691758e+00 1.139422570301809934e+01 3.290072665217471126e+01
1.932879580102607076e+00 1.135921936158660728e+01 3.047173663245249031e+01
1.943386274851127249e+00 1.132325631150768430e+01 2.835857947174794447e+01
1.953194764098708625e+00 1.128572175829794233e+01 2.649795926567150772e+01
1.962326786960900460e+00 1.124636596777819086e+01 2.471062798916636538e+01
1.970794783216235802e+00 1.120697322987208011e+01 2.306702104528858754e+01
1.978627566800041482e+00 1.116516625755359726e+01 2.156377549422414930e+01
1.985834804059660286e+00 1.112304736459701182e+01 2.015287876369784925e+01
1.992433529672551495e+00 1.107983712767532225e+01 1.888682860101791050e+01
