2.191799393465098389e-01 1.550982308316407554e+01 3.683535669800713658e+06
2.259569771670054683e-01 1.525138623919056435e+01 3.185340932029884309e+06
2.329737361568603449e-01 1.500849231608448342e+01 2.743649138219674118e+06
2.402393069189604213e-01 1.478676444785953237e+01 2.366475771424828563e+06
2.477545340430175047e-01 1.457859832489074492e+01 2.053630350522102555e+06
2.555284109575703955e-01 1.438401603004955120e+01 1.757475118987783557e+06
2.635656651166246589e-01 1.419344808359347887e+01 1.521476478663965594e+06
2.718719926412987986e-01 1.402860684335342079e+01 1.310762876806411194e+06
2.804523401904387425e-01 1.386498146620535721e+01 1.132144577070351923e+06
2.893129820816288111e-01 1.371951666555253269e+01 9.768476248392434791e+05
2.984690124083461127e-01 1.357789820207937126e+01 8.425479383445724379e+05
3.078919581460450305e-01 1.344871514325880923e+01 7.277131207439990249e+05
3.176163921962493752e-01 1.333346021227115230e+01 6.284724065622596536e+05
3.276122387180787077e-01 1.321441739326840725e+01 5.445389249088483630e+05
3.379177805352822639e-01 1.311398794532009049e+01 4.695928170740585192e+05
3.485349021066648789e-01 1.301798866919219044e+01 4.058610757356929244e+05
3.594849526283141472e-01 1.292292992043278232e+01 3.513890496777571389e+05
3.706969715792381992e-01 1.282869621557356155e+01 3.033942563875367050e+05
3.822642516271743673e-01 1.275308132118580140e+01 2.625634833526095026e+05
3.941096122949158675e-01 1.267880654090005343e+01 2.261334322664282809e+05
4.063070324564607150e-01 1.261007072186094824e+01 1.968757004045849899e+05
4.188089734507484119e-01 1.254482394233039244e+01 1.705226984699868772e+05
4.316435921643113627e-01 1.248372764743526453e+01 1.476598115598334116e+05
4.448193999960161071e-01 1.242534313025675274e+01 1.278240590594260429e+05
4.582834323716979408e-01 1.237325808585566200e+01 1.109579282175581320e+05
4.720983464315088862e-01 1.232341420740017313e+01 9.535415102986383135e+04
4.862156585745971982e-01 1.227387356118712880e+01 8.360520526843733387e+04
5.006628606216109167e-01 1.222971523693805374e+01 7.233306147768972733e+04
5.154343652732714665e-01 1.218976523144390178e+01 6.308106743667105184e+04
5.305310012584036894e-01 1.215264351332554327e+01 5.475192231588831055e+04
5.459488887742418584e-01 1.211557514905246435e+01 4.764855866808164865e+04
5.616882696606720904e-01 1.208141200907497570e+01 4.142361006472517329e+04
5.777058204299370114e-01 1.205011571048907193e+01 3.606044001018978452e+04
5.935483106410442966e-01 1.201867173542585476e+01 3.160358173755045573e+04
6.084101819513972886e-01 1.199268409352421472e+01 2.759816528488978656e+04
6.225705336984553862e-01 1.196377565515660635e+01 2.474357279100772575e+04
6.362375772522588235e-01 1.193596890770339591e+01 2.191872881397294987e+04
6.496012357901250756e-01 1.190808427522408053e+01 1.978219980377652246e+04
6.627615142225190548e-01 1.187874021989960482e+01 1.773109958108697174e+04
6.758314726619815138e-01 1.184859799721758300e+01 1.592826336687351431e+04
6.888923407650728858e-01 1.181723155340619158e+01 1.428985562683578428e+04
7.020077341249403302e-01 1.178675863828616954e+01 1.282563610801402137e+04
7.152531273018363223e-01 1.175319292059136167e+01 1.149356296941454821e+04
7.286605710717056761e-01 1.171993421961974136e+01 1.032109615598669006e+04
7.422892195519761316e-01 1.168649052143379663e+01 9.235259665588946518e+03
7.561692988160658713e-01 1.165305478095617175e+01 8.297991788934414217e+03
7.703433239570938174e-01 1.162151455005131773e+01 7.403590775128712266e+03
7.848362554599498386e-01 1.158533300750319661e+01 6.617771118692274285e+03
7.996787209352171910e-01 1.155095297304914226e+01 5.904266875231425729e+03
8.148900075940281873e-01 1.151734163459294358e+01 5.262635489830295228e+03
8.304968837432088469e-01 1.148214135205781972e+01 4.683961449354354045e+03
8.465057158302340401e-01 1.144682907892683943e+01 4.168963438951293028e+03
8.629412610284720175e-01 1.141295166797793925e+01 3.698319553420234115e+03
8.798136294754899112e-01 1.138421199168719866e+01 3.278787137985150366e+03
8.971284179243113055e-01 1.134533410362215555e+01 2.904744447212566229e+03
9.148902368082845182e-01 1.131322997677800934e+01 2.570924448530378868e+03
9.331152760983875138e-01 1.128164938044678323e+01 2.273553402521060889e+03
9.517889884366460551e-01 1.124799354311352317e+01 2.007002063264305889e+03
9.709245120789452566e-01 1.121567659498352576e+01 1.773374884422802324e+03
9.905087129224446896e-01 1.118724176977356777e+01 1.562438738175964772e+03
1.010547467772151986e+00 1.115498183222156214e+01 1.370168399615002727e+03
1.031025211807993003e+00 1.112371724169732801e+01 1.213676223677894313e+03
1.051936935672958429e+00 1.109585806009319064e+01 1.069674124000823213e+03
1.073268647847769541e+00 1.106586131288983843e+01 9.407317555260848394e+02
1.094972253195785949e+00 1.104296354614332998e+01 8.280331497248166670e+02
1.116852321121735603e+00 1.101243221871292910e+01 7.290294803386817648e+02
1.138858435580751838e+00 1.098591638353754085e+01 6.390404669647671199e+02
1.160986262310177430e+00 1.095975734265175383e+01 5.675856202742662617e+02
1.183186468333371266e+00 1.093308000786614187e+01 5.015067864457451492e+02
1.205468579596000955e+00 1.090796773565781841e+01 4.433912635034204186e+02
1.227833536055843666e+00 1.088434583787096166e+01 3.919546237508100717e+02
1.250215401428702799e+00 1.085690554872650715e+01 3.471327353766376973e+02
1.272638973279318853e+00 1.083130594999705032e+01 3.076278319557807208e+02
1.295095753316539255e+00 1.080453608993014036e+01 2.712966023413728749e+02
1.317525277728570421e+00 1.078167098881456809e+01 2.419634702152071668e+02
1.339919748616729800e+00 1.075402652418050842e+01 2.148023680437619305e+02
1.362291199207339210e+00 1.072762675209586725e+01 1.909307281550723303e+02
1.384586204451687674e+00 1.070178189133114266e+01 1.699355502093121686e+02
1.406773782841248988e+00 1.067510656992670270e+01 1.512998541773332875e+02
1.428866330053806477e+00 1.064916983087651658e+01 1.347978497768254442e+02
1.450837236804958907e+00 1.062285066464393068e+01 1.196552668604769565e+02
1.472592282590694301e+00 1.059494460215318767e+01 1.073683356131470532e+02
1.494254371687868899e+00 1.056798994466961261e+01 9.586066221045908264e+01
1.515581231785842586e+00 1.054110378041131568e+01 8.574610552654628748e+01
1.536761139990896918e+00 1.051237228331980056e+01 7.675310429392347089e+01
1.557662090142418743e+00 1.048419002114967924e+01 6.878172972551308817e+01
1.578289152408448581e+00 1.045679348318358137e+01 6.143987043935540981e+01
1.598628644645117669e+00 1.042677228817869839e+01 5.541964483284083087e+01
1.618643157499166652e+00 1.039815645688553047e+01 4.970533229606406422e+01
1.638308491284447221e+00 1.036827261140445522e+01 4.478084104219636430e+01
1.657617810731109476e+00 1.033806432581678614e+01 4.033522510890930590e+01
1.676530928248835206e+00 1.030829319030321756e+01 3.638082831090676450e+01
1.695086452070172278e+00 1.027718885957156125e+01 3.282695475639395255e+01
1.713125251169912433e+00 1.024600620020002140e+01 2.967420019837801703e+01
1.730828805762703926e+00 1.021407197898598795e+01 2.684818888260795333e+01
1.747998202167032833e+00 1.018212851042386191e+01 2.425551473152858506e+01
1.764674420521087805e+00 1.015044580257757723e+01 2.206258334542069477e+01
1.780878671915212319e+00 1.011671648448727190e+01 1.999043511168349951e+01
1.796603334256033691e+00 1.008366687300629394e+01 1.824070907813027276e+01
1.811794637763129101e+00 1.005031403709092785e+01 1.660501733120143086e+01
