2.191799393465098389e-01 1.550982308316407554e+01 3.683535669800713658e+06
2.259856513489593988e-01 1.524672505232573627e+01 3.170265247367548291e+06
2.330313274883915875e-01 1.500015105425683615e+01 2.733997050678480882e+06
2.403295086126648605e-01 1.477814392258320808e+01 2.359419777621213812e+06
2.478788078029325048e-01 1.456648671577067056e+01 2.035013563300882466e+06
2.556881836808308495e-01 1.437118964873936022e+01 1.753311693211295875e+06
2.637635165788901337e-01 1.419143821105707204e+01 1.512050105404027272e+06
2.721111803882106939e-01 1.402719251699046055e+01 1.308771289764766116e+06
2.807347980444440672e-01 1.385712540422124484e+01 1.125068181331049651e+06
2.896408922236903827e-01 1.371362869705576237e+01 9.713093209856355097e+05
2.988404056057168412e-01 1.357414527038053542e+01 8.378754025869726902e+05
3.083003193723435342e-01 1.344483632496256931e+01 7.229992825738330139e+05
3.180787057616454860e-01 1.332445124487591137e+01 6.240306441667965846e+05
3.281466237217059434e-01 1.320823258292241320e+01 5.395407474007413257e+05
3.385099594870654149e-01 1.310429533944982516e+01 4.663457012998829596e+05
3.491937377277737897e-01 1.300614017163484171e+01 3.985315443353911978e+05
3.601866950970850079e-01 1.291704654598190594e+01 3.474722597129583592e+05
3.714807254500126499e-01 1.283040884351480848e+01 3.006287918230027426e+05
3.831155392000828441e-01 1.274903286710559769e+01 2.586692938871082151e+05
3.950436075761998289e-01 1.267444604922804530e+01 2.227538198264622770e+05
4.073072629792502397e-01 1.260444008353092826e+01 1.946229166286402906e+05
4.198855016082250202e-01 1.253982496434732496e+01 1.683140979442640964e+05
4.328030084142379663e-01 1.247851590851430004e+01 1.447016958519239270e+05
4.460468498672907067e-01 1.242166847487773751e+01 1.265583850024640415e+05
4.596292031845390369e-01 1.236832919976706435e+01 1.093091760857768240e+05
4.735104461956298194e-01 1.231792714460517857e+01 9.479178385352213809e+04
4.877355595829798163e-01 1.227071175565328787e+01 8.245327271072489384e+04
5.022597517359287389e-01 1.222685123212458258e+01 7.149946523273867206e+04
5.171279991207877735e-01 1.218705849928073270e+01 6.204109507030175882e+04
5.323224365050739371e-01 1.214629648416697805e+01 5.390406702405874239e+04
5.478410533399840077e-01 1.211160310408619267e+01 4.687086671312781982e+04
5.636847278413624762e-01 1.207807148418097398e+01 4.073908408124452399e+04
5.798030438180657997e-01 1.204556388010919399e+01 3.546630811789026484e+04
5.957928896501315519e-01 1.201471398835845861e+01 3.100571934980743026e+04
6.112564166116597475e-01 1.198683627503988802e+01 2.726972328750811357e+04
6.263621131123754404e-01 1.196034757234010826e+01 2.402996740336998846e+04
6.413205877507479613e-01 1.193302152023228579e+01 2.129843768001646822e+04
6.562248497415480442e-01 1.190456388514256325e+01 1.888854034295349629e+04
6.711784267001889015e-01 1.187794713794171386e+01 1.673154360353271113e+04
6.862797539389088319e-01 1.184663383862586272e+01 1.489567296613224607e+04
7.016715478256173588e-01 1.182103534132833644e+01 1.317003373453020322e+04
7.171781271507898792e-01 1.179419604668414401e+01 1.168786588023959121e+04
7.330830474898597515e-01 1.176741698530145896e+01 1.035537001393598621e+04
7.493478046707379159e-01 1.173868180465617428e+01 9.175466878105364231e+03
7.660150314042341035e-01 1.171134283679209176e+01 8.097034174794707724e+03
7.831227722198780272e-01 1.168412175883670479e+01 7.167237904817932758e+03
8.007011061918831718e-01 1.165662953466295448e+01 6.328240770638752110e+03
8.187646671715537172e-01 1.162857215918739406e+01 5.569729332137546407e+03
8.373507101327598567e-01 1.160680169878573942e+01 4.901986881696532691e+03
8.564679539135368058e-01 1.157932671399172619e+01 4.312479982141012442e+03
8.761406217755575154e-01 1.155223170953300205e+01 3.789557081779392320e+03
8.963691485516380730e-01 1.153088897318477812e+01 3.321586061358862935e+03
9.171846322356912440e-01 1.150764559257577346e+01 2.910301046726903678e+03
9.385605663215597083e-01 1.148562257401125031e+01 2.530716444633780611e+03
9.605249104584088204e-01 1.146374610152454920e+01 2.230498747123267549e+03
9.830749545006591816e-01 1.144721990218408258e+01 1.949103192023750353e+03
1.006207990409503372e+00 1.142353609480744936e+01 1.704675935963829716e+03
1.029917914093547715e+00 1.140474310948810377e+01 1.487816165080304472e+03
1.054198986586513564e+00 1.138684140268596323e+01 1.299239642600369507e+03
1.079029260850799199e+00 1.136949149534601489e+01 1.133805049463848036e+03
1.104417302126290856e+00 1.135715271831268147e+01 9.878835794537668562e+02
1.130332408251454313e+00 1.133947943847890194e+01 8.622271298774201114e+02
1.156760339167217211e+00 1.132798263278353446e+01 7.512445221114488731e+02
1.183674018683886997e+00 1.131022305976221709e+01 6.517608306069909077e+02
1.211050815927113833e+00 1.129781266906037196e+01 5.720872046020027710e+02
1.238880650937734806e+00 1.128766513253274084e+01 4.988593401788057236e+02
1.267116727298699841e+00 1.127399759972247040e+01 4.352213180068312113e+02
1.295743763140474236e+00 1.126314788219970886e+01 3.776541539672853105e+02
1.324723260876575992e+00 1.125082066274544168e+01 3.319133215778808790e+02
1.354024603284341044e+00 1.124061232154279644e+01 2.896325155897771424e+02
1.383607954642701143e+00 1.123329305489927776e+01 2.534296630789597486e+02
1.413444311306560452e+00 1.122199003592847433e+01 2.216414344616819108e+02
1.443490150878522504e+00 1.121158901023614618e+01 1.940915181852203375e+02
1.473697460390178016e+00 1.120491798076671408e+01 1.699406161748307511e+02
1.504039684051441172e+00 1.119443924826419590e+01 1.491566989211232226e+02
1.534469027003982911e+00 1.118555507759361234e+01 1.307802427154804548e+02
1.564948591288303659e+00 1.117676816771977144e+01 1.148105505922331844e+02
1.595423323720477793e+00 1.116724037448868145e+01 1.005665680001395117e+02
1.625810581779950859e+00 1.115825609153576004e+01 8.893522552805015380e+01
1.655563786448603025e+00 1.114901028288266005e+01 7.855522981222441103e+01
1.684478405676405055e+00 1.113906369966910503e+01 6.955139892202167573e+01
1.712574145095439260e+00 1.112838495256197291e+01 6.177508853868121008e+01
1.739826577054036649e+00 1.111639107326856646e+01 5.508690629110255088e+01
1.766238797621149548e+00 1.110302134338152769e+01 4.903427118967243103e+01
1.791822954088654107e+00 1.108876633168408254e+01 4.404362526765909536e+01
1.816591489399492332e+00 1.107235748431645739e+01 3.956912165943636950e+01
1.840533074589273177e+00 1.105583281840752541e+01 3.557141862627290863e+01
1.863663337438126177e+00 1.103722998450688131e+01 3.193205260587176042e+01
1.885975827726288134e+00 1.101792168216701384e+01 2.893492447779217969e+01
1.907481002538390369e+00 1.099706842448293997e+01 2.616703648744774213e+01
1.928192678383273240e+00 1.097455746269927523e+01 2.373170799287528965e+01
1.948083823998203901e+00 1.095176490333329333e+01 2.155914711924254235e+01
1.967194428574316367e+00 1.092730736485503940e+01 1.959247498172777924e+01
1.985513600319079419e+00 1.090133881658094772e+01 1.778295019760226481e+01
2.003050832607864873e+00 1.087528881519331847e+01 1.628328674497361561e+01
2.019805001048135651e+00 1.084674559377152292e+01 1.487909544877775758e+01
2.035786946192091662e+00 1.081826830191468147e+01 1.361823155826351517e+01
2.051003452553914475e+00 1.078870708952692326e+01 1.244263952421763442e+01
2.065444243402694280e+00 1.075764749599891346e+01 1.145229794949644386e+01
2.079160638805769512e+00 1.072550643974090789e+01 1.053895396531553530e+01
