2.191799393465098389e-01 1.550982308316407554e+01 3.683535669800713658e+06
2.257661103799065705e-01 1.526799641858138834e+01 3.208685088889126200e+06
2.325546890625145302e-01 1.501652325650939268e+01 2.768134790464117657e+06
2.395887975028324623e-01 1.481351088519952874e+01 2.405375271916656289e+06
2.468612854958457392e-01 1.459332275026994807e+01 2.075641278713612817e+06
2.543738337006380412e-01 1.440537844756670971e+01 1.797213171899732435e+06
2.621339607967507757e-01 1.423055460910592096e+01 1.561559417297890875e+06
2.701470919581576702e-01 1.405888738968951657e+01 1.353755388527661562e+06
2.784254728487660646e-01 1.392954407089843727e+01 1.158218475401186384e+06
2.869507184138166966e-01 1.375491727171375800e+01 1.016234486071545980e+06
2.957522388881929643e-01 1.362160198252696119e+01 8.804051799932452850e+05
3.048060693587372194e-01 1.349251050118812678e+01 7.639798768951524980e+05
3.141454900524452420e-01 1.337131022072768261e+01 6.622483082957608858e+05
3.237573280947935173e-01 1.326431819495910247e+01 5.746876651310420129e+05
3.336580992968700143e-01 1.315354498105051029e+01 4.997432214130361099e+05
3.438351296780905453e-01 1.305745935012791215e+01 4.326169688399127917e+05
3.543075879858090249e-01 1.296315621477119073e+01 3.755935333783666720e+05
3.650731489217535208e-01 1.287865328058307313e+01 3.260026647836185293e+05
3.761197458418618078e-01 1.279587266690210079e+01 2.839881452821653220e+05
3.874755224293029432e-01 1.272003552518368785e+01 2.463269122449271672e+05
3.991244298566097859e-01 1.264867120557823554e+01 2.141939040999596473e+05
4.110898383820882906e-01 1.258380300194233214e+01 1.860766295736998145e+05
4.233392379909963199e-01 1.252288275975849707e+01 1.619861992506207898e+05
4.359167546382285985e-01 1.247174046719243279e+01 1.408077866079295345e+05
4.487866723618204601e-01 1.241002158142880418e+01 1.228190212081510836e+05
4.619661699725974291e-01 1.235335540524056874e+01 1.070050523335248581e+05
4.754374522078779752e-01 1.231067254220475604e+01 9.340598038701883343e+04
4.892281295077309244e-01 1.226488194753467731e+01 8.030711610479892988e+04
5.032973751468787782e-01 1.222317162952086811e+01 7.085193991602341703e+04
5.176894871731557712e-01 1.218522223862720644e+01 6.177182621643887978e+04
5.323861805177821926e-01 1.214616598362690247e+01 5.387179874831612688e+04
5.473858294638771493e-01 1.211172468912891453e+01 4.705026155601986102e+04
5.626892263839825548e-01 1.208021302806977815e+01 4.105534207990989671e+04
5.782493645158791606e-01 1.204829575145206277e+01 3.596090133947701543e+04
5.939987716400013662e-01 1.201732551324559140e+01 3.147068033471009039e+04
6.097844072523666004e-01 1.199207639877978337e+01 2.756479452306716848e+04
6.257368680825392548e-01 1.196603207677021175e+01 2.425780800087323587e+04
6.419177693164602738e-01 1.193848958428407592e+01 2.131493942324067029e+04
6.584424655668631443e-01 1.191651122140347674e+01 1.870564210870431634e+04
6.753670536829232685e-01 1.189197301616520086e+01 1.644904530908911693e+04
6.927662391257854990e-01 1.186573588574882265e+01 1.445629144055249526e+04
7.106469104569903550e-01 1.184884493041228737e+01 1.265188134731683385e+04
7.291058667743711696e-01 1.182726011293158841e+01 1.107286906114269732e+04
7.481591815822243863e-01 1.180760801604215793e+01 9.693969003263697232e+03
7.678613861884410197e-01 1.179012285373865154e+01 8.470820656376463376e+03
7.881766531622758087e-01 1.177326175083004145e+01 7.388686753161952765e+03
8.091988996352801333e-01 1.175573431132085389e+01 6.382933291728730183e+03
8.309315414093449981e-01 1.174402309361683905e+01 5.603956446998540741e+03
8.533801108499265986e-01 1.173144315102705626e+01 4.878950334254759582e+03
8.765739622779661344e-01 1.171892781804480066e+01 4.240064972747175489e+03
9.005183877585604124e-01 1.170802777227272529e+01 3.679997861357237980e+03
9.252305530531514943e-01 1.170250038232358136e+01 3.190213148747706327e+03
9.503958383120624243e-01 1.169606361994714128e+01 2.771769877973079929e+03
9.753309060457848734e-01 1.169005739265820942e+01 2.414448538203972930e+03
1.000051494395336471e+00 1.168481869254413041e+01 2.112468768304961486e+03
1.024597162569496289e+00 1.168124623578947663e+01 1.854319892895401154e+03
1.048985531756267742e+00 1.167342199193493713e+01 1.617324091136272955e+03
1.073262467318678359e+00 1.166678198283601553e+01 1.437070892516879212e+03
1.097456179658510944e+00 1.165971658455236870e+01 1.266246887147833604e+03
1.121583364121523818e+00 1.165352157595003568e+01 1.118498155939782237e+03
1.145648447945966986e+00 1.164487311169878225e+01 9.908993414146898431e+02
1.169670736408730649e+00 1.163784801506677091e+01 8.780557856262383893e+02
1.193648565579386256e+00 1.162835679602633832e+01 7.786141973840916535e+02
1.217626063535685477e+00 1.161643714705124530e+01 6.916732097450492347e+02
1.241569787669787761e+00 1.160638821959114075e+01 6.141884263994725188e+02
1.265494347776352502e+00 1.159898707076610158e+01 5.462875590913295127e+02
1.289425223639352858e+00 1.158700150122791861e+01 4.861987852025108623e+02
1.313291763150813640e+00 1.157054117028630458e+01 4.333194945220030831e+02
1.337146055391942090e+00 1.155640772102786329e+01 3.860568675633006706e+02
1.360968973704624219e+00 1.154638762220673165e+01 3.424269841248864736e+02
1.384761464840873035e+00 1.152919544328028856e+01 3.072608962013264318e+02
1.408478484205019310e+00 1.151391786998889977e+01 2.745306304092358118e+02
1.432147145819704148e+00 1.149972513948386243e+01 2.451757485806481611e+02
1.455744420726177157e+00 1.148129853536618583e+01 2.192394448211088616e+02
1.479240435703226497e+00 1.146283394770240882e+01 1.963132134380424532e+02
1.502632922364922852e+00 1.144456409025750254e+01 1.756542152373366150e+02
1.525909665120289249e+00 1.142556354892313308e+01 1.572290604630918267e+02
1.549175034952231078e+00 1.140759064738839967e+01 1.409272613934961385e+02
1.572016424851637728e+00 1.138575305744942590e+01 1.264282456209534189e+02
1.594808673585705439e+00 1.136543247680801016e+01 1.135225652156714915e+02
1.617417733438873739e+00 1.134419111254668877e+01 1.015449117059273902e+02
1.639804009838166987e+00 1.132167413244717302e+01 9.173947172528660587e+01
1.661946689331487148e+00 1.129856147990798121e+01 8.246063709339779280e+01
1.683842548597559663e+00 1.127492994677824356e+01 7.423849319095127441e+01
1.705459311932886024e+00 1.125064175885881035e+01 6.695250767465698516e+01
1.726779334947286859e+00 1.122627472074057309e+01 6.010348801507789318e+01
1.747782070275677224e+00 1.120079399516194840e+01 5.450347878570823212e+01
1.768442681611761547e+00 1.117427643775822510e+01 4.921757198758245266e+01
1.788754941583109437e+00 1.114802665155533923e+01 4.451820291300618493e+01
1.808687494547659202e+00 1.112034318473621219e+01 4.030862199017202130e+01
1.828228567840518126e+00 1.109219056218526411e+01 3.647737739319700268e+01
1.847352577812147345e+00 1.106385258326196386e+01 3.309485097284826338e+01
1.866056423990835933e+00 1.103478287670484015e+01 3.002025914078488711e+01
1.884301101191775629e+00 1.100485602036624044e+01 2.731828350740783407e+01
1.902092001146529876e+00 1.097447328587396598e+01 2.484591191708086910e+01
1.919404263284406831e+00 1.094356487024341185e+01 2.261963280956519640e+01
1.936225094288043680e+00 1.091141645533877913e+01 2.062926045381808393e+01
1.952544055438646398e+00 1.088022003898079149e+01 1.883302935681925661e+01
1.968350074845033548e+00 1.084677017011732936e+01 1.714405083179849854e+01
1.983621637921100245e+00 1.081319833565449962e+01 1.572434620076269240e+01
