2.191799393465098389e-01 1.550982308316407554e+01 3.683535669800713658e+06
2.252838740621856128e-01 1.527100849910463687e+01 3.220362746448823251e+06
2.315904231882034148e-01 1.508162485154389643e+01 2.815403613031496294e+06
2.380967305316779858e-01 1.487388163248778028e+01 2.463963068882537540e+06
2.448151228815811375e-01 1.465187963205095301e+01 2.155525569803696591e+06
2.517318982823445461e-01 1.446620292015533060e+01 1.888628197057558922e+06
2.588637436495896393e-01 1.429922117950857263e+01 1.652817034958742326e+06
2.662118908495673120e-01 1.414192765293003617e+01 1.446650668467869284e+06
2.737811772377520825e-01 1.398755569620379191e+01 1.268854998606957961e+06
2.815753137267271167e-01 1.384544744679847916e+01 1.109529376813374460e+06
2.895985679007325175e-01 1.371242135467745449e+01 9.723284662307804683e+05
2.978465053675007912e-01 1.359031016828352811e+01 8.518001322394646704e+05
3.063269779520266800e-01 1.347265932422651247e+01 7.443568890578243881e+05
3.150463394966762087e-01 1.336228737033656344e+01 6.531016855249350192e+05
3.240119056058828328e-01 1.325911884661490880e+01 5.721127104245485971e+05
3.332182626059875252e-01 1.316203957307783590e+01 5.021323486749498406e+05
3.426825090644007865e-01 1.307226939498426788e+01 4.395831191378609510e+05
3.523690163927212238e-01 1.298569465157127389e+01 3.828897311647242750e+05
3.623202118265954064e-01 1.289755876077099117e+01 3.382712405756701482e+05
3.725266401265521776e-01 1.282112737662867552e+01 2.966277083572576521e+05
3.830041010839576043e-01 1.274860017370025744e+01 2.605669102643604856e+05
3.937167838111799711e-01 1.268359547762972106e+01 2.282176702822192747e+05
4.047023149229007077e-01 1.262049436239451339e+01 2.007830615816753707e+05
4.159447833806671491e-01 1.255879089690074757e+01 1.760008116407125199e+05
4.274565867118813034e-01 1.250587826829798743e+01 1.545996827382207557e+05
4.392184569774208458e-01 1.245057006238542030e+01 1.358473429892709246e+05
4.512691819607621002e-01 1.239996133509767517e+01 1.195233136956768576e+05
4.635822146353094642e-01 1.235337002825745145e+01 1.050300439468598051e+05
4.761429430878343361e-01 1.230852525640317197e+01 9.247438188993996300e+04
4.889748680947808013e-01 1.226811646541158396e+01 8.127975572864111746e+04
5.020529156060847820e-01 1.222797702852500557e+01 7.161339799422444776e+04
5.154083305591459219e-01 1.218564988319915798e+01 6.303183851079451415e+04
5.290284830414297979e-01 1.215489122311870140e+01 5.567802144492164371e+04
5.429106338857774272e-01 1.212442211432251860e+01 4.892051430638702732e+04
5.570549544041629719e-01 1.209109478672074012e+01 4.318834056344906276e+04
5.714327399889367332e-01 1.206218255722752808e+01 3.805088469974596228e+04
5.859943068862938365e-01 1.203562948737851102e+01 3.362331776837664074e+04
6.000542328374919299e-01 1.200835522226494234e+01 2.989651616739840756e+04
6.135413194288408256e-01 1.198206153076632319e+01 2.673184386262248154e+04
6.265982298630928815e-01 1.195841198368334801e+01 2.401221354049952060e+04
6.394534695491438381e-01 1.193352916348618820e+01 2.155034327496895639e+04
6.521469750983917013e-01 1.190854081376050821e+01 1.944071378884939622e+04
6.648063325265328727e-01 1.188034645315217119e+01 1.753319105714400939e+04
6.774432029479187101e-01 1.185636841002197173e+01 1.582523303132311048e+04
6.901403043827472050e-01 1.183024448343591395e+01 1.428354840063048869e+04
7.029605204748335945e-01 1.180326462414256561e+01 1.290208132869121982e+04
7.159331609340308100e-01 1.177553198450452498e+01 1.163398015726394806e+04
7.290998938190862422e-01 1.174784193913515118e+01 1.048261537249852336e+04
7.424938743907512073e-01 1.171784885634158613e+01 9.460426970042699395e+03
7.561293654695375732e-01 1.169334034736940531e+01 8.509740115066986618e+03
7.700608874031799056e-01 1.166547163919878471e+01 7.620478097872399303e+03
7.842860025050245598e-01 1.163665061556878477e+01 6.891243643798205994e+03
7.988485773932773037e-01 1.160943092930488163e+01 6.180520962588284419e+03
8.137453667101656185e-01 1.158290483535065007e+01 5.548782571910500337e+03
8.290057690474410546e-01 1.155352420021470472e+01 4.966265769549960169e+03
8.446316495449979200e-01 1.153169975903532851e+01 4.451064176486523138e+03
8.606504370383912805e-01 1.149831079707109538e+01 3.982977347037010077e+03
8.770688717755689146e-01 1.147388925239794588e+01 3.559870874417581490e+03
8.938871792896617707e-01 1.144816263090880248e+01 3.176203624860528180e+03
9.111143353830284397e-01 1.142828622835901697e+01 2.819143360884358572e+03
9.287564191645600875e-01 1.139753520128987851e+01 2.528163459529565898e+03
9.468082152688898079e-01 1.137217803113849968e+01 2.253594759761949263e+03
9.652841554184226069e-01 1.134996971056257387e+01 2.005636401275488424e+03
9.841851937779533266e-01 1.132605232012633500e+01 1.771801719888881280e+03
1.003484414119487633e+00 1.130638172175823897e+01 1.586105843693111638e+03
1.023210302842371133e+00 1.128216369593812551e+01 1.410370547216381738e+03
1.043335686782218108e+00 1.126040233762915754e+01 1.254065441514914937e+03
1.063858212694531291e+00 1.123744798678812806e+01 1.113698365642659610e+03
1.084767155407332817e+00 1.121782091631148859e+01 9.884467082432548750e+02
1.106059284702553658e+00 1.120147548531883963e+01 8.775073119940714150e+02
1.127712640469566319e+00 1.117750955222882681e+01 7.795342054320691432e+02
1.149728834781551523e+00 1.115953383656184705e+01 6.912860378035284157e+02
1.172071609091763333e+00 1.114080262438776181e+01 6.137894997080190933e+02
1.194742690075279778e+00 1.112285749947351299e+01 5.441107745176399249e+02
1.217718970038089710e+00 1.110504000636782074e+01 4.836168726718926223e+02
1.240976629188328628e+00 1.108888237795406262e+01 4.292984140430793900e+02
1.264501844107265960e+00 1.107273341322266802e+01 3.787468028240357398e+02
1.288268721226831781e+00 1.105916406108252303e+01 3.383445129166855736e+02
1.312259064263934460e+00 1.104424818500184635e+01 3.009908409071962865e+02
1.336439335671341766e+00 1.102650057890569180e+01 2.677332593072254099e+02
1.360692526085392373e+00 1.101065062942906714e+01 2.374544980574659689e+02
1.384989751621225729e+00 1.099637995890346609e+01 2.120943386261101296e+02
1.409314991793026328e+00 1.098081717597313478e+01 1.889840280548773990e+02
1.433617663890790261e+00 1.096766237922673604e+01 1.686287912050591444e+02
1.457912678285449903e+00 1.095159513905732140e+01 1.505802487672280847e+02
1.482131809301078906e+00 1.093672758824727254e+01 1.346625640822362868e+02
1.506335048423343093e+00 1.092197230752159065e+01 1.203773380815052150e+02
1.530388433103890389e+00 1.090644687305733918e+01 1.078466760475585318e+02
1.554335078793394498e+00 1.089191162021943526e+01 9.619105743515764573e+01
1.578199031742083758e+00 1.087613005442390879e+01 8.655564265612449049e+01
1.601795676770988219e+00 1.086041529089523827e+01 7.777825102886646391e+01
1.625264540293721804e+00 1.084440622835061596e+01 6.963080093899920087e+01
1.648518425044954272e+00 1.082802723092355457e+01 6.284867261948774342e+01
1.671530302374293342e+00 1.081159552478448660e+01 5.660640045896820283e+01
1.694295682670964309e+00 1.079505152425312176e+01 5.081604795760785009e+01
1.716760487245236888e+00 1.077740707935508802e+01 4.601874917950499366e+01
1.738968022713552442e+00 1.076029850417768863e+01 4.157442649772315235e+01
1.760831343107577496e+00 1.074182198231801344e+01 3.760675338019740366e+01
1.782293087515411489e+00 1.072322059019039564e+01 3.403234178498959750e+01
1.803471978381654628e+00 1.070419253338929622e+01 3.082644593736955230e+01
