2.191799393465098389e-01 1.550982308316407554e+01 3.683535669800713658e+06
2.270336054108827994e-01 1.522301609482148166e+01 3.118999923658299726e+06
2.352104945494415955e-01 1.493320312076098766e+01 2.616940822824333329e+06
2.437314386354059170e-01 1.469687625249092910e+01 2.215617571080569178e+06
2.525794263214989899e-01 1.445887519792356812e+01 1.866617585742718307e+06
2.617806176392693529e-01 1.423230166209717495e+01 1.570186045808073133e+06
2.713401333972255136e-01 1.403166061291914346e+01 1.325272293320158729e+06
2.812650659058139047e-01 1.384608716776734738e+01 1.116325611215532292e+06
2.915687816782377983e-01 1.368394698433487022e+01 9.389304560094699264e+05
3.022328412986083901e-01 1.352736051505498338e+01 7.936010474501044955e+05
3.132992516995344312e-01 1.337999719422838396e+01 6.701961219501575688e+05
3.247536536872263069e-01 1.325276090922553074e+01 5.660782126365066506e+05
3.366002326818599566e-01 1.312559150448782930e+01 4.782670907518076128e+05
3.488588144458023010e-01 1.300990066170909643e+01 4.042784485927075730e+05
3.615299631049354034e-01 1.290677663732011382e+01 3.421230129787484766e+05
3.746154565520568580e-01 1.280862760315324067e+01 2.887121034998117248e+05
3.881256179126866823e-01 1.271538334359406264e+01 2.445265818014778779e+05
4.020682841274177410e-01 1.263148161896356925e+01 2.072551373531139398e+05
4.164189357186800500e-01 1.255670694544400767e+01 1.753895515171735606e+05
4.312137843767016032e-01 1.248137848707890463e+01 1.483439686310184770e+05
4.464483095676501367e-01 1.241912572181494312e+01 1.256919003547729953e+05
4.621216845539758422e-01 1.235670952247789245e+01 1.067483635043772665e+05
4.782086170607641740e-01 1.230329608727453206e+01 9.047981496067601256e+04
4.947248609326519442e-01 1.224779503577451756e+01 7.695143767118717369e+04
5.116768076182720559e-01 1.220088951851896475e+01 6.530499031450846815e+04
5.290653151226211159e-01 1.215558043156622325e+01 5.557269932458682160e+04
5.468839349924597970e-01 1.211514304769631778e+01 4.720700263743657706e+04
5.651324304932521247e-01 1.207500081752241172e+01 4.021133941587301524e+04
5.837455009515680748e-01 1.204057156732333134e+01 3.428365362072064454e+04
6.022345342976757054e-01 1.200300217571759376e+01 2.937231163088295580e+04
6.204906577237145893e-01 1.197171633316831141e+01 2.526765043687483922e+04
6.387463972215680075e-01 1.193830965760649931e+01 2.184456006048110066e+04
6.571937962352930596e-01 1.191221980148494630e+01 1.880867124981333836e+04
6.759825415236651036e-01 1.188084168295749699e+01 1.624298092322368757e+04
6.951532873643209154e-01 1.185235149167198720e+01 1.404164219120746930e+04
7.148291953011022271e-01 1.183246500746583152e+01 1.211223432225338365e+04
7.351547240566095320e-01 1.179354565600175420e+01 1.043458118409597591e+04
7.560952587202732778e-01 1.176799729523777849e+01 8.974033867956681206e+03
7.777629680732474071e-01 1.174187003161830312e+01 7.712611450030785818e+03
8.002019328347841354e-01 1.171792947202347790e+01 6.555374508099990635e+03
8.234524356222018282e-01 1.169360326740283718e+01 5.661889226930108634e+03
8.475453441026675749e-01 1.167094513195807082e+01 4.838581218947204434e+03
8.725014930057585216e-01 1.164814174194458474e+01 4.133143341797320318e+03
8.983573202793413426e-01 1.163206835864400901e+01 3.523986066126357400e+03
9.251265425351868910e-01 1.161327590875973570e+01 2.999856526170824964e+03
9.528074007142407487e-01 1.159539505740898413e+01 2.552449178747765018e+03
9.814084517039439737e-01 1.158182613128065874e+01 2.169028736065195062e+03
1.010936103885624382e+00 1.156913074029247746e+01 1.841643359288629654e+03
1.041374629146403663e+00 1.155719857507544290e+01 1.563153185043282065e+03
1.072718460947907460e+00 1.154787713455243825e+01 1.326711630716799618e+03
1.104946881340886478e+00 1.154036539125393901e+01 1.124811479560655698e+03
1.138042018458092608e+00 1.153571826196618844e+01 9.485458330306040580e+02
1.171965900355531165e+00 1.152801436375146338e+01 8.081423303184832321e+02
1.206694741071894006e+00 1.152257707157493449e+01 6.850936581134276366e+02
1.242184916630190150e+00 1.151908786476466418e+01 5.808042922869510676e+02
1.278386970533661904e+00 1.152056121782707976e+01 4.926714495736269441e+02
1.315267261307296875e+00 1.151969093668031618e+01 4.157631650767335714e+02
1.352762989270764660e+00 1.151678977216429800e+01 3.549176915394767207e+02
1.390821026521106729e+00 1.151689984175865256e+01 3.018452513294890878e+02
1.429385076530916177e+00 1.151730131245515665e+01 2.568968922262625938e+02
1.468380593821383862e+00 1.151914065760759343e+01 2.175251866865657178e+02
1.507746225953894070e+00 1.152120261716683913e+01 1.856051737079735631e+02
1.547412539108323326e+00 1.152414131764154348e+01 1.591016967094433880e+02
1.587093528713161339e+00 1.152665155014260634e+01 1.360846817955814743e+02
1.625029301219231392e+00 1.152685646736401637e+01 1.166735709324608052e+02
1.660904917439239403e+00 1.152547787243923239e+01 1.018631391776446833e+02
1.694841338849745416e+00 1.152049342937221432e+01 8.904732649180274962e+01
1.726923215286706226e+00 1.151391242438875828e+01 7.816466107934759577e+01
1.757271752403726461e+00 1.150366651772607796e+01 6.902386648393721202e+01
1.785952121202057263e+00 1.149023346171244420e+01 6.092407960662107058e+01
1.813080135000912252e+00 1.147458010569381059e+01 5.448722024328414193e+01
1.838690983433097115e+00 1.145491965070145390e+01 4.866619038501248440e+01
1.862876001978396090e+00 1.143379260184977042e+01 4.355463297386542365e+01
1.885693607522631376e+00 1.140884785428555581e+01 3.917226486822429621e+01
1.907177666369834323e+00 1.138225239515921672e+01 3.529731589869991382e+01
1.927395781842610845e+00 1.135261213267181901e+01 3.191327559351570642e+01
1.946389186781196656e+00 1.132071750971486246e+01 2.885085484446254611e+01
1.964199320621029976e+00 1.128670257472441207e+01 2.617788890838362548e+01
1.980880829087365624e+00 1.125044285387376242e+01 2.377777576330725040e+01
1.996415174649723845e+00 1.121294051182184148e+01 2.166828014671019176e+01
2.010894818108178050e+00 1.117267806908189698e+01 1.977445843613617882e+01
2.024318687379131898e+00 1.113022373826190226e+01 1.807728109214542656e+01
2.036730367205263459e+00 1.108684909911383265e+01 1.648735418511812867e+01
2.048149163170975839e+00 1.104174021164939035e+01 1.518660484502351338e+01
2.058617074289875060e+00 1.099501323296740907e+01 1.395356651498180689e+01
2.068127770451144709e+00 1.094651291299541640e+01 1.284236518798830140e+01
2.076738975606613025e+00 1.089751380452401541e+01 1.184065654177458704e+01
2.084448519373608200e+00 1.084632881831220530e+01 1.094122109282769451e+01
2.091306243103699281e+00 1.079483091492102531e+01 1.011682735658911625e+01
2.097312786509596183e+00 1.074166537299540991e+01 9.349185459061512660e+00
2.102500583790998245e+00 1.068819664493956623e+01 8.670685553966041681e+00
2.106894067103148860e+00 1.063331567959470014e+01 8.075749263537945311e+00
2.110511883194207350e+00 1.057767759352087467e+01 7.518886245087339049e+00
2.113379808623081946e+00 1.052113692851753868e+01 7.007325796647300820e+00
2.115516975617315776e+00 1.046416991053113499e+01 6.524025213455217909e+00
2.116940087841749030e+00 1.040768719921566188e+01 6.116752891852435425e+00
2.117686695819406495e+00 1.034884261115832516e+01 5.729912658546868265e+00
2.117755818690901570e+00 1.029022079172488446e+01 5.371880148976232228e+00
2.117200126135907468e+00 1.023171790626840583e+01 5.039844548693554138e+00
2.116004954669874927e+00 1.017272001589147123e+01 4.755443989399390503e+00
