2.191799393465098389e-01 1.550982308316407554e+01 3.683535669800713658e+06
2.258836518988197317e-01 1.525415996557784126e+01 3.186326942345396150e+06
2.328060133204427340e-01 1.502744980739153391e+01 2.778067303801340982e+06
2.399801313703150696e-01 1.479590333781584022e+01 2.375872127979939338e+06
2.474067515632212000e-01 1.458217939054883061e+01 2.032975065346541582e+06
2.550677759839386494e-01 1.438332157607563566e+01 1.774461233081330080e+06
2.629941687899388092e-01 1.420626593279586736e+01 1.531842898915162310e+06
2.711833877329237752e-01 1.404061451119907922e+01 1.325679301920815371e+06
2.796402080676779756e-01 1.388307563374480580e+01 1.148751664420946734e+06
2.883693029794435203e-01 1.372971721426801928e+01 9.931817495082691312e+05
2.973648992014353287e-01 1.359681403632447072e+01 8.568786151090527419e+05
3.066462785281804382e-01 1.346683834526906587e+01 7.415580883254505461e+05
3.162174583882529366e-01 1.334666338915999795e+01 6.425585820613936521e+05
3.260660963441210924e-01 1.323671089129779155e+01 5.554919308653414482e+05
3.362130178808552250e-01 1.313414478658395090e+01 4.805864195148372091e+05
3.466550768937125548e-01 1.302836824555000916e+01 4.164996635371717857e+05
3.574085142793076431e-01 1.294013067913711268e+01 3.609589486109745339e+05
3.684480589687351149e-01 1.285002813500333474e+01 3.124100793029033812e+05
3.798020835810685392e-01 1.277121894617280873e+01 2.707619180118826916e+05
3.914588611907291460e-01 1.270141531380838629e+01 2.347706404286629695e+05
4.034347766662401136e-01 1.262433748303535630e+01 2.034334759866055392e+05
4.157217600881331632e-01 1.256156236733249898e+01 1.764776570089760644e+05
4.283219645771264572e-01 1.250068422268662260e+01 1.531610083081116318e+05
4.412322612696665258e-01 1.244377940696879570e+01 1.329369056400216941e+05
4.544727537242591042e-01 1.238707877528398349e+01 1.154980713104995812e+05
4.680394629974047316e-01 1.233585722713785948e+01 1.003176431378343550e+05
4.818881731161849258e-01 1.229050311397211992e+01 8.721480441830464406e+04
4.960789792149176147e-01 1.224376632767931561e+01 7.600875086396532424e+04
5.105740113043870654e-01 1.220436179319417924e+01 6.604481001996068517e+04
5.253873751517253998e-01 1.216233619675325706e+01 5.747404729921995022e+04
5.405158282219841848e-01 1.212847177734228943e+01 5.009092601827062754e+04
5.559589704461378457e-01 1.209361153512697484e+01 4.359988652343960712e+04
5.716865380606819258e-01 1.206033860465153751e+01 3.797907990162504575e+04
5.873600188374521469e-01 1.203155334546776345e+01 3.319279661180508265e+04
6.006051749011682706e-01 1.200454041790861659e+01 2.971819035639986032e+04
6.116848898235996979e-01 1.197822604250585599e+01 2.696576252993875460e+04
6.211991265674682294e-01 1.194939139852739451e+01 2.475128845850982179e+04
6.295034281303096835e-01 1.191992009437396938e+01 2.291605578087054892e+04
6.368890654627367143e-01 1.188735851736539395e+01 2.127647961612077052e+04
6.435392327996251050e-01 1.185364116630573150e+01 1.984523427926402655e+04
6.496114309951809274e-01 1.181709851005592249e+01 1.858923969292433321e+04
6.552190089376910276e-01 1.177920912921069707e+01 1.742407909304629720e+04
6.604620123312933133e-01 1.174039136142226525e+01 1.636255881605409377e+04
6.658766826197495270e-01 1.169712188689016052e+01 1.529565426902248146e+04
6.717654943739470585e-01 1.164546903789361920e+01 1.423494827727380471e+04
6.782476971012065814e-01 1.159490852538724148e+01 1.316928979873673961e+04
6.853955830866437227e-01 1.154345632514159270e+01 1.210259150893072183e+04
6.932515020868125211e-01 1.148916615383154749e+01 1.106905036641846345e+04
7.019026683024314206e-01 1.142970912253083071e+01 1.006427917130490641e+04
7.113417593906938841e-01 1.137355879691746807e+01 9.093332812258277045e+03
7.216191729591262538e-01 1.131730282619483319e+01 8.173157529315047213e+03
7.327727233911580651e-01 1.125514703164868813e+01 7.253520411709909240e+03
7.448083713196304023e-01 1.120014140350861531e+01 6.513683148283739683e+03
7.577595391329361441e-01 1.114393581446741166e+01 5.774539568947464431e+03
7.716431044318581289e-01 1.108674925399708933e+01 5.100142874113820653e+03
7.864632017120974927e-01 1.103631140638691122e+01 4.452403091676100303e+03
8.022127270859477077e-01 1.098006131987407841e+01 3.936766775332921043e+03
8.189403696153071399e-01 1.092823155317152306e+01 3.435661166653967030e+03
8.366084637067262575e-01 1.087988779465462663e+01 2.994110946357545345e+03
8.552271615161762819e-01 1.083609764875329518e+01 2.604388800951606754e+03
8.747759546912690087e-01 1.079015439712488877e+01 2.257639779297848690e+03
8.952585463184535852e-01 1.074777019507506992e+01 1.956441931801587316e+03
9.166516998568590147e-01 1.071223217850296905e+01 1.682771677275579123e+03
9.389341258268776302e-01 1.067028466308443235e+01 1.459967602973849807e+03
9.621209444607220496e-01 1.063673682761016615e+01 1.249020803493912126e+03
9.861395560824564033e-01 1.060513167094217657e+01 1.084340440497860527e+03
1.010986852724174545e+00 1.057679947204786508e+01 9.337863932527563975e+02
1.036638402317583640e+00 1.055060514654289960e+01 8.043063745745281494e+02
1.063047362463945822e+00 1.052498471933701651e+01 6.925119248793495217e+02
1.090193564998008569e+00 1.050317656152324908e+01 5.962740391980123604e+02
1.118038630994559579e+00 1.048578360634485485e+01 5.132153350333300068e+02
1.146190927804257687e+00 1.046668003200383978e+01 4.431851168113014410e+02
1.174151555633245581e+00 1.044928002489973373e+01 3.836415150473756626e+02
1.201884426526340421e+00 1.043294158087335255e+01 3.335529199300302139e+02
1.229385508606154476e+00 1.041822079088584196e+01 2.907350715178080236e+02
1.256641176574841090e+00 1.040439779835453216e+01 2.542125505040957592e+02
1.283639820572743950e+00 1.039099577535670527e+01 2.227189615442812283e+02
1.310355941565437776e+00 1.037703321841079607e+01 1.954517238126809104e+02
1.336788537885243988e+00 1.036326010310209256e+01 1.725139803084313996e+02
1.362939643837535852e+00 1.034957140424054778e+01 1.520793572100465383e+02
1.388766044626154050e+00 1.033478666098384835e+01 1.338715170827805991e+02
1.414251327319781648e+00 1.032043138188068276e+01 1.185410078961982805e+02
1.439401498587921324e+00 1.030488919781310919e+01 1.056588651088799082e+02
1.464200311433717205e+00 1.028977185562305507e+01 9.346609860542623949e+01
1.488625627744796898e+00 1.027346439574135140e+01 8.355700541047781371e+01
1.512665105845439228e+00 1.025684414359758101e+01 7.444761622346341312e+01
1.536288345566090507e+00 1.024030713622224198e+01 6.625195954225152661e+01
1.559502611749393308e+00 1.022210780292473586e+01 5.925801367525445329e+01
1.582281421735946880e+00 1.020374154158869828e+01 5.326358888223271748e+01
1.604718460939051239e+00 1.018544173553033616e+01 4.759559757037050787e+01
1.626680652014107498e+00 1.016585334442111943e+01 4.271668617635336318e+01
1.647854288120980115e+00 1.014442563629887673e+01 3.857589345342869791e+01
1.668745326575460375e+00 1.012455005484257953e+01 3.463529601439283567e+01
1.689131153836792354e+00 1.010180341101089674e+01 3.135002091128833257e+01
1.708991122180525180e+00 1.007925922286428566e+01 2.820516225794694165e+01
1.728329879258956536e+00 1.005632946682785622e+01 2.550940241953161092e+01
1.747244408880127775e+00 1.003290113543520867e+01 2.314696690603332385e+01
1.765343658979118935e+00 1.000867361212359441e+01 2.103398212677781842e+01
1.783008105313056646e+00 9.983107364862298994e+00 1.908281176527042078e+01
1.800106752628294116e+00 9.957270938022080742e+00 1.734370309720463865e+01
