2.191799393465098389e-01 1.550982308316407554e+01 3.683535669800713658e+06
2.266276874465026070e-01 1.525414445997505197e+01 3.167343811975806952e+06
2.343623891716629659e-01 1.495871881314812235e+01 2.658940744869938586e+06
2.424075076486855163e-01 1.472470564653484359e+01 2.271952672181201167e+06
2.507447080425069252e-01 1.448967107760645234e+01 1.924607515893436503e+06
2.593999621763379837e-01 1.429520535485422350e+01 1.646860208692588611e+06
2.683752661914950433e-01 1.409491822605530054e+01 1.394225166088109370e+06
2.776777896789129341e-01 1.391850348582221386e+01 1.187290509942257311e+06
2.873159127568908899e-01 1.375030022960080345e+01 1.009192763304481748e+06
2.972826847176460729e-01 1.359761730407593561e+01 8.582405900813055923e+05
3.076060964682101329e-01 1.345343136833911935e+01 7.247244174753584666e+05
3.182787782771330232e-01 1.332030090970264702e+01 6.221268301429618150e+05
3.292996713013462418e-01 1.319631984862068919e+01 5.305360889618397923e+05
3.406920877640562395e-01 1.308503649804210767e+01 4.516428964506682823e+05
3.524376367266018328e-01 1.297982223864974927e+01 3.852975454561429797e+05
3.645807896116302627e-01 1.288236762788747569e+01 3.283163959714472876e+05
3.770675748748794076e-01 1.278885019056792061e+01 2.803624236596671399e+05
3.899496469456265602e-01 1.270513971271281939e+01 2.387164443743691954e+05
4.032225410162995627e-01 1.262713547475531151e+01 2.037029159745193610e+05
4.168869494808499776e-01 1.255641232941634655e+01 1.741717121907772380e+05
4.309088218035904694e-01 1.248620932552087304e+01 1.489521376433515688e+05
4.453511257328914286e-01 1.242483762643518830e+01 1.272392730814360111e+05
4.601843671287929594e-01 1.236588062307649416e+01 1.088071933846056490e+05
4.753860914634390755e-01 1.231163450789038727e+01 9.310069110872216697e+04
4.909858752988997543e-01 1.225825920927398371e+01 7.936950278745997639e+04
5.069638039566277676e-01 1.221269939608041710e+01 6.827832167855399894e+04
5.233419559628978979e-01 1.216944047368088277e+01 5.857732820059706137e+04
5.401071920019125949e-01 1.212871175588626471e+01 5.030738940583437216e+04
5.572609561610121220e-01 1.209093490210617183e+01 4.306961463031730091e+04
5.747650428540680423e-01 1.205585921776997083e+01 3.696040645845641848e+04
5.924287738141806869e-01 1.202308620723516697e+01 3.186079362260882044e+04
6.096811705825990746e-01 1.199088160079786469e+01 2.764178675496399956e+04
6.266373227597547002e-01 1.196576952741175859e+01 2.402003766003076817e+04
6.435432659489229712e-01 1.193270470826441532e+01 2.094460878787193360e+04
6.605628756889102560e-01 1.190232872301890943e+01 1.830295988950554602e+04
6.777929218865527128e-01 1.187348203444900463e+01 1.597644849746840009e+04
6.953359379589539868e-01 1.184471088688863993e+01 1.393819552519177887e+04
7.132607795820774532e-01 1.181548079687024533e+01 1.217979055501704897e+04
7.316510891258953819e-01 1.178847681392155700e+01 1.060777682106939028e+04
7.505453076311728866e-01 1.175983189145052421e+01 9.241069864685192442e+03
7.700218173580261061e-01 1.173276044479324476e+01 8.037171345041743734e+03
7.900807628530476245e-01 1.170617495073707381e+01 6.980078384591733993e+03
8.108050404361456520e-01 1.168019740749399205e+01 6.050599373906137771e+03
8.322019409049751237e-01 1.165458345303476229e+01 5.237065159798129571e+03
8.543097723801682530e-01 1.163049231320765209e+01 4.526330589685678206e+03
8.771865319093524738e-01 1.160716745447178155e+01 3.906490776220712178e+03
9.007260876313638587e-01 1.158833451899350031e+01 3.370136792401797265e+03
9.250727889476145771e-01 1.156806290005832771e+01 2.907401640759453585e+03
9.501694777957385707e-01 1.154800069765709303e+01 2.502471761610540852e+03
9.760448501959080314e-01 1.153110441695266708e+01 2.152097236898323445e+03
1.002689272780761032e+00 1.151528824371601267e+01 1.848869440223452784e+03
1.030106004926977237e+00 1.150190700261425292e+01 1.587868307045692063e+03
1.058271137543300044e+00 1.148465953014906127e+01 1.362796938786233113e+03
1.087209459598861061e+00 1.147188702238504732e+01 1.167517761232723842e+03
1.116809836703450465e+00 1.145974450123276078e+01 1.002115283411089308e+03
1.147142616344190014e+00 1.144911038064437925e+01 8.548876285729140818e+02
1.178164373953395350e+00 1.144006689435999569e+01 7.320250046726391702e+02
1.209816098367102022e+00 1.143462687166883107e+01 6.328998041876751586e+02
1.242092207673367588e+00 1.142585214813025019e+01 5.428912695129675967e+02
1.274946913237057222e+00 1.141695754139836971e+01 4.656293082163309691e+02
1.308338379280253871e+00 1.141116491512745590e+01 3.998319057032161936e+02
1.342233345283935231e+00 1.140586102075075559e+01 3.435489000929445638e+02
1.376050181717946241e+00 1.140050693798599823e+01 2.957477593744261526e+02
1.408650429975855989e+00 1.139514491720426648e+01 2.564643923035102375e+02
1.440015811916290467e+00 1.138766084378391952e+01 2.236146049459848655e+02
1.470209593674134840e+00 1.138044312409690839e+01 1.949881482558950268e+02
1.499292310598856259e+00 1.136926606795806194e+01 1.723827090492895309e+02
1.527326166481240755e+00 1.135753379877653657e+01 1.522990113691892304e+02
1.554320422519933409e+00 1.134372016170315867e+01 1.350023076397563102e+02
1.580354414877493063e+00 1.132710836553594191e+01 1.198811531058328939e+02
1.605454943110525612e+00 1.130870479599004774e+01 1.063296477141354472e+02
1.629631233240596444e+00 1.128841413586923004e+01 9.534432253994789619e+01
1.652911652164049450e+00 1.126610017360979121e+01 8.545818332103188197e+01
1.675330116238330502e+00 1.124146931434005481e+01 7.669706172941828015e+01
1.696929495090899298e+00 1.121543180516783877e+01 6.891288054865609070e+01
1.717682776229461084e+00 1.118703546770339763e+01 6.205432760261178515e+01
1.737639214617118011e+00 1.115775634132579164e+01 5.586099529723077950e+01
1.756844890062590592e+00 1.112674200259190549e+01 5.056034039038694061e+01
1.775197928050709084e+00 1.109291157538540062e+01 4.582383645944244677e+01
1.793043525412858274e+00 1.105967840630162868e+01 4.145973379734046205e+01
1.809675064065820793e+00 1.102390980379380814e+01 3.765158527585434456e+01
1.825784439738187492e+00 1.098587017536607924e+01 3.425469970124012775e+01
1.841152400906969522e+00 1.094723386280551303e+01 3.117258636454263154e+01
1.855777841562733732e+00 1.090657667822330978e+01 2.843672208671428692e+01
1.869889271679115561e+00 1.086658758664603575e+01 2.581132130853337969e+01
1.882855652479403119e+00 1.082326815174123169e+01 2.370291575434749021e+01
1.895318385130488004e+00 1.077944836200624223e+01 2.168658827943310996e+01
1.907071268222113591e+00 1.073381128843841026e+01 1.986048963987381200e+01
1.918292396676723355e+00 1.068916512160684285e+01 1.815733347332546899e+01
1.928468549217440486e+00 1.064165654555779739e+01 1.675147684663556902e+01
1.938333937043045685e+00 1.059530317558525603e+01 1.538898033085543560e+01
1.947110428842487861e+00 1.054573476877341776e+01 1.418758668912123078e+01
1.955406453547657408e+00 1.049640410285891257e+01 1.303550371114009998e+01
1.963036240805703825e+00 1.044608881804007083e+01 1.206190974731034693e+01
1.970005869978748159e+00 1.039573714903686330e+01 1.114921712301521950e+01
1.976324065537643948e+00 1.034459654674130213e+01 1.032516271876538205e+01
1.982002339381155442e+00 1.029299219799284870e+01 9.592573666539063737e+00
1.987188174326685264e+00 1.024071630798907151e+01 8.891302059202221386e+00
1.991460041486581956e+00 1.018772352839790152e+01 8.263626190542607830e+00
1.995261116846394511e+00 1.013417296493733311e+01 7.720753448882733849e+00
