2.191799393465098389e-01 1.550982308316407554e+01 3.683535669800713658e+06
2.264519876178822111e-01 1.524655765627318793e+01 3.170812133101549931e+06
2.339941650842468635e-01 1.497541175098431943e+01 2.678037172486850526e+06
2.418378281155873777e-01 1.473825347443109557e+01 2.286269013105995953e+06
2.499511215816662690e-01 1.451248990972976571e+01 1.951991077638345072e+06
2.583711344312771274e-01 1.434028470514329534e+01 1.666766738738755928e+06
2.670955972718322413e-01 1.412031533154958396e+01 1.425773415227644378e+06
2.761318495015724350e-01 1.394559440878234469e+01 1.218894540976263117e+06
2.854874991122483552e-01 1.378324378834090602e+01 1.038622922485643765e+06
2.951546250720172848e-01 1.362667701938984877e+01 8.885324095176144037e+05
3.051583117826802138e-01 1.348567168151373963e+01 7.587029850695417263e+05
3.154913278719019831e-01 1.335455190305931161e+01 6.498276787728471681e+05
3.261630648246940933e-01 1.323991927153207726e+01 5.546635498573703226e+05
3.371807561921632557e-01 1.311758767749990184e+01 4.749823361885896884e+05
3.485457197150719222e-01 1.301351472040078860e+01 4.065691180057281745e+05
3.602739639245529646e-01 1.291570618402758086e+01 3.477606063420990249e+05
3.723406651849250348e-01 1.282306745592572028e+01 2.979685021454202943e+05
3.847856655104485712e-01 1.273690825057489562e+01 2.544807772966254270e+05
3.976035239909108121e-01 1.265943885350476705e+01 2.184815788699284312e+05
4.107733613948850726e-01 1.257769851124659333e+01 1.871242253642723372e+05
4.242964332973699348e-01 1.251679565476716682e+01 1.605823421650990203e+05
4.381961737404682089e-01 1.244752478554870834e+01 1.374834865264253458e+05
4.524803411515698759e-01 1.239438661339853631e+01 1.181520339120761928e+05
4.671557409271503980e-01 1.233954959245238747e+01 1.005202788192801527e+05
4.821595709200742763e-01 1.228691715640771243e+01 8.721747678354525124e+04
4.975657277172582660e-01 1.224042264303696648e+01 7.474383418041451660e+04
5.133412266499538523e-01 1.219615675123054466e+01 6.372583741515802103e+04
5.294709195266905644e-01 1.215422369039032446e+01 5.544873136064735445e+04
5.459794938018083243e-01 1.211427568533252419e+01 4.764763928008759831e+04
5.628573642009190303e-01 1.207946066585187772e+01 4.105469568286192225e+04
5.800548188836072150e-01 1.204498896370587602e+01 3.543376362084724678e+04
5.970510315615302765e-01 1.201277350637599461e+01 3.065144937510844102e+04
6.134229915622975149e-01 1.198378626164903515e+01 2.674580257282112143e+04
6.292971107891374150e-01 1.195258148604063031e+01 2.348333766729600029e+04
6.450178408488607129e-01 1.192526947623926326e+01 2.066145983248969060e+04
6.606752044812542746e-01 1.189469693608529433e+01 1.818772436234067573e+04
6.764387233613780026e-01 1.186385289100185148e+01 1.604303273799312956e+04
6.922632759181858164e-01 1.183514584723726770e+01 1.414233189095320995e+04
7.083694320179430015e-01 1.180425937527925129e+01 1.247456528441212140e+04
7.247843620799725439e-01 1.177472354447079361e+01 1.098491755774115154e+04
7.415562148400318687e-01 1.174428833156315477e+01 9.668484287189385213e+03
7.587422056849388863e-01 1.171237857691469841e+01 8.507634008791324959e+03
7.763846589342958682e-01 1.168284025892793565e+01 7.460442028433220912e+03
7.945304693224827242e-01 1.165266066257626676e+01 6.547756328586439849e+03
8.131974312751394374e-01 1.162371467265775316e+01 5.732416965271481786e+03
8.324241421210003544e-01 1.159386341311157409e+01 5.009492744092814064e+03
8.522294533337294586e-01 1.156614372072080243e+01 4.374059243942291687e+03
8.726344915124563117e-01 1.153696985342539882e+01 3.817093497074427887e+03
8.936598525489282130e-01 1.151230438997981942e+01 3.321878975882189025e+03
9.153079630619699314e-01 1.148420094015226489e+01 2.895232329719970949e+03
9.375947153538436440e-01 1.145827605536322302e+01 2.513930615866176140e+03
9.605215719846111888e-01 1.143424038839657975e+01 2.183948805650829854e+03
9.840957966742341911e-01 1.141000524641716041e+01 1.880629283378195851e+03
1.008301269565422098e+00 1.139029886767524502e+01 1.642834702768210036e+03
1.033147011834657736e+00 1.136496978503393507e+01 1.423187077590450826e+03
1.058601251008869371e+00 1.134442787944905717e+01 1.233252611036384678e+03
1.084666296980192568e+00 1.132709252922939847e+01 1.067733154336166081e+03
1.111330681664643327e+00 1.131054077945009517e+01 9.244259307017192668e+02
1.138565367352542879e+00 1.129224421851628080e+01 7.991423891811778049e+02
1.166355335011806771e+00 1.127361785149834716e+01 6.916922018936451195e+02
1.194654689019593485e+00 1.125485399626780669e+01 5.949896731695007475e+02
1.223461605345441683e+00 1.123956515408679380e+01 5.180590035306250911e+02
1.252720558864659273e+00 1.122406928130279447e+01 4.486823595912323412e+02
1.282412869937456623e+00 1.121016633032462906e+01 3.883561870040269355e+02
1.312497441315749969e+00 1.119627972107300451e+01 3.364411307344594206e+02
1.342926754291788649e+00 1.118265950529341524e+01 2.917046832224742161e+02
1.373665286630172178e+00 1.117272097283557564e+01 2.529133611793989473e+02
1.404673535678800489e+00 1.115714416364580153e+01 2.197078148756251892e+02
1.435903101811138338e+00 1.114648965516543022e+01 1.907560046749100024e+02
1.467304181668024343e+00 1.113330603216051706e+01 1.657840030578506685e+02
1.498828811813918804e+00 1.112168295144697616e+01 1.443181125869691641e+02
1.530429548293043673e+00 1.111071287536665686e+01 1.257190025242646669e+02
1.562057097659727223e+00 1.109877356489071332e+01 1.091035484127933870e+02
1.593657588394255420e+00 1.108753850116952577e+01 9.573072584121497641e+01
1.625187654410735982e+00 1.107593612830952701e+01 8.367204138466962604e+01
1.656587954276711017e+00 1.106264741738599611e+01 7.324552353642681624e+01
1.687809068401648682e+00 1.105105988942862538e+01 6.413352420563251144e+01
1.716974280617827420e+00 1.103765828701029683e+01 5.667261223843022577e+01
1.742674619886269038e+00 1.102269853237955211e+01 5.067302639511363083e+01
1.765201338143599363e+00 1.100461268206220211e+01 4.572359458559208889e+01
1.784850196482483220e+00 1.098350839449834915e+01 4.158039051219097360e+01
1.801916517352474267e+00 1.095886921156673033e+01 3.807050897596298000e+01
1.816640284570890440e+00 1.093194102575157522e+01 3.496242611092392849e+01
1.829252880657740166e+00 1.090116884499795802e+01 3.251552136842742158e+01
1.839947155533325107e+00 1.086776899676987007e+01 3.021656185845761300e+01
1.848889018606599821e+00 1.083224335901266500e+01 2.824659509497080023e+01
1.856236476371117661e+00 1.079304852809614346e+01 2.647073046189386858e+01
1.862118828188575659e+00 1.075267431904453908e+01 2.490305755421930911e+01
1.866655192656555773e+00 1.070982853151632952e+01 2.348658286595698286e+01
1.869956831701537814e+00 1.066562692984663485e+01 2.218759728324463865e+01
1.872117076636397259e+00 1.061931876408832309e+01 2.102002871470254775e+01
1.873218431044317400e+00 1.057080008286098760e+01 1.988905550319715232e+01
1.873356156420015406e+00 1.052067828183124831e+01 1.898876251811723037e+01
1.872574897764092583e+00 1.046915792697657110e+01 1.809956880874624119e+01
1.870968826316757205e+00 1.041731954422130002e+01 1.722454697762085374e+01
1.868571090813203162e+00 1.036394623954458716e+01 1.650897314851111730e+01
1.865468786930730039e+00 1.030848870362322600e+01 1.583830218970522452e+01
1.861666512454191125e+00 1.025271868007231824e+01 1.518007055058050447e+01
1.857242272763049540e+00 1.019621207702070187e+01 1.458444109357922436e+01
1.852261315069323677e+00 1.013874622884806520e+01 1.402052926526119059e+01
