2.191799393465098389e-01 1.550982308316407554e+01 3.683535669800713658e+06
2.260709030926477681e-01 1.523957647655614522e+01 3.167925556494792458e+06
2.331885418430712231e-01 1.501270738252661907e+01 2.732788751398264896e+06
2.405873872258063317e-01 1.478352533019926263e+01 2.356789962737994269e+06
2.482144016399580044e-01 1.456395745739601821e+01 2.024687553746623686e+06
2.561221345700585017e-01 1.436020118362098508e+01 1.739763060122649651e+06
2.643021362844442113e-01 1.417518664339780798e+01 1.502000693575990852e+06
2.727606808069414912e-01 1.400368765532839177e+01 1.288350884241746273e+06
2.815015460670259317e-01 1.385193322482092881e+01 1.110524991654248210e+06
2.905326923585671572e-01 1.369841452388664393e+01 9.570506557306918548e+05
2.998484995839196809e-01 1.355995801310622006e+01 8.260649400886438088e+05
3.094639113481864046e-01 1.342876997943528217e+01 7.104308502353373915e+05
3.193711657142216387e-01 1.331444919128992588e+01 6.133355263865607558e+05
3.295959630072924917e-01 1.320098862327229305e+01 5.280677721536504105e+05
3.401247804548136466e-01 1.309023382720859630e+01 4.554442227424145094e+05
3.509708264722227189e-01 1.299429577818485271e+01 3.934408982247670065e+05
3.621309613211296519e-01 1.289823209545376237e+01 3.389693261481522932e+05
3.736144282464423094e-01 1.281414935788495590e+01 2.926205409397934563e+05
3.854292343289148493e-01 1.273237357489618482e+01 2.526286251950806763e+05
3.975822511294080375e-01 1.266149016775395530e+01 2.182960298793317925e+05
4.100395181456964466e-01 1.259131028438582334e+01 1.883972181960881862e+05
4.228182287888708757e-01 1.252401560025991145e+01 1.629585742521188222e+05
4.359655313877507932e-01 1.246311351880982876e+01 1.411001403262793028e+05
4.494328882633555344e-01 1.240888815433175552e+01 1.217678406221453333e+05
4.632344475621272828e-01 1.235274981401042638e+01 1.055437746978872019e+05
4.773613808604433850e-01 1.229978022072137200e+01 9.134769299676419178e+04
4.918214079209042300e-01 1.225252150902007031e+01 7.916543423967764829e+04
5.066109312756931216e-01 1.221314981984257031e+01 6.844642159552153316e+04
5.217403680741924399e-01 1.217187525717573315e+01 5.946892633562543051e+04
5.372032296915948413e-01 1.213659951429821149e+01 5.157004634146964236e+04
5.529972811711599823e-01 1.210061472962711626e+01 4.479085485102533858e+04
5.691232690932003235e-01 1.206655177891090958e+01 3.886368614304538642e+04
5.854954675168986267e-01 1.203549588156981720e+01 3.378070887981579290e+04
6.019080349793330953e-01 1.200640772200226891e+01 2.945461763507071373e+04
6.183746758309152103e-01 1.197925891865336290e+01 2.567300332315217383e+04
6.349677816055366852e-01 1.195034266239209764e+01 2.250540360357925601e+04
6.518571665375132440e-01 1.192421404509372884e+01 1.969367225816832070e+04
6.691019821432646619e-01 1.189933801325412510e+01 1.721024579548547626e+04
6.868534947299386184e-01 1.187432934727238631e+01 1.504830261854868149e+04
7.049829737462197654e-01 1.185140190102622171e+01 1.316061284737377719e+04
7.237761755136602471e-01 1.182813965188064564e+01 1.146992519935138262e+04
7.430450925742961843e-01 1.180466364011898506e+01 1.000699671704045977e+04
7.630139253399637056e-01 1.178538378658506325e+01 8.725638157611636416e+03
7.836563206520933411e-01 1.176714477580786955e+01 7.565465823325875135e+03
8.050141212625009368e-01 1.175027598745007396e+01 6.566300644121342884e+03
8.270943055309328829e-01 1.173293809600116155e+01 5.693348380447780073e+03
8.499360772804096520e-01 1.171911604734807177e+01 4.934923547462758506e+03
8.735402830576658451e-01 1.170438399349234970e+01 4.267492185552017872e+03
8.979381337855157907e-01 1.169357669701525992e+01 3.687165158502528811e+03
9.231351821973339256e-01 1.168343949050290753e+01 3.183922389049561843e+03
9.491298574733608717e-01 1.167355949152770123e+01 2.749349130900680848e+03
9.759494716941811143e-01 1.166545187768896064e+01 2.367746048970494940e+03
1.003562850065452317e+00 1.166171133674692051e+01 2.025583854859357871e+03
1.031982661093421738e+00 1.165745131136155877e+01 1.745821259424734990e+03
1.061202490587316749e+00 1.165720307046877657e+01 1.513280229908255251e+03
1.091211670395564548e+00 1.165367980380409207e+01 1.302257902368722398e+03
1.121985934324772893e+00 1.165396963488723436e+01 1.113020502486612259e+03
1.153526790643136790e+00 1.165521703868400927e+01 9.648434136356678437e+02
1.185794963763126209e+00 1.165850330516050981e+01 8.301761232058432824e+02
1.218780436918193821e+00 1.166252151464190945e+01 7.139118742599679308e+02
1.252436505855645921e+00 1.166756588254847671e+01 6.147614857651816465e+02
1.286744952606902803e+00 1.167329475527330551e+01 5.295371532317427636e+02
1.321672865183590506e+00 1.168060180431701234e+01 4.535682691147074479e+02
1.357176603711524043e+00 1.168836543436639808e+01 3.934341828815227586e+02
1.393218886398180700e+00 1.169690688845826010e+01 3.395113790204416091e+02
1.429754916014842170e+00 1.170522671857441743e+01 2.929344011555627958e+02
1.466690734972570853e+00 1.171337789356208781e+01 2.530639312751588648e+02
1.502953428793820656e+00 1.172383798556326617e+01 2.197352958484977989e+02
1.538123107674963741e+00 1.173091175204123182e+01 1.917574723496338720e+02
1.572243384959144175e+00 1.173739443345583489e+01 1.680948983182055372e+02
1.605362578259435624e+00 1.174113217753999905e+01 1.479185474244340242e+02
1.637467730700824298e+00 1.174429349526125321e+01 1.306352844088355027e+02
1.668645134718800049e+00 1.174453247194334260e+01 1.157706807078923106e+02
1.698896421725310635e+00 1.174306436175109170e+01 1.028459818627876956e+02
1.728269756866687601e+00 1.174006037775348332e+01 9.157452442168576567e+01
1.756758994330433366e+00 1.173350225537922320e+01 8.176773719297531784e+01
1.784406245793899171e+00 1.172641225752297878e+01 7.317538608627998542e+01
1.811206555506835070e+00 1.171748412857822252e+01 6.542469444513598376e+01
1.837167059639964739e+00 1.170496585176940307e+01 5.897315970243058558e+01
1.862329587662217456e+00 1.169194084228981723e+01 5.307314199267658239e+01
1.886686401623456355e+00 1.167706552761834793e+01 4.788824427781753457e+01
1.910242988301478428e+00 1.165941258094977862e+01 4.305577632854188153e+01
1.933016516206126578e+00 1.164138696532258699e+01 3.910326546962896543e+01
1.955007152612529664e+00 1.162139595217862720e+01 3.543917971086369789e+01
1.976225395358745640e+00 1.159893321011961120e+01 3.216991163602635595e+01
1.996669284992973692e+00 1.157572351407353572e+01 2.921456856949231451e+01
2.016352365316270046e+00 1.155077314550212009e+01 2.649427427181534256e+01
2.035263250301392546e+00 1.152486894314575672e+01 2.423415991477879317e+01
2.053425398703276450e+00 1.149692692274447303e+01 2.211309291569169844e+01
2.070820329354306821e+00 1.146785059442987631e+01 2.020875126977391645e+01
2.087472028458006168e+00 1.143725959357774258e+01 1.848784432997535276e+01
2.103597265240746417e+00 1.140697555144244646e+01 1.686067182719938629e+01
2.118535383375966585e+00 1.137297983414689284e+01 1.548249309249163197e+01
2.132955266629187108e+00 1.133939827978011472e+01 1.426960674785917682e+01
2.146642113609563474e+00 1.130441606881560723e+01 1.308907187875056977e+01
2.159594691302931135e+00 1.126792561934583858e+01 1.208668893487201679e+01
2.171831264657362759e+00 1.123045533349891123e+01 1.115005537021952087e+01
2.183343990747060204e+00 1.119297254873228731e+01 1.029088008740515114e+01
2.194148501045422250e+00 1.115385948349259237e+01 9.514843345128245033e+00
2.204253099630276491e+00 1.111388335534285510e+01 8.806714128922322971e+00
