2.191799393465098389e-01 1.550982308316407554e+01 3.683535669800713658e+06
2.252870068820906346e-01 1.527394782123815453e+01 3.216538896897104569e+06
2.315966429968988882e-01 1.505109979546454113e+01 2.815691329013971146e+06
2.381066191052594594e-01 1.486085075738563965e+01 2.479363557922518812e+06
2.448381063680267755e-01 1.466861909286465426e+01 2.152784779127503745e+06
2.517489488963201016e-01 1.446410528442564924e+01 1.888896982153787743e+06
2.588849237205782527e-01 1.430643990339758176e+01 1.651915712415481685e+06
2.662375653473057491e-01 1.413266398166723370e+01 1.448089278747446835e+06
2.738114796355127223e-01 1.398794937271927274e+01 1.266628419277784647e+06
2.816101144300272585e-01 1.384362087401527397e+01 1.110029319412979530e+06
2.896381005895666272e-01 1.371454259933386233e+01 9.718729742356454954e+05
2.978913827210601939e-01 1.358730467215674054e+01 8.511081484717795392e+05
3.063774616778727755e-01 1.346935205079757836e+01 7.462197975635851035e+05
3.151020713786811256e-01 1.335788096355227417e+01 6.531047390420122538e+05
3.240700700808721302e-01 1.326557255078790476e+01 5.725998951779365307e+05
3.332839836237881936e-01 1.315444244121661477e+01 5.025967699290798628e+05
3.427542958441203713e-01 1.306541709112418026e+01 4.392677779805741156e+05
3.524481508319075584e-01 1.297901604897450234e+01 3.851137866920809611e+05
3.624176286293843141e-01 1.289799076931883803e+01 3.376029261649471009e+05
3.726221567581736727e-01 1.282029920007605028e+01 2.979790389108895906e+05
3.831087998175584097e-01 1.274975129676921703e+01 2.580432554920188268e+05
3.938281380385837971e-01 1.268172328631660051e+01 2.281069127418716380e+05
4.048271116665148606e-01 1.261712298218322381e+01 2.002865190653975587e+05
4.160798857454677813e-01 1.255820220495195549e+01 1.760177663319264539e+05
4.275926727491632384e-01 1.250648204559460552e+01 1.543758356018649356e+05
4.393638249387180617e-01 1.245008336037229135e+01 1.358206606921714556e+05
4.514229594896223552e-01 1.239863170544712823e+01 1.193446628769575473e+05
4.637463480715065534e-01 1.235070941864767669e+01 1.049455266773250332e+05
4.763165052873747918e-01 1.230732868302359684e+01 9.233110860986440093e+04
4.891581248198051401e-01 1.226621149675542988e+01 8.119939175442109990e+04
5.022461797356095881e-01 1.222696990630818625e+01 7.141826945267515839e+04
5.156126893837742475e-01 1.219017844518914551e+01 6.299534329592629365e+04
5.292434033788848691e-01 1.215605863927386743e+01 5.549867586449797091e+04
5.431365327110759811e-01 1.212221536167576019e+01 4.888091566127051919e+04
5.572919113586689566e-01 1.209271499457526744e+01 4.308236519765776029e+04
5.716807136362704878e-01 1.206131650241793807e+01 3.801187724539006012e+04
5.863306774059132698e-01 1.202983386594548421e+01 3.357063305516828405e+04
6.012662321965397405e-01 1.200750018345549464e+01 2.959473342097026034e+04
6.165590302545386203e-01 1.198114733180780611e+01 2.613616542130011658e+04
6.322830532460689268e-01 1.195834192358434400e+01 2.305640734317346505e+04
6.484923332421768105e-01 1.193486228577972419e+01 2.029742038614892954e+04
6.652263850959571068e-01 1.191272198645393310e+01 1.787413469621364857e+04
6.825321708048224245e-01 1.189394156585566265e+01 1.570901771884678419e+04
7.001977571450325177e-01 1.187777757925579714e+01 1.380427784068011533e+04
7.175945502017638811e-01 1.185898295262357038e+01 1.220692934211365537e+04
7.347649601952006559e-01 1.184338066757108798e+01 1.082822137691376702e+04
7.517990815959493256e-01 1.182724868296358700e+01 9.610812569467403591e+03
7.687428971129608435e-01 1.181187695914850977e+01 8.562747351238946067e+03
7.856735929547449260e-01 1.179651642419425883e+01 7.629408232379329093e+03
8.026342947936871974e-01 1.178115080336850262e+01 6.804116469814603988e+03
8.196401630155396578e-01 1.176504421121857114e+01 6.077187191794435421e+03
8.367375491677578880e-01 1.175036029554097894e+01 5.431671332375988641e+03
8.539757726301757668e-01 1.173058256753063766e+01 4.859441944730676369e+03
8.713670248939060503e-01 1.171457408385273169e+01 4.307378648437178526e+03
8.889246088798417045e-01 1.169872602939119233e+01 3.892903620700687043e+03
9.066819525292914017e-01 1.168336481109705360e+01 3.475536047832278200e+03
9.246525506548816109e-01 1.166412799813869761e+01 3.111968374939875503e+03
9.428572929766461108e-01 1.165706556120944626e+01 2.780608150401907551e+03
9.612997859607914641e-01 1.163364183277966468e+01 2.488453072343673284e+03
9.799949547988230369e-01 1.161516776370481629e+01 2.224924368089152267e+03
9.989469353135778107e-01 1.159953623242690313e+01 1.990134601779599734e+03
1.018169652227854494e+00 1.158194812274703622e+01 1.777656018747468579e+03
1.037660109493341087e+00 1.156501067695303853e+01 1.588030614685652836e+03
1.057418496675731179e+00 1.154853587428946327e+01 1.420014523789784107e+03
1.077535741960494953e+00 1.153140068597126877e+01 1.266432805990123370e+03
1.097847263194138057e+00 1.151708795300757870e+01 1.132759544370937874e+03
1.118323281400364300e+00 1.150014628335838296e+01 1.011802110561755399e+03
1.139168879350691332e+00 1.148166580335979781e+01 9.050947173686711267e+02
1.160257675957816703e+00 1.146413672255979321e+01 8.074622703403312016e+02
1.181615378074976963e+00 1.145167352058446397e+01 7.161961333701133299e+02
1.203201556792009796e+00 1.143026565426011487e+01 6.437602093341004093e+02
1.225011527259228572e+00 1.141569914074910663e+01 5.747329138691236494e+02
1.247054075671037765e+00 1.140029487568069122e+01 5.135362072990046727e+02
1.269291161846102911e+00 1.138395981156794790e+01 4.587561102850955308e+02
1.291720704754584448e+00 1.136473741268800097e+01 4.095247940160915050e+02
1.314324662167379865e+00 1.134927247967031683e+01 3.659515010557023516e+02
1.337083511243654543e+00 1.133355044555847257e+01 3.269703591899713615e+02
1.359983774036172655e+00 1.131609599772565922e+01 2.925194047001951390e+02
1.382998701623050941e+00 1.130193423222043592e+01 2.616223205075910982e+02
1.406122574692850513e+00 1.128338303475523219e+01 2.327356064541302771e+02
1.429323195234627697e+00 1.126672724138944304e+01 2.095796413729831613e+02
1.452585682290429281e+00 1.124940429836135181e+01 1.876401144066304880e+02
1.475884542888370232e+00 1.123247804905231284e+01 1.682274021450139969e+02
1.499198012365337007e+00 1.121586827001331876e+01 1.505874557498472939e+02
1.522495595426395454e+00 1.119801844773140864e+01 1.351595626925890770e+02
1.545769730647548190e+00 1.118105789048411580e+01 1.213535274477013104e+02
1.568983633479048345e+00 1.116335009659921518e+01 1.089584394725805225e+02
1.592116296629987326e+00 1.114550740823727892e+01 9.744124133968350066e+01
1.615143347980170008e+00 1.112707888821412716e+01 8.769666920129843390e+01
1.638046174318734227e+00 1.110895856265821102e+01 7.922150276311121786e+01
1.660797542997442422e+00 1.109046445465087949e+01 7.127486739696067275e+01
1.683361282708444762e+00 1.107183091226866622e+01 6.404407782322293485e+01
1.705732540577317380e+00 1.105297496960524306e+01 5.798935276352316492e+01
1.727878071720187148e+00 1.103301709385948293e+01 5.233350948867402508e+01
1.749776554522989747e+00 1.101337105059403498e+01 4.713078880083488542e+01
1.771403565071208774e+00 1.099287870557235358e+01 4.262842952703118726e+01
1.792741347230615290e+00 1.097250485142886944e+01 3.876254297308901187e+01
1.813767245971072084e+00 1.095164216110467770e+01 3.509264920752472960e+01
1.834456676022085286e+00 1.093099205009880315e+01 3.184888416438194270e+01
1.854792377974725071e+00 1.090837013854918425e+01 2.892280690255910258e+01
