2.191799393465098389e-01 1.550982308316407554e+01 3.683535669800713658e+06
2.250656731702553592e-01 1.528926802168881594e+01 3.253506600827403367e+06
2.311201889273181709e-01 1.505916775907643945e+01 2.845099965958602261e+06
2.373827849696911463e-01 1.486522024359245542e+01 2.498397119278511964e+06
2.438215533217813202e-01 1.468189827978991246e+01 2.199309089934220538e+06
2.504495883272328527e-01 1.449715114413525541e+01 1.936568074269566219e+06
2.572787404523815269e-01 1.434023124294109053e+01 1.702057004663483705e+06
2.643080967262095293e-01 1.417851886467679279e+01 1.496873195141863078e+06
2.715415034526021953e-01 1.402786042518740217e+01 1.317719880028538406e+06
2.789827007811002124e-01 1.389324712243153748e+01 1.158086474986821646e+06
2.866413771800864763e-01 1.376336972927993507e+01 1.009813126728453091e+06
2.944960458985044216e-01 1.363538194641871115e+01 8.978315369721804745e+05
3.025690692035559737e-01 1.351991770248199565e+01 7.905497580950193806e+05
3.108684021298167566e-01 1.341337670861790698e+01 6.952102902434443822e+05
3.193849626434979161e-01 1.331682881804225715e+01 6.130367243163582170e+05
3.281368648252678821e-01 1.320961175777715901e+01 5.397805163807055214e+05
3.371000551220992847e-01 1.311883749587937587e+01 4.752867364982651197e+05
3.462991369034963407e-01 1.303204778959233323e+01 4.189097809833365027e+05
3.557538643380583343e-01 1.295355687838189951e+01 3.689048197517181979e+05
3.654062796695909943e-01 1.287357923792990633e+01 3.251218878062376752e+05
3.753040379044597641e-01 1.280217038959873932e+01 2.863667520130478078e+05
3.854534415144200699e-01 1.273556093549804658e+01 2.527380464273798862e+05
3.958401561150684533e-01 1.267049819502134511e+01 2.225330251465185429e+05
4.064614419075311402e-01 1.260994752551994935e+01 1.964973288472011627e+05
4.173331231017105014e-01 1.255281431217492916e+01 1.734980485569185112e+05
4.284424529791285297e-01 1.249733775906149802e+01 1.531441239645847818e+05
4.397930485261143385e-01 1.244722438488539140e+01 1.352297343107190100e+05
4.514100583864524840e-01 1.239927157411766068e+01 1.192815727777231805e+05
4.632725048153732428e-01 1.235400468487246251e+01 1.055850704582208273e+05
4.753603749534165979e-01 1.231095557596092327e+01 9.319870203410493559e+04
4.877080605558610782e-01 1.227024969129718635e+01 8.241907367045647698e+04
5.002732925891203442e-01 1.223078221176635161e+01 7.288063568912158371e+04
5.131004415433362276e-01 1.219455265612076289e+01 6.440955045200717723e+04
5.261736834204280289e-01 1.216059734418806038e+01 5.714329511642851867e+04
5.394899371969342772e-01 1.213181420634368557e+01 5.058822044651312899e+04
5.530509039388253889e-01 1.210025823509511866e+01 4.475676705490671156e+04
5.668555136936758165e-01 1.207056947360725907e+01 3.962198057202446944e+04
5.808511241373887080e-01 1.204325100213091027e+01 3.516467880759404215e+04
5.950195167198584212e-01 1.201650621911382366e+01 3.095918668524809982e+04
6.093273444008302508e-01 1.199191112828907002e+01 2.771065112685994609e+04
6.238640008288902639e-01 1.196447093502237458e+01 2.463465267218925874e+04
6.386377160581397927e-01 1.194673340792601124e+01 2.168404934106792643e+04
6.537740748024631898e-01 1.192314443175982674e+01 1.948288263710385218e+04
6.692640213545073546e-01 1.190426799311131845e+01 1.725040700862895756e+04
6.851722558474233615e-01 1.188385539485086007e+01 1.533170067446725079e+04
7.015432281385216573e-01 1.186490483208470259e+01 1.358614625591765616e+04
7.184062179001480253e-01 1.184788075075899272e+01 1.192923659556211896e+04
7.358097115042974146e-01 1.183212502521784160e+01 1.056443974735619122e+04
7.537153328231397387e-01 1.181342356154623729e+01 9.402556767254567603e+03
7.722167568637336998e-01 1.179981753880166906e+01 8.309162781945604365e+03
7.913048147985675129e-01 1.178786805655728998e+01 7.328226200545523170e+03
8.109953254654981292e-01 1.177570515387210470e+01 6.454258839663582876e+03
8.313134577561591687e-01 1.176679818071259476e+01 5.689671794405145192e+03
8.522649067323154748e-01 1.175706396485116478e+01 4.997305417743419639e+03
8.738577531726211545e-01 1.174906367903585291e+01 4.389874177153906203e+03
8.961020870535493232e-01 1.174420004447354771e+01 3.860233026836891895e+03
9.190161397582889968e-01 1.173828319770285233e+01 3.387947945981055454e+03
9.425906517735241907e-01 1.173551892518854700e+01 2.946595383092915199e+03
9.668336764458753674e-01 1.173458166984738682e+01 2.605491596304535051e+03
9.917519311068677679e-01 1.173234051605061268e+01 2.282284546118113212e+03
1.017329973864704362e+00 1.173368417213304049e+01 2.000824525254178752e+03
1.043573367777494987e+00 1.173595420986141136e+01 1.752434017224048603e+03
1.070478301047389280e+00 1.173941166337155373e+01 1.532782203547742483e+03
1.098029073973314063e+00 1.174411471186211386e+01 1.341812637175845566e+03
1.126228497823467123e+00 1.175350580934227196e+01 1.166033140363860639e+03
1.155055538407939286e+00 1.175707668403220474e+01 1.027366068856338416e+03
1.184490858380195411e+00 1.176781479702101230e+01 9.000243517998716243e+02
1.214408535116176191e+00 1.177439044341194929e+01 7.884892364527626114e+02
1.244253468808433016e+00 1.178457556699625641e+01 6.923091022787219799e+02
1.273946350371243375e+00 1.179467132653573103e+01 6.100380684199037660e+02
1.303466459284495338e+00 1.180516855228674800e+01 5.387669354979331047e+02
1.332853245643973894e+00 1.181210171222416072e+01 4.764933967470972789e+02
1.362120113205105953e+00 1.181931118572406803e+01 4.222718054303163626e+02
1.391196953202239461e+00 1.182669097592202512e+01 3.753570801008963258e+02
1.420163955650044274e+00 1.183573592625803883e+01 3.339161441783987812e+02
1.449003164717158620e+00 1.184410560167638415e+01 2.971871504398467891e+02
1.477662823777558421e+00 1.184994569169875156e+01 2.649266750633063339e+02
1.506173899689764228e+00 1.185174831344619406e+01 2.365202491502380724e+02
1.534531000290343172e+00 1.185928407185553901e+01 2.103388855840887857e+02
1.562722977092645182e+00 1.185991129017527435e+01 1.893350674762248786e+02
1.590714153175290413e+00 1.186203415246890103e+01 1.696085849620490933e+02
1.618512112869938457e+00 1.186356583467968129e+01 1.522538503773257048e+02
1.646121717237368998e+00 1.186507376466046182e+01 1.367581541163089014e+02
1.673501037667785685e+00 1.186541815480497419e+01 1.223227823734197557e+02
1.700658901824118940e+00 1.186371994805710806e+01 1.106126997618422223e+02
1.727568175470894252e+00 1.186210454448845297e+01 9.966350464847670310e+01
1.754220741565851727e+00 1.185957950251600757e+01 8.991319777931832391e+01
1.780601904922987977e+00 1.185648300309882686e+01 8.111403694623001570e+01
1.806694230334875195e+00 1.185206704113969600e+01 7.296559161497579282e+01
1.832484448073055994e+00 1.184702118768841927e+01 6.624559553412190382e+01
1.857954777941973168e+00 1.184071937076917891e+01 5.970900960644172528e+01
1.883088302629254418e+00 1.183356538555379522e+01 5.434731287741642092e+01
1.907874116532557451e+00 1.182550804893972796e+01 4.932325191773848871e+01
1.932465110306663458e+00 1.181746445442095350e+01 4.472503033452473886e+01
1.956323782782265042e+00 1.180693999999009947e+01 4.064830453709015501e+01
1.979961698612021870e+00 1.179606766099867876e+01 3.696254315254236644e+01
2.003192233071234174e+00 1.178528624403813652e+01 3.365505409935855141e+01
2.025989210783476047e+00 1.177267059013526662e+01 3.053958283762284864e+01
2.048347194595717902e+00 1.175979354521208009e+01 2.795961178214028209e+01
2.070262640879405591e+00 1.174555631127182664e+01 2.542925850198128401e+01
