2.191799393465098389e-01 1.550982308316407554e+01 3.683535669800713658e+06
2.266609198682028314e-01 1.522549362088931701e+01 3.129561458927778061e+06
2.344293264968559665e-01 1.496116489857919341e+01 2.665921887980717700e+06
2.425148992968074457e-01 1.472292727011492985e+01 2.261090776371412911e+06
2.508902282416430318e-01 1.449252700589121012e+01 1.924857544639672386e+06
2.595884433152308435e-01 1.427916059244004110e+01 1.631665211583038094e+06
2.686097032936253237e-01 1.408759938424119262e+01 1.387645859060193645e+06
2.779622871775383475e-01 1.391364941214061268e+01 1.180719303792353021e+06
2.876516199555434472e-01 1.374738608198438961e+01 1.001273243002467789e+06
2.976768343780641368e-01 1.359297130384522490e+01 8.546015354638493154e+05
3.080475406888683598e-01 1.344562054184454070e+01 7.273392414871661458e+05
3.187901139775547454e-01 1.331518132785193664e+01 6.172945452421782538e+05
3.298749802189414604e-01 1.319020474878682059e+01 5.264538485802436480e+05
3.413498953581279305e-01 1.307919416660264034e+01 4.479924241920867353e+05
3.531542388680001254e-01 1.297331080641574452e+01 3.789450807318335283e+05
3.653598681683467575e-01 1.287807203439701276e+01 3.252980695723872050e+05
3.779601147147866880e-01 1.278268566552100438e+01 2.765529488284168183e+05
3.909019834931211079e-01 1.269944112879619169e+01 2.345071866314394283e+05
4.042522168170674668e-01 1.262226930486430376e+01 2.018788542180456861e+05
4.179924418908007033e-01 1.254888288658293583e+01 1.720013686433146650e+05
4.321268876692933580e-01 1.248134849425309767e+01 1.469853515106077830e+05
4.466624895728902866e-01 1.241913674251035715e+01 1.252945818177593028e+05
4.615962979829387192e-01 1.236019801422909303e+01 1.071178488827263209e+05
4.769030179892016497e-01 1.230755928120827036e+01 9.160610266795365897e+04
4.926038480428173161e-01 1.225406317374186216e+01 7.855429847293134662e+04
5.086947243042132527e-01 1.220972313672828413e+01 6.722770968192321016e+04
5.251849126931175116e-01 1.216449857027688353e+01 5.753006931743882160e+04
5.420673317110530354e-01 1.212484604234645147e+01 4.937203710057161516e+04
5.593395129221591100e-01 1.208645440615710065e+01 4.232460460666053405e+04
5.769600118309323733e-01 1.205013605339935445e+01 3.634486296628072887e+04
5.943959125153569500e-01 1.201892006825643300e+01 3.133566866862889583e+04
6.107214245966651189e-01 1.198631816681013795e+01 2.734215279913606719e+04
6.261814049331226872e-01 1.195758771509712659e+01 2.403441661528700934e+04
6.411476929319092077e-01 1.192696870372335383e+01 2.122836057165786042e+04
6.559073663526746589e-01 1.189446172650425559e+01 1.877985663840931738e+04
6.710200141294524467e-01 1.186124796341947985e+01 1.642002155410312116e+04
6.866178526104051993e-01 1.182728128819878677e+01 1.460549047636065734e+04
7.027758712385726581e-01 1.179184445925897684e+01 1.282506974973941942e+04
7.195367590157726312e-01 1.175921195178758083e+01 1.125872051674124850e+04
7.369792138036460605e-01 1.172616813619616316e+01 9.827535880443028873e+03
7.551400102245204859e-01 1.169233144754753262e+01 8.553476271337389335e+03
7.740331443906015574e-01 1.166208477405838018e+01 7.456670548348080047e+03
7.937443627881990427e-01 1.162906359234500897e+01 6.468398539657517176e+03
8.142620720399227352e-01 1.159710361638672715e+01 5.599478771668900663e+03
8.356091454613283620e-01 1.156776223467460341e+01 4.812196788049635870e+03
8.578190839462476180e-01 1.154237031743143937e+01 4.171478522228107977e+03
8.809039282047537167e-01 1.151554723695512550e+01 3.592801545570104281e+03
9.048763651719120560e-01 1.148836025931817240e+01 3.087143901962951077e+03
9.291491876590027843e-01 1.146869946990422484e+01 2.638379909182991923e+03
9.529932035793139411e-01 1.144506284418460673e+01 2.301154684159355838e+03
9.764653597730673651e-01 1.142642049254057213e+01 1.998466577789553867e+03
9.996031645696809020e-01 1.140341620355301444e+01 1.742226913066078851e+03
1.022450607041516246e+00 1.138114906509521163e+01 1.524501428838494121e+03
1.045046889872667473e+00 1.135777065719956980e+01 1.336224873024955286e+03
1.067434222895885521e+00 1.133524613903581368e+01 1.174148692552208331e+03
1.089641565186590944e+00 1.131074627009651934e+01 1.032634170317337293e+03
1.111681459504304526e+00 1.128608446035557833e+01 9.096246077876546678e+02
1.133568773185531953e+00 1.126171885870739153e+01 8.020860539033623127e+02
1.155315120173613597e+00 1.123456483013574925e+01 7.085701690709413469e+02
1.176941825990471591e+00 1.120733463258681084e+01 6.265802771447838495e+02
1.198460401276900011e+00 1.117836732822904544e+01 5.544897340101715599e+02
1.219864382990281992e+00 1.114957425749134678e+01 4.910748588276593409e+02
1.241162757984741072e+00 1.112240025494136297e+01 4.349224563492697939e+02
1.262343741476819936e+00 1.108880684144002515e+01 3.856389710894417249e+02
1.283409951246532454e+00 1.105873040752078040e+01 3.422716848642947411e+02
1.304364923682942434e+00 1.102460275899893638e+01 3.039369278543311452e+02
1.325185339274199681e+00 1.099115123920868520e+01 2.701419138290605133e+02
1.345874963326257667e+00 1.095882268240516311e+01 2.399893163918990524e+02
1.366392167636278243e+00 1.092201305843923365e+01 2.134286710569549257e+02
1.386763569797679674e+00 1.088832489240045476e+01 1.901268702856148138e+02
1.406946232732917190e+00 1.085145439098680420e+01 1.695818448088174364e+02
1.426914115204051869e+00 1.081429850880614474e+01 1.508266639598716949e+02
1.446670487947762540e+00 1.077738804494157066e+01 1.349378503202691206e+02
1.466184413858039770e+00 1.073871145137671057e+01 1.205545233506817624e+02
1.485483109674603286e+00 1.070062208520340974e+01 1.074442005079256717e+02
1.504484613027413431e+00 1.066071434296563858e+01 9.601914000535795424e+01
1.523190529264648374e+00 1.062127974602993596e+01 8.587688587686055541e+01
1.541585547471635342e+00 1.058071509923462017e+01 7.697924437523431607e+01
1.559644972275393782e+00 1.053969761209443945e+01 6.897563240478659452e+01
1.577475136949149537e+00 1.049905065533018877e+01 6.173953879619535456e+01
1.594684674293577631e+00 1.045590089488467456e+01 5.557313378077413546e+01
1.611606995900636718e+00 1.041327316547630311e+01 4.997038469181790532e+01
1.628129943769589305e+00 1.037000199015596813e+01 4.499149645909941597e+01
1.644210687581813435e+00 1.032624659502479503e+01 4.052255062149672682e+01
1.659851627838733856e+00 1.028180516225707031e+01 3.639454073526780320e+01
1.675008169606131858e+00 1.023712619414379255e+01 3.300113095272691766e+01
1.689695053633882837e+00 1.019245702630893291e+01 2.979577053102525142e+01
1.703867512778985960e+00 1.014658204043741385e+01 2.701519515144861927e+01
1.717523494610117218e+00 1.010116609404856902e+01 2.439983233205056834e+01
1.730656209224170405e+00 1.005411008972247977e+01 2.215164430853530320e+01
1.743240768503471649e+00 1.000769419358161372e+01 2.017737762980301497e+01
1.755283972942031756e+00 9.960339258291968534e+00 1.835725672334877956e+01
1.766762727125649413e+00 9.912248282293386836e+00 1.669741386390674975e+01
1.777673100459267630e+00 9.864601502675036215e+00 1.524879128922584925e+01
1.788006756057278102e+00 9.816958852154543891e+00 1.395805937056779555e+01
1.797760984540778262e+00 9.767818043081145873e+00 1.275093358634749130e+01
1.806933539270302091e+00 9.719342156800513166e+00 1.164885891290115971e+01
1.815510453684664682e+00 9.670033896999735035e+00 1.068736603068290059e+01
1.823504911991824073e+00 9.620909965989257628e+00 9.825991688951354774e+00
1.830905239253158623e+00 9.571404154700189792e+00 9.062872079827140936e+00
