2.191799393465098389e-01 1.550982308316407554e+01 3.683535669800713658e+06
2.252817515290856942e-01 1.527616533368202134e+01 3.225002702558350284e+06
2.315872982857958562e-01 1.508058033225549366e+01 2.815572189815658145e+06
2.380914298179536426e-01 1.485034937851047943e+01 2.471875992953251582e+06
2.448088538321530616e-01 1.464961638802548904e+01 2.157510778247853741e+06
2.517232715921077779e-01 1.447467017849730375e+01 1.893899327457603533e+06
2.588531373855620377e-01 1.430119405696243895e+01 1.657742918949716957e+06
2.661996092505032885e-01 1.414451937017314620e+01 1.446420255034523318e+06
2.737663488168930459e-01 1.398739209594518762e+01 1.269201147972754436e+06
2.815579842456947257e-01 1.384397219838282922e+01 1.111859424437820446e+06
2.895787591466429389e-01 1.371342023508803365e+01 9.727280566502620932e+05
2.978237902320083896e-01 1.358751514566611363e+01 8.517095598527851980e+05
3.063019142117305305e-01 1.346875179745099160e+01 7.458373494747625664e+05
3.150182781999029680e-01 1.336411807194007650e+01 6.534467901511996752e+05
3.239830466324418734e-01 1.325735572081934954e+01 5.733969600860580103e+05
3.331840956812051058e-01 1.315837095046739336e+01 5.021767410270508262e+05
3.426472424788627458e-01 1.307031808069363166e+01 4.396871150861626957e+05
3.523269343974899659e-01 1.298027797112619375e+01 3.863894911499519949e+05
3.622757707822507056e-01 1.290398068119873898e+01 3.389724460830242606e+05
3.724780493214407406e-01 1.282110097632688017e+01 2.969264997104111244e+05
3.829525994145119294e-01 1.274915705308191782e+01 2.603101528254225268e+05
3.936613150668080152e-01 1.268131509464610218e+01 2.289362338256581570e+05
4.046365193184320863e-01 1.261998479209144186e+01 2.008566396406344429e+05
4.158758214641395945e-01 1.256277120899611255e+01 1.762143792629314703e+05
4.273883919373150930e-01 1.250218981300129606e+01 1.549844981756635825e+05
4.391461393321772766e-01 1.245024867852061057e+01 1.362308500118537049e+05
4.511924903631507333e-01 1.240170898471719596e+01 1.194934740383119788e+05
4.635007484833403857e-01 1.235293581764559967e+01 1.051045895035458088e+05
4.760562524635920667e-01 1.230788934653668143e+01 9.260071322265468189e+04
4.888837380366900520e-01 1.226775508345221155e+01 8.144999121037281293e+04
5.019558599225667495e-01 1.222768309551300625e+01 7.173895984849747038e+04
5.153062594658882611e-01 1.219250145844860711e+01 6.313856826624002133e+04
5.289212464360998345e-01 1.215583357491554750e+01 5.562538385862053110e+04
5.427976944698077455e-01 1.212272702687634229e+01 4.904793326175449329e+04
5.569368394981263348e-01 1.209276779850642214e+01 4.324575899919785297e+04
5.713091247725506916e-01 1.206231815655781503e+01 3.809483852953873429e+04
5.859146045103074130e-01 1.203569207716298273e+01 3.362580178966636595e+04
6.005206006779632011e-01 1.200655002074261368e+01 2.984031570178273614e+04
6.151699742673305549e-01 1.198273089702566097e+01 2.642376304831134257e+04
6.299256748474003631e-01 1.195865404585030944e+01 2.344549919794830930e+04
6.448784161451061037e-01 1.193503053419907545e+01 2.081795306459940184e+04
6.601025677197104313e-01 1.191202817156548655e+01 1.847667743384935602e+04
6.756169927552660992e-01 1.189060451583546119e+01 1.624404493960873333e+04
6.907838861096744498e-01 1.186928095694782748e+01 1.460160937184993963e+04
7.058536202453420394e-01 1.184783658327251743e+01 1.304961893412449353e+04
7.209223238185021865e-01 1.182636835668269626e+01 1.167754916025276543e+04
7.358380853197792337e-01 1.180547167882158455e+01 1.045891382014657393e+04
7.507191247210456275e-01 1.178432668764992464e+01 9.381069964766693374e+03
7.657258276003244823e-01 1.176348136094932606e+01 8.423245973451232203e+03
7.808418617278587437e-01 1.173911201935785265e+01 7.560241023034148384e+03
7.960874829546560338e-01 1.171961014861293471e+01 6.787193488196064209e+03
8.115022285573895156e-01 1.170013682928505538e+01 6.090166844456819490e+03
8.271148130277941046e-01 1.167599489960645442e+01 5.467799358807100361e+03
8.429208651717490230e-01 1.165152357858218757e+01 4.902657367091547712e+03
8.589670687907016156e-01 1.163241664865939029e+01 4.400136685542151099e+03
8.752602073207528255e-01 1.160815766532380167e+01 3.946523573064810989e+03
8.918386962436625209e-01 1.158553076137415339e+01 3.547390971305271250e+03
9.086790021663134764e-01 1.157103180632234540e+01 3.168226851852463369e+03
9.258327161302049024e-01 1.154323081721184074e+01 2.836006939643792975e+03
9.433290152212492341e-01 1.152150075489001857e+01 2.537869982095875457e+03
9.610171176552692041e-01 1.150011118445887348e+01 2.272815595025401308e+03
9.790684287271619324e-01 1.147802230353834041e+01 2.033157051497314342e+03
9.974442503739470167e-01 1.145708120286566611e+01 1.815968968206683940e+03
1.016129335569576853e+00 1.143575771222995208e+01 1.622618992646381230e+03
1.035259539461324652e+00 1.141501703248474264e+01 1.447924934061115209e+03
1.054463083385370759e+00 1.139331952018313743e+01 1.295297226896127313e+03
1.074206801394895550e+00 1.137338387089866920e+01 1.154049199255971189e+03
1.094040537471462571e+00 1.135270785006207106e+01 1.027404619800601040e+03
1.114295321553424811e+00 1.133149712206654058e+01 9.199541645356733852e+02
1.134825263995976163e+00 1.131623173559189688e+01 8.215015561149996302e+02
1.155636798275693433e+00 1.129526773454349886e+01 7.328714406334817113e+02
1.176742101618359682e+00 1.127398756458126350e+01 6.533648465967412449e+02
1.198099428615436279e+00 1.125267104196835177e+01 5.834858152130001372e+02
1.219686596671716305e+00 1.123874822399917583e+01 5.205934989800754238e+02
1.241519517533808736e+00 1.121720378288179987e+01 4.642055745993991422e+02
1.263570492772354337e+00 1.119799251558072228e+01 4.144257214152835331e+02
1.285821565684658552e+00 1.117973031907806281e+01 3.698172621829583022e+02
1.308251367174707136e+00 1.116127686116295692e+01 3.298547609035261985e+02
1.330837767956686069e+00 1.114328003035064008e+01 2.946750148561229707e+02
1.353613569897667901e+00 1.112480126521724877e+01 2.633088605111219067e+02
1.376434508799781353e+00 1.110633971755742877e+01 2.354515577294314141e+02
1.399387997989785859e+00 1.108959415704440943e+01 2.103030978536911277e+02
1.422444361336394847e+00 1.107082012216584310e+01 1.868024515424669119e+02
1.445513416733658740e+00 1.105277762791258134e+01 1.683552185782272659e+02
1.468623688666789162e+00 1.103785244253503528e+01 1.507198492075959280e+02
1.491743933854226212e+00 1.101678478659136928e+01 1.345284591504133118e+02
1.514878115315338780e+00 1.099906635057769044e+01 1.211073256502859294e+02
1.537910839827779652e+00 1.098032629488324474e+01 1.086480462846951269e+02
1.560903656138693751e+00 1.096245440281921013e+01 9.756307008263608793e+01
1.583805707046300526e+00 1.094428965458508429e+01 8.722833035996808349e+01
1.606587294134208532e+00 1.092507579500990467e+01 7.845199365062329377e+01
1.629234444302700702e+00 1.090710633579676880e+01 7.087261326054830590e+01
1.651712279042629516e+00 1.088716319097061636e+01 6.381303797330720329e+01
1.673995958442471066e+00 1.086770335831203660e+01 5.750422376058224927e+01
1.696093680026569794e+00 1.084877532610561879e+01 5.173460514185619985e+01
1.717901243879754514e+00 1.082853542494440369e+01 4.683696274530294090e+01
1.739466075867234229e+00 1.080867131062676911e+01 4.236225908830436993e+01
1.760756466417974009e+00 1.078836245874946087e+01 3.828797408626540033e+01
1.781735220017737653e+00 1.076740147223876853e+01 3.467809759502114275e+01
1.802386808635393356e+00 1.074653993694780318e+01 3.145631737433762609e+01
