2.191799393465098389e-01 1.550982308316407554e+01 3.683535669800713658e+06
2.249203690558023161e-01 1.531016773703460920e+01 3.269407767757574096e+06
2.308153885064095912e-01 1.511461979315714821e+01 2.904725717271336354e+06
2.369055548123182586e-01 1.488273469451235975e+01 2.526625077941941563e+06
2.431762006685021515e-01 1.469510678464458309e+01 2.227050796048179734e+06
2.496177896969768994e-01 1.451853577697231223e+01 1.968193772738966160e+06
2.562512818719410168e-01 1.435890192364884399e+01 1.739239982140399283e+06
2.630750408880314084e-01 1.420726541901253803e+01 1.538586621523684822e+06
2.700916079112801182e-01 1.406310462826206376e+01 1.355750047283248976e+06
2.773056759611307598e-01 1.394696392320662781e+01 1.192579737686369102e+06
2.847206605899397780e-01 1.379348915230150041e+01 1.053572473463816568e+06
2.923423987295023507e-01 1.366929205775834610e+01 9.300620606827372685e+05
3.001543660735179198e-01 1.355607638166203976e+01 8.191251436000746908e+05
3.081751275051513583e-01 1.344372397867774538e+01 7.252154253486352973e+05
3.164136707345587274e-01 1.334312684030848573e+01 6.386556213796028169e+05
3.248599944299066511e-01 1.325122193610188326e+01 5.669312828859515721e+05
3.335230584777023610e-01 1.315241564149419062e+01 4.998040808088615886e+05
3.424042482023706979e-01 1.307234627288478990e+01 4.419367622030064231e+05
3.515200770490394255e-01 1.298995308000652749e+01 3.902635400152909569e+05
3.608410767912915706e-01 1.291190280292928705e+01 3.448470921726083616e+05
3.703690064629532874e-01 1.283611607181868486e+01 3.055379240375921945e+05
3.801438985557085148e-01 1.276946027330309086e+01 2.697578632537787198e+05
3.901453809233871861e-01 1.270269714364812330e+01 2.388054751973597449e+05
4.003771481122683773e-01 1.264396278243176930e+01 2.108530880395694403e+05
4.108618353676216639e-01 1.258264125779558817e+01 1.865688534518785891e+05
4.215266299038549214e-01 1.253207064846522378e+01 1.653310922773102066e+05
4.324571896164278728e-01 1.247947584689286771e+01 1.461750572881486150e+05
4.436226682376918085e-01 1.242955880055913020e+01 1.297694332601430069e+05
4.550105027665791724e-01 1.238472447723122194e+01 1.149748495316242479e+05
4.666530600629069103e-01 1.234179360364920441e+01 1.018437294593706611e+05
4.785110017430357909e-01 1.230211015658243845e+01 9.015216726954598562e+04
4.906002762302324460e-01 1.226241174526871269e+01 8.001198633964711917e+04
5.029148100529238219e-01 1.222496541691133842e+01 7.093722502843238181e+04
5.154715050743311489e-01 1.219043687664528974e+01 6.308013565907900920e+04
5.282617311081494460e-01 1.215881942521665238e+01 5.600511073336393019e+04
5.412833318197239896e-01 1.212723649673131732e+01 4.964598131617480249e+04
5.545361703045821322e-01 1.209632640891648947e+01 4.413706455661443033e+04
5.680220971060238044e-01 1.206823037405680665e+01 3.924015121610299684e+04
5.816838889666943180e-01 1.204335269908425410e+01 3.486589906005586818e+04
5.955423203413160449e-01 1.201653473280462237e+01 3.105544515774636602e+04
6.095875755523897377e-01 1.198686764919140835e+01 2.767161454712288105e+04
6.239039508928121425e-01 1.196969316457603050e+01 2.446344689867797570e+04
6.385149328414375658e-01 1.194761155708049571e+01 2.192479117437980676e+04
6.534764401311462523e-01 1.192549776447471288e+01 1.950597728120859756e+04
6.688247145169242680e-01 1.190608460473410801e+01 1.734877425890423183e+04
6.844308345675700345e-01 1.188665337471968009e+01 1.543977437260866282e+04
6.999735924113932306e-01 1.186753886817484904e+01 1.377739074567009993e+04
7.154136937157874465e-01 1.185296968409483398e+01 1.230676098595150688e+04
7.308618001806204134e-01 1.183525683912822402e+01 1.102448367740221875e+04
7.464357100986203086e-01 1.181927353887349597e+01 9.864378977381509685e+03
7.619933541967625068e-01 1.179980191762261299e+01 8.853217050538236435e+03
7.777127388971238897e-01 1.178679944641649868e+01 7.944553035592808556e+03
7.936078376115707211e-01 1.176991988833438008e+01 7.123991490803430679e+03
8.096622865045001172e-01 1.175299322821272163e+01 6.404460496439115559e+03
8.259237290354249916e-01 1.173720143254883830e+01 5.748760904941697845e+03
8.424166089074892616e-01 1.172095050302205976e+01 5.154728135698667757e+03
8.591715724068206272e-01 1.170632105123456235e+01 4.625391965845641607e+03
8.761405233303066753e-01 1.169948084645556996e+01 4.149558105704406444e+03
8.934086155311958821e-01 1.167551515343876645e+01 3.725636667753649363e+03
9.109409140040760633e-01 1.166059390286769926e+01 3.343332229967884814e+03
9.287940060484947136e-01 1.164774118055660423e+01 2.996393199283767444e+03
9.469408082063994758e-01 1.162967865560144176e+01 2.685506758282948795e+03
9.653974417675849073e-01 1.161523408409803970e+01 2.407229376523651354e+03
9.841774420408337942e-01 1.160055162173074450e+01 2.157168143716689883e+03
1.003263191775143115e+00 1.158692668658766678e+01 1.932763048888243475e+03
1.022670727127003687e+00 1.157328060247039403e+01 1.730006348070349986e+03
1.042411171904604084e+00 1.156044902983833111e+01 1.548357747028455151e+03
1.062468233861493916e+00 1.154912861015497327e+01 1.385611374178389951e+03
1.082840823009696418e+00 1.153450030891795208e+01 1.239779397590225472e+03
1.103529399367599861e+00 1.152306724935117188e+01 1.109302886404530454e+03
1.124585735595096114e+00 1.151028797346086741e+01 9.926046104001342201e+02
1.145816112845382095e+00 1.149721048378419397e+01 8.884369418015161273e+02
1.167416710998884222e+00 1.148416107164345590e+01 7.946297392675345463e+02
1.189303282543589635e+00 1.147383847611405372e+01 7.105430969799280092e+02
1.211451047747864163e+00 1.146552159996404541e+01 6.362181011632206946e+02
1.233871349079931345e+00 1.145083048786851165e+01 5.690106151470953364e+02
1.256539820645701022e+00 1.144004235116790191e+01 5.063893393452083842e+02
1.279455116870720666e+00 1.142799662275947270e+01 4.532221417379096238e+02
1.302592888364109136e+00 1.142183271518916321e+01 4.075956687708504091e+02
1.325926322159832305e+00 1.140764110142701071e+01 3.648019595341559693e+02
1.349462745450318302e+00 1.139867927042240581e+01 3.250081056483424504e+02
1.373166301679161760e+00 1.138708595577069183e+01 2.929054766149246802e+02
1.397027853433365108e+00 1.137774026630737012e+01 2.623873281822902186e+02
1.421024781858045261e+00 1.137061318100556484e+01 2.351018065270348245e+02
1.445130339975817080e+00 1.135786579003174523e+01 2.100370327155784764e+02
1.469345124042690465e+00 1.134833787553776219e+01 1.884628956741295269e+02
1.493619851537099086e+00 1.133746405243696920e+01 1.701453639408521212e+02
1.517961554742229380e+00 1.132723445220706360e+01 1.527954221910131878e+02
1.542308680594394410e+00 1.131722945170760575e+01 1.366634156823524222e+02
1.566685129227094686e+00 1.130691313181777247e+01 1.234429916523468478e+02
1.591038337629926636e+00 1.129588992838071704e+01 1.107939340914764728e+02
1.615344399376074769e+00 1.128569923371993866e+01 1.001107833543096604e+02
1.639597871861465439e+00 1.127503195631505406e+01 9.012926061136182909e+01
1.663762834931626022e+00 1.126325349704734080e+01 8.127451229073284367e+01
1.687823953921672393e+00 1.125231113124437421e+01 7.311466479233637017e+01
1.711747330516654175e+00 1.124063444929439370e+01 6.593762611090853909e+01
1.735515107341841556e+00 1.122896647548184035e+01 5.964720700779935925e+01
1.759101196747233198e+00 1.121626980108118765e+01 5.417184994885033689e+01
1.782501981334323027e+00 1.120411987920518726e+01 4.900574453305573286e+01
1.805667712022891225e+00 1.119134772424001234e+01 4.439144937930186074e+01
