2.191799393465098389e-01 1.550982308316407554e+01 3.683535669800713658e+06
2.273035472131931800e-01 1.519345570092351139e+01 3.083090385840123519e+06
2.357730216506446763e-01 1.491801744779506400e+01 2.588332731414984912e+06
2.446088997065762050e-01 1.465150466350119984e+01 2.170236727700056974e+06
2.537983753473214699e-01 1.441511920570656535e+01 1.818150267600220162e+06
2.633655594976070380e-01 1.420283949645320298e+01 1.523400895784036256e+06
2.733161589409877079e-01 1.399435830295363736e+01 1.279936425886756275e+06
2.836602515645973432e-01 1.382141747399672305e+01 1.071014050439322600e+06
2.944016463962095265e-01 1.364050735465828801e+01 8.986460007583632832e+05
3.055469542667817451e-01 1.348063794428707496e+01 7.553188262818016810e+05
3.171148706115555216e-01 1.333377573345959277e+01 6.336121318389712833e+05
3.290987389182239431e-01 1.320645389400271519e+01 5.266447603476188378e+05
3.415463137304368679e-01 1.308189405751463141e+01 4.432734109386271448e+05
3.543607657404641564e-01 1.296388668779449205e+01 3.755645753418959794e+05
3.676472985485270684e-01 1.285921503682196843e+01 3.157315524388796766e+05
3.814063371310311701e-01 1.275973631488237103e+01 2.657963726575787878e+05
3.955885875376761729e-01 1.267091536270179475e+01 2.234227344523161300e+05
4.102454260497263028e-01 1.259105358945996045e+01 1.880020697309457173e+05
4.253546823466488602e-01 1.251295111853868924e+01 1.584413784158755443e+05
4.409033425087969249e-01 1.244271426101536271e+01 1.334482264148513204e+05
4.569461234087300316e-01 1.237734262562618426e+01 1.123981175053283951e+05
4.734534727246986763e-01 1.231800931605768668e+01 9.496248848985599761e+04
4.904112750645568397e-01 1.226138872962061299e+01 8.019680007080742507e+04
5.078194760569435529e-01 1.221129113878719785e+01 6.778966055715401308e+04
5.257004883423697095e-01 1.216415559810330649e+01 5.721915399818876904e+04
5.440417478873439405e-01 1.211930046040669673e+01 4.849336482670786791e+04
5.628424467580869228e-01 1.207921718380764453e+01 4.106547067088710173e+04
5.820428379817493836e-01 1.204224360211991041e+01 3.479193708796846477e+04
6.007574106063539032e-01 1.200695539617239582e+01 2.971602118925443210e+04
6.185600425282862247e-01 1.197360420313433949e+01 2.565211048257574657e+04
6.358386337449288828e-01 1.193971030925065158e+01 2.226857382904063707e+04
6.528395157086218648e-01 1.190805069144334816e+01 1.932003121328888301e+04
6.697528425963780174e-01 1.187365363939648688e+01 1.687039209539027797e+04
6.867581101042817826e-01 1.183957098405116959e+01 1.457951429545431347e+04
7.039464240139986506e-01 1.180192894701216133e+01 1.283900100398478935e+04
7.214458921788859946e-01 1.176670397858768169e+01 1.118199271063387278e+04
7.392993688542094377e-01 1.173433529393946095e+01 9.731390586047280522e+03
7.576179514082759248e-01 1.169662798708108831e+01 8.466483576935306701e+03
7.764606948138933484e-01 1.165986931112085401e+01 7.338216366585343167e+03
7.958590625781908345e-01 1.162336472870524062e+01 6.360922197469719322e+03
8.158675553869905173e-01 1.158824153961698755e+01 5.513413981620766208e+03
8.365276875248629507e-01 1.155514293784744062e+01 4.753685282152137916e+03
8.578648188132868002e-01 1.151727104232405097e+01 4.099949946750788513e+03
8.799141193131884142e-01 1.148518547195573802e+01 3.531495235347513699e+03
9.026910207099543282e-01 1.145235456959001930e+01 3.034667748359980123e+03
9.261953860546112693e-01 1.142354170841735694e+01 2.605527902173165330e+03
9.504497239053200097e-01 1.138830174157685171e+01 2.236382119603252704e+03
9.754549080071071021e-01 1.135885661876004527e+01 1.912510494719700773e+03
1.001203755291808273e+00 1.132891405280675023e+01 1.638060863669513537e+03
1.027688100861859688e+00 1.130379356773023147e+01 1.399238087272639859e+03
1.054900811664343241e+00 1.127723271495305823e+01 1.194784834161503795e+03
1.082820169315366510e+00 1.124774529301907933e+01 1.020929880164240217e+03
1.111422856599750375e+00 1.122336600301666110e+01 8.650855493035064683e+02
1.140616692310172597e+00 1.119920700676092729e+01 7.436364254766857584e+02
1.169332810612147888e+00 1.117801609204964564e+01 6.373938763454506216e+02
1.197206906274431049e+00 1.115356923232123521e+01 5.503214701485582054e+02
1.224274384837169993e+00 1.113005736529621004e+01 4.766756736059808759e+02
1.250576777263573414e+00 1.110783142533492196e+01 4.150977461914715718e+02
1.276151836775898385e+00 1.108053530966228450e+01 3.627210253300786462e+02
1.301045944053106584e+00 1.105498865302510225e+01 3.176028714796821077e+02
1.325286948876526871e+00 1.102473379939015530e+01 2.789388079517942742e+02
1.348878258765590088e+00 1.099347215433685143e+01 2.457921181442247871e+02
1.371844748962340432e+00 1.096059017143137382e+01 2.168474500720475362e+02
1.394225565329504368e+00 1.092754615041080335e+01 1.917230961642555371e+02
1.416015694996009211e+00 1.089340976514763781e+01 1.698688849028833943e+02
1.437251535566663740e+00 1.085747851700003253e+01 1.507989858004049211e+02
1.457870036935735802e+00 1.081985332620452311e+01 1.338763106303660493e+02
1.477946439024475200e+00 1.078025540029678631e+01 1.191768740644444051e+02
1.497461111099180231e+00 1.073966966005873580e+01 1.063087306172725306e+02
1.516561376249163873e+00 1.069878144984817503e+01 9.478792575282055566e+01
1.534810841035657347e+00 1.065547411841165015e+01 8.436908668523001609e+01
1.552611108893831471e+00 1.061143237031116726e+01 7.580310955834067954e+01
1.569849680764085154e+00 1.056713665167360361e+01 6.763327891316862406e+01
1.586654035200380841e+00 1.052069710862181928e+01 6.085403455671319506e+01
1.602729481923046428e+00 1.047306664526165321e+01 5.458075548167899171e+01
1.618220570609040454e+00 1.042447607247872376e+01 4.917602752390354937e+01
1.632973812136090386e+00 1.037466834424926354e+01 4.430212554588495522e+01
1.647389609543579159e+00 1.032498458872754021e+01 3.992786137666358570e+01
1.660934734354056586e+00 1.027362922762173625e+01 3.603329586956621000e+01
1.673991396512944707e+00 1.022120493516787931e+01 3.258667807267748628e+01
1.686426688230540982e+00 1.016774418814586589e+01 2.947482349465938611e+01
1.698359804692158193e+00 1.011502776191194464e+01 2.669460755030097587e+01
1.709408817934946034e+00 1.006060671352140012e+01 2.425038319461577530e+01
1.719943984753677046e+00 1.000467634437453945e+01 2.204310263778415191e+01
1.729841691783862823e+00 9.949007834978615961e+00 2.005769596469837168e+01
1.739093010550333940e+00 9.893286864002757142e+00 1.827101635577181327e+01
1.747818359352825590e+00 9.837612257022277262e+00 1.662444851424333692e+01
1.755815500581382471e+00 9.779983100833376852e+00 1.519757725094911649e+01
1.762988508081341887e+00 9.721777367939619552e+00 1.394881597260251027e+01
1.769783987962908700e+00 9.664489422989190004e+00 1.278773332021766862e+01
1.775742395936798390e+00 9.606024910550193141e+00 1.170104529343728039e+01
1.781128628645942014e+00 9.546967673006466981e+00 1.078469415552548938e+01
1.785913491035514777e+00 9.488720594191342173e+00 9.943931163367857096e+00
1.790155435185181609e+00 9.429896374620968302e+00 9.139217430880126614e+00
1.793608196429117729e+00 9.370790039338425359e+00 8.469678842436659139e+00
1.796545096115697016e+00 9.311789801160962554e+00 7.822168944810088398e+00
1.798876413176835554e+00 9.252359625277964739e+00 7.253510183661075139e+00
1.800621764107733558e+00 9.192688556491177110e+00 6.747753600776378313e+00
1.801794696737007095e+00 9.133894797634436458e+00 6.265560168535792229e+00
1.802517152020448155e+00 9.075547601187786029e+00 5.827190324759158102e+00
