2.191799393465098389e-01 1.550982308316407554e+01 3.683535669800713658e+06
2.267067162247876078e-01 1.523319299802932569e+01 3.145780805889331270e+06
2.345279242336148484e-01 1.497211360955232351e+01 2.671486543447867967e+06
2.426679088381311911e-01 1.471772684566616718e+01 2.257376015548533760e+06
2.511029967669054508e-01 1.448879097718810982e+01 1.912126935659711948e+06
2.598638434606284076e-01 1.427418389645392516e+01 1.621719888872110052e+06
2.689532889028474205e-01 1.408245760589788986e+01 1.377035028785898816e+06
2.783769569341535965e-01 1.390332035796748578e+01 1.170463421604112256e+06
2.881426794222433085e-01 1.373846062332301088e+01 9.943919325571787776e+05
2.982549650612508207e-01 1.358575210584973192e+01 8.453421610278110020e+05
3.087175518384731587e-01 1.343933787768671806e+01 7.190036629338322673e+05
3.195285511862269168e-01 1.330468736060629631e+01 6.106917920953683788e+05
3.307155852355111447e-01 1.319233596148896126e+01 5.205385610674984637e+05
3.422704456594276579e-01 1.306922952243850489e+01 4.425546091954630683e+05
3.542049620320832370e-01 1.296729582254841873e+01 3.762002411592358258e+05
3.665121091168370149e-01 1.286788344501653292e+01 3.205794809968738700e+05
3.792173939533245997e-01 1.277425440960066716e+01 2.727101396443976555e+05
3.922967961627718547e-01 1.269197348952518567e+01 2.309393600220982335e+05
4.057767207144567512e-01 1.261248335893681372e+01 1.979723909932564420e+05
4.196401413958090743e-01 1.254115224143795260e+01 1.692848165758649993e+05
4.339175800198638022e-01 1.247502343572906724e+01 1.439694718044744513e+05
4.485969954307947316e-01 1.241135358692547541e+01 1.228272622290535801e+05
4.636689731120768876e-01 1.235151860459227002e+01 1.042416159715701797e+05
4.791280838725223146e-01 1.229863389959361442e+01 8.971660290720924968e+04
4.949807954578601676e-01 1.224889368861164840e+01 7.668098797140906390e+04
5.112354050101093339e-01 1.220173201998198742e+01 6.555036989843078481e+04
5.278909457436720132e-01 1.215800178069280335e+01 5.616106930648735579e+04
5.449426567011391720e-01 1.211956791426968927e+01 4.809215157598190126e+04
5.623895736458056627e-01 1.207981649009443892e+01 4.119505438490137021e+04
5.801826098225816297e-01 1.204403611597241586e+01 3.534337250548745214e+04
5.980865573376036304e-01 1.201174082737209403e+01 3.012218165867474818e+04
6.158944689740000200e-01 1.198137801232326360e+01 2.625757748432903463e+04
6.338303567859084886e-01 1.195006723107808355e+01 2.249844789470264004e+04
6.519991317454130186e-01 1.192267065603273046e+01 1.966318881877455715e+04
6.705345740161667845e-01 1.189422349625974462e+01 1.701642873452492859e+04
6.895296404200276230e-01 1.186703096402594149e+01 1.457259524217016224e+04
7.091459642202935232e-01 1.184129245725929103e+01 1.272477316606818204e+04
7.292910454058886272e-01 1.181599944181862938e+01 1.097563203647765840e+04
7.501499859265586823e-01 1.179208395973212653e+01 9.464355805370099915e+03
7.717480827722300596e-01 1.176880732567243371e+01 8.149746547569984614e+03
7.941208594965825096e-01 1.174800054359818091e+01 6.998375058827469729e+03
8.170700873273285536e-01 1.172801692578670973e+01 6.024497279586596051e+03
8.394125810381550812e-01 1.171019052828462925e+01 5.210197096476103070e+03
8.611171602200701214e-01 1.168947568844000173e+01 4.531829533643437571e+03
8.822755675970097577e-01 1.167041664223939712e+01 3.964676862700835045e+03
9.029883959806566107e-01 1.165071898824711205e+01 3.477086613639030020e+03
9.233603774167716827e-01 1.162949488319916291e+01 3.056237737253800333e+03
9.434452864960911622e-01 1.160558256480987893e+01 2.695139355036551024e+03
9.632908183179721417e-01 1.158320041342764739e+01 2.380514121722894743e+03
9.829814152742724076e-01 1.155713269948446431e+01 2.104226563523097411e+03
1.002517926165865214e+00 1.153189996149570895e+01 1.863445322039313396e+03
1.021963299821844195e+00 1.150340775120564452e+01 1.651857035307782553e+03
1.041342802363448783e+00 1.147564710118290776e+01 1.464394625971557161e+03
1.060690122178116646e+00 1.144589585781594998e+01 1.298486154220685194e+03
1.080017471689851849e+00 1.141855325365076368e+01 1.152157254047574042e+03
1.099588296311683422e+00 1.138564690732900786e+01 1.021593951046989673e+03
1.118670809379982645e+00 1.135589902481105717e+01 9.084777375103822123e+02
1.138023210056549495e+00 1.131956001126083677e+01 8.069278275177337036e+02
1.157526466565747869e+00 1.128642454847177135e+01 7.162409196372038878e+02
1.176811457222974644e+00 1.125071437497806492e+01 6.364022275019677863e+02
1.196235968918242021e+00 1.121374573314576750e+01 5.660826251963048890e+02
1.215684749752504956e+00 1.117930026126630416e+01 5.027481328729985535e+02
1.235155923266493261e+00 1.114567626076805595e+01 4.464972320714320517e+02
1.254747712775044599e+00 1.110555589444548019e+01 3.947102553545383898e+02
1.274106859492188049e+00 1.106883687354857848e+01 3.525657978085093873e+02
1.293558367868261838e+00 1.102768453256149428e+01 3.121412022709953931e+02
1.312988716607397022e+00 1.098828140092551031e+01 2.792496971953850107e+02
1.332373330978834591e+00 1.094892766429330777e+01 2.481380875528356853e+02
1.351685939807423020e+00 1.090755641987537494e+01 2.205844710018430419e+02
1.370926438974120254e+00 1.086759765279933276e+01 1.968876137070503489e+02
1.390062297751111231e+00 1.082575815977286737e+01 1.753117098070318036e+02
1.409070538309790566e+00 1.078444345586667374e+01 1.554405331481850396e+02
1.427931090735568009e+00 1.074225476666808277e+01 1.393310818370559048e+02
1.446627725306353751e+00 1.069939619552982712e+01 1.242526642337070086e+02
1.465126877303176700e+00 1.065644938715028367e+01 1.108849504129557744e+02
1.483413076936688890e+00 1.061273280775832362e+01 9.905334350092543616e+01
1.501457123378230119e+00 1.056968887469438734e+01 8.817116782020511323e+01
1.519233115843231507e+00 1.052433801928346035e+01 7.926793761237485114e+01
1.536723687190735488e+00 1.048010507097302835e+01 7.069763095996235336e+01
1.553904656175551402e+00 1.043515439066397654e+01 6.367653598287215289e+01
1.570747964819340980e+00 1.039005198614179548e+01 5.706157387453251317e+01
1.587230713876212951e+00 1.034417599548881128e+01 5.124970495628963363e+01
1.603333073064558745e+00 1.029698530397399736e+01 4.590827151225818170e+01
1.619030685126585878e+00 1.025141422425015314e+01 4.145575065047896857e+01
1.634309164796071467e+00 1.020510432846545257e+01 3.736360850881165163e+01
1.649144193129019831e+00 1.015675898049861381e+01 3.368095754363186956e+01
1.663520510569807209e+00 1.011000171731069130e+01 3.031070483292757345e+01
1.677410271638172024e+00 1.006144764756381882e+01 2.750733705901065207e+01
1.690813465696787476e+00 1.001362464880844350e+01 2.480153039700719475e+01
1.703699101319826159e+00 9.965247161206525206e+00 2.255598113837060481e+01
1.716063768444747728e+00 9.915965401065399476e+00 2.048394617389984873e+01
1.727891648422035686e+00 9.867545655359439394e+00 1.859787788510067585e+01
1.739172171310378268e+00 9.818224022289935959e+00 1.690696404407533748e+01
1.749897314674624615e+00 9.768441265772167981e+00 1.539754564399130743e+01
1.760057670364453930e+00 9.719043051494001162e+00 1.405388121506570265e+01
1.769648914138552742e+00 9.669134684154011339e+00 1.284482349913533383e+01
1.778664869763932233e+00 9.618926660732645573e+00 1.178785601703768826e+01
1.787108494611571619e+00 9.568767079057106884e+00 1.079583650795036576e+01
1.794956997700319468e+00 9.518261258384518086e+00 9.898617184573385686e+00
1.802233119987820320e+00 9.467652935249656565e+00 9.124893817478929137e+00
