2.191799393465098389e-01 1.550982308316407554e+01 3.683535669800713658e+06
2.257174415138116785e-01 1.526935720960778120e+01 3.193043286195849068e+06
2.324734454487839830e-01 1.501824512118184884e+01 2.778089097313661128e+06
2.394624627756284652e-01 1.480522122971992083e+01 2.398137039030443877e+06
2.466904239575838931e-01 1.460545191208475124e+01 2.079901947333729360e+06
2.541516764494794467e-01 1.440877240618760524e+01 1.807402967705952004e+06
2.618600081940500313e-01 1.423073961611088123e+01 1.564281980750838760e+06
2.698170171832759423e-01 1.406604745442636606e+01 1.362155738882828970e+06
2.780276419850518099e-01 1.390742975285572491e+01 1.180888245949515374e+06
2.864987461989036421e-01 1.376410808006467690e+01 1.022862286883746507e+06
2.952214611293146329e-01 1.363137008918838688e+01 8.863224285762185464e+05
3.042182318654544360e-01 1.349500092745671509e+01 7.692749113363362849e+05
3.135048398831709604e-01 1.338445187394936120e+01 6.670029709621671354e+05
3.230222302863690609e-01 1.326979120079872132e+01 5.798572091890182346e+05
3.328422271529081766e-01 1.316223955796164446e+01 5.046354143022049684e+05
3.429453711447099651e-01 1.306629350306065795e+01 4.380727236135531566e+05
3.533196962170530586e-01 1.297215274916189287e+01 3.811333387426678673e+05
3.640173245478365294e-01 1.288659515263233146e+01 3.308115746432715678e+05
3.749521303299238606e-01 1.280487170700946820e+01 2.881014397481015185e+05
3.862122680359909022e-01 1.272839688066980202e+01 2.502013207463931758e+05
3.977863995048533940e-01 1.266086275689811913e+01 2.176972619850998744e+05
4.096204925269097963e-01 1.259276727382945005e+01 1.892253110218799266e+05
4.217737666279818831e-01 1.253176720039738967e+01 1.647954209036617249e+05
4.342149481977983783e-01 1.247221232266334034e+01 1.435495463264346181e+05
4.469711815344372119e-01 1.241790520848740265e+01 1.249843128406914038e+05
4.600402358862865637e-01 1.236588290785685196e+01 1.091094765926779073e+05
4.733865854824554908e-01 1.231769831988620290e+01 9.510163417371062678e+04
4.870546940893141219e-01 1.227295777358105333e+01 8.293419772018668300e+04
5.009904851626726385e-01 1.223168562923167535e+01 7.225173268236889271e+04
5.152485853497057455e-01 1.219170534108824988e+01 6.318906055573828053e+04
5.298084816115271600e-01 1.215312091291468022e+01 5.519384409343218431e+04
5.446677953989937926e-01 1.211997766654978825e+01 4.817716248050324793e+04
5.598266934088154123e-01 1.208622908250543659e+01 4.206627443064389081e+04
5.752476456151315309e-01 1.205337244950970188e+01 3.684245936461801466e+04
5.908559917801696759e-01 1.202595530521719347e+01 3.226699931280483725e+04
6.063790977490306489e-01 1.199691005716297276e+01 2.837418525684412089e+04
6.218358835529511630e-01 1.197137801070519103e+01 2.500829612826757148e+04
6.374112735591095369e-01 1.194177233094114676e+01 2.205767753651866224e+04
6.531612521588828768e-01 1.192070862456341551e+01 1.928883077238560873e+04
6.692084030804370531e-01 1.189366904124838520e+01 1.718397446848909021e+04
6.856503966844388342e-01 1.187151271040842815e+01 1.515709623358699537e+04
7.023734960565324315e-01 1.184841149718502606e+01 1.336630426327697751e+04
7.195942309212444155e-01 1.182396496561383792e+01 1.177846044400311439e+04
7.372979648684344633e-01 1.180417633054392113e+01 1.035554808104727090e+04
7.555259240932520326e-01 1.178428994790029805e+01 9.087279757285054075e+03
7.742944627544963154e-01 1.176181576092339398e+01 7.993632406517669551e+03
7.936556527377587322e-01 1.174407618816444909e+01 6.954128250441306591e+03
8.136546059211154924e-01 1.172734951846852169e+01 6.082309350105404519e+03
8.342112164423649556e-01 1.170951123861263987e+01 5.374561126486317335e+03
8.554457168256164312e-01 1.169401876715378030e+01 4.696585891193519274e+03
8.773420811042161871e-01 1.167886424630150088e+01 4.100945454629468259e+03
8.999539347994849336e-01 1.166601491972166293e+01 3.578512231440503911e+03
9.231636791352533233e-01 1.165402024859372965e+01 3.123510816011376392e+03
9.471054373688618799e-01 1.164333670560392164e+01 2.718732178787958219e+03
9.717357792622536294e-01 1.163879528009329611e+01 2.366241921369778993e+03
9.970554455384421644e-01 1.162609770987738322e+01 2.060614161225450516e+03
1.023066014235932464e+00 1.161974298484104295e+01 1.778471210449670252e+03
1.049756495099232412e+00 1.161364068431491781e+01 1.557634637070666713e+03
1.077128451876732562e+00 1.160832096048575401e+01 1.353314040012378655e+03
1.105160640433968000e+00 1.160574758876169277e+01 1.175183162034440102e+03
1.133837489793512843e+00 1.160581969847804018e+01 1.014059569967543780e+03
1.163162532318781972e+00 1.160325173075214700e+01 8.879473817607687351e+02
1.193084659757656985e+00 1.160169535396905438e+01 7.710114503219718927e+02
1.223608441931198110e+00 1.160313541543856708e+01 6.702380237028205556e+02
1.254702004332499232e+00 1.160363914946770336e+01 5.825077744750280999e+02
1.286337178700996953e+00 1.160845570199760246e+01 5.058199951178176548e+02
1.318483809838051801e+00 1.161041653411721342e+01 4.403471752965727433e+02
1.351113783561506132e+00 1.161721398378259984e+01 3.833644863047115905e+02
1.384194657681881324e+00 1.161893704091826685e+01 3.339021468450326324e+02
1.417686059523468600e+00 1.162310732006155511e+01 2.909759847251007159e+02
1.451545142886204953e+00 1.163168994649894472e+01 2.536504218571264175e+02
1.485741580577227383e+00 1.163467405161186541e+01 2.211933876163578532e+02
1.520236784849729794e+00 1.164124891729256994e+01 1.930518312574066329e+02
1.554975300227663837e+00 1.164943427109042595e+01 1.687912147395879288e+02
1.589689848308852405e+00 1.165281082984779815e+01 1.478537385535915973e+02
1.623606228648467598e+00 1.165834354447659749e+01 1.300131470322338316e+02
1.656662744654933128e+00 1.166266684401754006e+01 1.145478218482875548e+02
1.688873899474026663e+00 1.166624417744747433e+01 1.014046849334079212e+02
1.720235339816534204e+00 1.166910380881465770e+01 9.001357607784575521e+01
1.750783543700973111e+00 1.166717319049774559e+01 8.016433262723865028e+01
1.780498532255192057e+00 1.166612609914270848e+01 7.156595133904330908e+01
1.809423654831079142e+00 1.166294185991361054e+01 6.399867820508323035e+01
1.837508354885973860e+00 1.165822630431461349e+01 5.738811336831729903e+01
1.864840141502829951e+00 1.165161180723193368e+01 5.130111539103956630e+01
1.891384729760803518e+00 1.164357336898611628e+01 4.624970259000230044e+01
1.917143848114609916e+00 1.163417488262113331e+01 4.173294549399631137e+01
1.942139298442664419e+00 1.162313927204495911e+01 3.777576394862749964e+01
1.966353351216556744e+00 1.161052855575086085e+01 3.408306653545167109e+01
1.989810884817651226e+00 1.159574974383181711e+01 3.096829521034175770e+01
2.012520444462443603e+00 1.158067065278813956e+01 2.812070004993379868e+01
2.034434895844708269e+00 1.156335216395267551e+01 2.558442142998820046e+01
2.055612206475383896e+00 1.154523467976329876e+01 2.327758749400005200e+01
2.076030904925977527e+00 1.152554144143135950e+01 2.122706760776058488e+01
2.095918605990762185e+00 1.150463721761957636e+01 1.930533604267849057e+01
2.114641841602056704e+00 1.148265370550099007e+01 1.772179931504092920e+01
2.132809053085394702e+00 1.145820590600164834e+01 1.623520143772930524e+01
2.150230107092343967e+00 1.143370182875449537e+01 1.488045809896334681e+01
2.166938097166575705e+00 1.140865561733331113e+01 1.366242210736900020e+01
2.182891404134200464e+00 1.138116370790297971e+01 1.256015468901111198e+01
2.198105126586469726e+00 1.135295832545654271e+01 1.156837633300337131e+01
