2.191799393465098389e-01 1.550982308316407554e+01 3.683535669800713658e+06
2.251406561998489375e-01 1.526924879763578780e+01 3.235373226582697593e+06
2.312786620659198211e-01 1.509520367185862888e+01 2.834652355021169409e+06
2.376176120262390168e-01 1.486006918752252126e+01 2.492002376691968180e+06
2.441551550165095563e-01 1.467083668248224093e+01 2.184856864131081384e+06
2.508798242134027690e-01 1.448504311333026884e+01 1.920870260892887600e+06
2.578103978406776631e-01 1.432407472739631515e+01 1.686630315241446253e+06
2.649472892327482954e-01 1.416132043597801093e+01 1.484107072941982653e+06
2.722930315901051501e-01 1.401499667241680314e+01 1.301608099473670125e+06
2.798523288262903530e-01 1.387540751055914967e+01 1.144473875801773742e+06
2.876289550715858678e-01 1.374951440208147702e+01 1.001792975038291886e+06
2.956182440885235518e-01 1.361782933877486101e+01 8.809271281910855323e+05
3.038283867143337647e-01 1.350484211427719394e+01 7.746146316900473321e+05
3.122673491254050471e-01 1.339166681621683885e+01 6.813858925741014536e+05
3.209603727580860877e-01 1.328964800585555395e+01 5.975179533814146416e+05
3.298367425208686976e-01 1.319396466828292347e+01 5.275119364589517936e+05
3.389628537200752301e-01 1.310206855332540243e+01 4.630178754494161112e+05
3.483309537180990234e-01 1.301341877736291508e+01 4.078796258315856103e+05
3.579386124525206214e-01 1.293417674720829602e+01 3.581157820509610465e+05
3.677848105529808453e-01 1.285881206127163168e+01 3.152843174760114634e+05
3.778973762484611476e-01 1.278292185322850649e+01 2.774028691158115398e+05
3.882144091235921191e-01 1.271480615950188664e+01 2.442560875631552481e+05
3.987961803439209474e-01 1.265266029664365277e+01 2.150217529825628735e+05
4.096434160429262561e-01 1.259425390842508108e+01 1.875537625570340897e+05
4.207072503010744757e-01 1.253266629365551310e+01 1.668902123341880797e+05
4.320446092427474016e-01 1.248103520286136181e+01 1.470893170369702275e+05
4.436368020929615796e-01 1.243095831598683176e+01 1.292090195840452798e+05
4.554684037493587079e-01 1.238627068976639123e+01 1.141888314361499506e+05
4.675715426551453890e-01 1.233658372707955486e+01 1.009552724698150705e+05
4.798965767026111551e-01 1.229549757984756653e+01 8.902159854832915880e+04
4.924948882837734132e-01 1.225407087334059142e+01 7.864837837357017270e+04
5.053286922686178739e-01 1.221876806953052075e+01 6.939548278724470583e+04
5.184305006299279039e-01 1.218509782485461201e+01 6.066440787408062897e+04
5.317639676053722564e-01 1.214748996485504939e+01 5.417964378177330218e+04
5.453569605139314547e-01 1.211765225553484981e+01 4.794688129221370036e+04
5.591996803933607652e-01 1.208559316044793164e+01 4.236184282892371266e+04
5.732587526470122041e-01 1.205830896898650550e+01 3.752950668504240457e+04
5.874780320093554442e-01 1.203183042461978758e+01 3.323707893072623119e+04
6.011932579243747243e-01 1.200439131457712350e+01 2.961630176768490492e+04
6.144755849507811396e-01 1.198282223250392065e+01 2.649726504561513138e+04
6.274745953842150170e-01 1.195622982866209938e+01 2.384086570129077154e+04
6.403071971084893788e-01 1.193299490440517907e+01 2.147277310777085950e+04
6.530362292282033687e-01 1.190903093851548711e+01 1.934502733585036185e+04
6.657631212797676667e-01 1.188388109585594243e+01 1.744625844177543695e+04
6.785338493267416560e-01 1.185730594934117832e+01 1.575153409870303039e+04
6.914097069496317749e-01 1.183526900762651834e+01 1.420104249409381555e+04
7.044215731453146168e-01 1.180703394149855789e+01 1.282774059286579177e+04
7.176230917324105674e-01 1.178147421103781056e+01 1.157519071038379116e+04
7.310329585497717941e-01 1.175582819802480117e+01 1.043208462259330008e+04
7.446859966786272267e-01 1.173169614000409666e+01 9.405481954547602072e+03
7.586209411406407144e-01 1.170652351991783213e+01 8.418952174050993563e+03
7.728486033353649809e-01 1.168273776506937622e+01 7.620057641021804557e+03
7.874040571082321360e-01 1.165488328237287163e+01 6.840767002095811222e+03
8.022879673761167396e-01 1.162782010112544562e+01 6.135112836985289505e+03
8.175296726612586440e-01 1.160279367845944876e+01 5.512163908695304599e+03
8.331450327741917183e-01 1.158168591469910425e+01 4.940111704779576030e+03
8.491371706562110822e-01 1.155541683738534608e+01 4.429001736560274367e+03
8.655293275388249441e-01 1.153183679834997122e+01 3.961057122081680518e+03
8.823266299011471858e-01 1.150813000553972998e+01 3.541802235791805742e+03
8.995284334502566814e-01 1.148334076694335693e+01 3.160809793439129862e+03
9.171491608930086858e-01 1.146324861296602116e+01 2.821229224788100510e+03
9.351894334774488726e-01 1.144207075785878658e+01 2.516572357307209586e+03
9.536504404101777688e-01 1.141931291476316623e+01 2.242716731689851258e+03
9.725360213214838678e-01 1.140133833577438338e+01 1.998740239215687325e+03
9.918473384753413447e-01 1.137926069874717072e+01 1.778595868445262113e+03
1.011575351043717097e+00 1.136170213310998101e+01 1.583819829200816685e+03
1.031718676563698533e+00 1.134063615330021513e+01 1.409709216677054656e+03
1.052264477003869825e+00 1.132185093931441422e+01 1.253252118240907748e+03
1.073220650960078792e+00 1.130615274461627351e+01 1.113547330199812677e+03
1.094573333354488476e+00 1.128862191353251632e+01 9.888939807508959348e+02
1.116303659431759021e+00 1.127419360204919485e+01 8.807319651596575341e+02
1.138410717255163851e+00 1.125479352638738817e+01 7.822282604972608624e+02
1.160904377765836770e+00 1.123929014766621215e+01 6.941828868152111909e+02
1.183684378467227738e+00 1.122399728074278968e+01 6.175448143187745700e+02
1.206827591715385894e+00 1.121114333118488382e+01 5.482120392230233392e+02
1.230277342126608442e+00 1.119712854485220532e+01 4.871224013953422514e+02
1.254022615529579276e+00 1.118374375209338289e+01 4.330970219275006912e+02
1.278036369919270054e+00 1.117074196499926586e+01 3.847512636287355576e+02
1.302314687668130855e+00 1.115979383150341953e+01 3.422722232815551138e+02
1.326820692054720530e+00 1.114528410818215320e+01 3.047441617761872976e+02
1.351536338530279213e+00 1.113676229138322959e+01 2.708607562001245128e+02
1.376423260554851646e+00 1.112422889250469993e+01 2.414293388632440838e+02
1.401358188014632411e+00 1.110987786014831613e+01 2.153061609628995825e+02
1.426331344311303928e+00 1.109879407987139288e+01 1.920523500446419973e+02
1.451317766076343663e+00 1.108777286162595566e+01 1.713507369498659045e+02
1.476236872777754172e+00 1.107709804370820805e+01 1.531068476957428572e+02
1.501144972208121375e+00 1.106525753935827794e+01 1.369697184391701512e+02
1.525962334619127558e+00 1.105519898376483923e+01 1.226686735136693329e+02
1.550746319466551837e+00 1.104194430536528415e+01 1.095559392681587241e+02
1.575393900718187412e+00 1.103048170445192788e+01 9.854349951344912029e+01
1.599871351261250130e+00 1.101824139635561473e+01 8.855274669706108170e+01
1.624242812317670426e+00 1.100540618195039322e+01 7.953473139573205231e+01
1.648451716785274579e+00 1.099319605833786895e+01 7.149261401730545629e+01
1.672380693529689655e+00 1.098009717542741903e+01 6.440180320954283388e+01
1.696108019345998974e+00 1.096644190874578584e+01 5.808353596533653729e+01
1.719629197067367832e+00 1.095277361396913918e+01 5.240312473968775464e+01
1.742879847898302526e+00 1.093897415886443980e+01 4.711616488442375328e+01
1.765831540089860763e+00 1.092481908522469602e+01 4.260575709591103788e+01
1.788470788728914407e+00 1.090989787194281035e+01 3.868122104058488020e+01
1.810783238541618712e+00 1.089468177670162241e+01 3.504483616873714169e+01
