2.191799393465098389e-01 1.550982308316407554e+01 3.683535669800713658e+06
2.269226541930635943e-01 1.522960713691624868e+01 3.124508640529677272e+06
2.349785922962783768e-01 1.494555969776130944e+01 2.629477593137333635e+06
2.433704487036453257e-01 1.469686246682763908e+01 2.219403969769551419e+06
2.520771714837184430e-01 1.446414625176798907e+01 1.875294379927033558e+06
2.611286858780439424e-01 1.425168014939277761e+01 1.586867625817686552e+06
2.705278816813866394e-01 1.405407885874658724e+01 1.340387473696663743e+06
2.802854440303417238e-01 1.387601120205585303e+01 1.124068300633092877e+06
2.904016439306301156e-01 1.370045564692445872e+01 9.587010697267621290e+05
3.008853171736525778e-01 1.354493902222200497e+01 8.122421085087882821e+05
3.117303432390646778e-01 1.340195073357220146e+01 6.864575521982071223e+05
3.229675298285605289e-01 1.326542574481518422e+01 5.815296234496246325e+05
3.346030782954098615e-01 1.313630997150921331e+01 4.921941965623450815e+05
3.466113973499131418e-01 1.302901921086673553e+01 4.165262591131784138e+05
3.590281388288862341e-01 1.293042901057119742e+01 3.526584775739542674e+05
3.718493587857955029e-01 1.282726691727872748e+01 2.995446346137564979e+05
3.850868906521972002e-01 1.273525821446810014e+01 2.536443851276837522e+05
3.987222329956013889e-01 1.265194932142478734e+01 2.151819952166959119e+05
4.128112872681647394e-01 1.256851611122967327e+01 1.828504781316933222e+05
4.272668529463330978e-01 1.250375279731067479e+01 1.551643899816570338e+05
4.421562353087639119e-01 1.243689915267694701e+01 1.316812341938889003e+05
4.574848570832746875e-01 1.237328631774639653e+01 1.120878604169717582e+05
4.732367131610775712e-01 1.231873653676843894e+01 9.506944301019809791e+04
4.894003660114006893e-01 1.226451572824053748e+01 8.107484108483965974e+04
5.059673741837785732e-01 1.221699832926362461e+01 6.900985395222285297e+04
5.229692876589078221e-01 1.217205962274049291e+01 5.870597884048082778e+04
5.403888884697836126e-01 1.212792075885637821e+01 5.014059278003923100e+04
5.582280574477831436e-01 1.208864287884042454e+01 4.273928123656070966e+04
5.764521994907201297e-01 1.205161297830306211e+01 3.617435561329056509e+04
5.949337683043851577e-01 1.201838763080318984e+01 3.121564297101242482e+04
6.133533339130953221e-01 1.198622241834073066e+01 2.680033252674741379e+04
6.319600980521009603e-01 1.195314415479795223e+01 2.308241643800266684e+04
6.508976481543681247e-01 1.192601753321795854e+01 1.984712908452125339e+04
6.702817248896695279e-01 1.189683529946972840e+01 1.708606075402190254e+04
6.902783773304367321e-01 1.186913948575388922e+01 1.468949751529519017e+04
7.108902629071782719e-01 1.184279624274152631e+01 1.261040197416261617e+04
7.321315514478801134e-01 1.181639201691696073e+01 1.080672458149749400e+04
7.542096000622263707e-01 1.179524379023295744e+01 9.248979666187509793e+03
7.771304887638289527e-01 1.177381416814944615e+01 7.905930051829343029e+03
8.009253972641119379e-01 1.175313126486732251e+01 6.747594497152921576e+03
8.256444642153013547e-01 1.173493348350098131e+01 5.750739259882140686e+03
8.513105854126008509e-01 1.171672405259535310e+01 4.896341938847634083e+03
8.779510452056068504e-01 1.170354150085115919e+01 4.160650633052671765e+03
9.055917562127068221e-01 1.169134591529961220e+01 3.530883730313757496e+03
9.342480670946488042e-01 1.168054121692963143e+01 2.989990786515329546e+03
9.639144495403509927e-01 1.167073308653067976e+01 2.531193180104027306e+03
9.946160477891260454e-01 1.166438336095038864e+01 2.141888580221730990e+03
1.026290861719993952e+00 1.166135305671981826e+01 1.812010339769658458e+03
1.058319609586784393e+00 1.165555090882960343e+01 1.538651513142575823e+03
1.090457414275623371e+00 1.165266381442549637e+01 1.306441403482887381e+03
1.122719179861909389e+00 1.165014284128574751e+01 1.114387617511529697e+03
1.155092320702538089e+00 1.164813317884947530e+01 9.519982369534379814e+02
1.187616613111275310e+00 1.164652844017121325e+01 8.151669067580247656e+02
1.220287483522262795e+00 1.164503418959743719e+01 6.994455445772711073e+02
1.253083639469452004e+00 1.164282790857372163e+01 5.968690203001719965e+02
1.285993510361767012e+00 1.164209902084349935e+01 5.171793068406192333e+02
1.319032586949962171e+00 1.163742428554273900e+01 4.452207306034733847e+02
1.352177573337759897e+00 1.163184552401805583e+01 3.842318558998828735e+02
1.385372415607921237e+00 1.162657185943703553e+01 3.317931729790691406e+02
1.418607671591238351e+00 1.162048041886068006e+01 2.870737817572768904e+02
1.451880897143352778e+00 1.161601102929067508e+01 2.475816813328104047e+02
1.485127824359257387e+00 1.160815879738925105e+01 2.142344339295376017e+02
1.518333257751904197e+00 1.160089467570284150e+01 1.869262915737352273e+02
1.551486079177761379e+00 1.159247811240976489e+01 1.623628379452149773e+02
1.584463323662399281e+00 1.158496848139949620e+01 1.413021162898088789e+02
1.617367503676054419e+00 1.157296396735825539e+01 1.230091689763275440e+02
1.649944459442939104e+00 1.156362827638737123e+01 1.072381452551399548e+02
1.681317624124242238e+00 1.154947335303498512e+01 9.410993999748764338e+01
1.708527283816189124e+00 1.153539861986631188e+01 8.327842604946287963e+01
1.731738924850902750e+00 1.151634220307034973e+01 7.534437485062524331e+01
1.751458766127435451e+00 1.149354442467489079e+01 6.845832636969134910e+01
1.768080236361008861e+00 1.146591350424662892e+01 6.272946310417894722e+01
1.782100526147683883e+00 1.143484526423341130e+01 5.780680274503867366e+01
1.793472063045177034e+00 1.139906581268037478e+01 5.369542439037873294e+01
1.802777529101840193e+00 1.135997580671575591e+01 5.011112503600751467e+01
1.810270455577393411e+00 1.131863835949184960e+01 4.686009697203005686e+01
1.815790140169679656e+00 1.127346018204395151e+01 4.409972876255884700e+01
1.819852274615853638e+00 1.122620526327432522e+01 4.161821975297461051e+01
1.822490394603875741e+00 1.117604981629280658e+01 3.934814182197779076e+01
1.823841331108235320e+00 1.112450910475418375e+01 3.734758052942530071e+01
1.824009149188416057e+00 1.106985853955750265e+01 3.546788290295572210e+01
1.823092832487129611e+00 1.101420012512296509e+01 3.382686656192159091e+01
1.821187147919115290e+00 1.095542504173979559e+01 3.226952776305366655e+01
1.818479846475860473e+00 1.089644607564092738e+01 3.082904788789121042e+01
1.814819299467652858e+00 1.083549867292086866e+01 2.952126321244055163e+01
1.810447503439336359e+00 1.077273376352176371e+01 2.831614790875313403e+01
1.805234589065066286e+00 1.070941981679325217e+01 2.718099894090851265e+01
1.799499459380914823e+00 1.064513198056744336e+01 2.620008170171807294e+01
1.793212634150087137e+00 1.057959658575177464e+01 2.520550397920251129e+01
1.786300551294380368e+00 1.051324556045389791e+01 2.430776825310427824e+01
1.778792840361971050e+00 1.044566857278071303e+01 2.348753349550297287e+01
1.770925684781121223e+00 1.037766022746721362e+01 2.269983701455948477e+01
1.762579065954547719e+00 1.030912897150939855e+01 2.194635261570009988e+01
1.753845325717990677e+00 1.024037605957975394e+01 2.118318346156306475e+01
1.744743801471973166e+00 1.017085300914676971e+01 2.058093273446240801e+01
1.735315789352891436e+00 1.010137156963220129e+01 1.995919842083969442e+01
1.725548196176569293e+00 1.003100926213151567e+01 1.932343328140334293e+01
1.715685242408816258e+00 9.961474407559570921e+00 1.881602440376666152e+01
1.705176300025125213e+00 9.890460257688330259e+00 1.831782850567338627e+01
1.694623617691650708e+00 9.820327327151588293e+00 1.783354331188500908e+01
