2.191799393465098389e-01 1.550982308316407554e+01 3.683535669800713658e+06
2.266948954903914848e-01 1.522041191135853033e+01 3.098789499170737341e+06
2.344898673067716821e-01 1.495472846109293386e+01 2.657158209476235788e+06
2.426086627411598307e-01 1.472645625360546973e+01 2.266780349259465933e+06
2.510206295953036348e-01 1.448272758071840194e+01 1.916601490988752106e+06
2.597581230297111299e-01 1.428333463596163178e+01 1.630848472108255839e+06
2.688216493339515289e-01 1.408783286840358429e+01 1.380452182132058078e+06
2.782178115297231358e-01 1.390921201388715112e+01 1.173771325089129154e+06
2.879541819355004861e-01 1.373538219769939950e+01 9.992696326640452025e+05
2.980327937714796205e-01 1.358872482377792856e+01 8.480711169019740773e+05
3.084630578077563468e-01 1.344316791243870135e+01 7.218549511770403478e+05
3.192409411634684613e-01 1.331571411564593355e+01 6.131111936835217057e+05
3.303951029039158271e-01 1.319384080318902441e+01 5.226195860019902466e+05
3.419092345129060573e-01 1.307391759015305333e+01 4.418175139468145790e+05
3.537986616525776729e-01 1.297171788341314347e+01 3.783783509002642240e+05
3.660722235187770512e-01 1.287198465824635463e+01 3.224531085407276405e+05
3.787277421436761049e-01 1.277785761218273208e+01 2.747919394224422867e+05
3.917610423405505915e-01 1.269122268717362800e+01 2.321137121775621490e+05
4.051944872543165044e-01 1.261819425365633940e+01 1.993750684106069384e+05
4.190064177973507609e-01 1.254319240419063775e+01 1.707731612514411972e+05
4.332285806304083109e-01 1.247500141828725972e+01 1.450684368434245989e+05
4.478535112925901007e-01 1.241322348564868427e+01 1.238626908673907310e+05
4.628720973889281498e-01 1.235534280419178366e+01 1.058221014786134183e+05
4.782731152855289602e-01 1.230049659073579704e+01 9.056082717431888159e+04
4.940674528652788111e-01 1.225277089058522506e+01 7.733546477212606987e+04
5.102591467126672553e-01 1.220453263913936226e+01 6.624886259466368938e+04
5.268515763415030362e-01 1.215983603535730495e+01 5.678033087987760518e+04
5.438375748440370527e-01 1.211934585944425535e+01 4.858362107442074921e+04
5.612177936570212911e-01 1.208185449450180293e+01 4.165409748897398094e+04
5.789440562314244199e-01 1.204526765620332718e+01 3.574350940409186296e+04
5.961493486066022918e-01 1.201496166321490122e+01 3.085847188348465352e+04
6.119008490057948890e-01 1.198586430563996963e+01 2.704624049105780068e+04
6.265581925838417110e-01 1.195078181693945929e+01 2.390962535645152457e+04
6.405196948487049680e-01 1.192059726838459532e+01 2.126738022161476692e+04
6.539801507601078479e-01 1.188797649478089014e+01 1.896654778819515559e+04
6.671170159090291651e-01 1.185382672984683872e+01 1.694144620186160319e+04
6.800630398256977127e-01 1.181889276227814634e+01 1.515087478060184185e+04
6.929357173521715207e-01 1.178057533214027863e+01 1.356054651569684029e+04
7.057892311924943707e-01 1.174077699060079816e+01 1.216227679461028492e+04
7.187351679286889672e-01 1.170141985757477698e+01 1.086765529719811093e+04
7.318251015882657473e-01 1.166119714203101765e+01 9.705104686503884295e+03
7.451209149814727040e-01 1.162102230616756238e+01 8.668774856409581844e+03
7.586624399265777807e-01 1.157758122536515444e+01 7.745801305252724887e+03
7.725036269283176438e-01 1.153391648424990379e+01 6.889993850158092755e+03
7.866718808251221828e-01 1.149049760591136327e+01 6.129114286192103464e+03
8.011989107693433532e-01 1.144664826349909958e+01 5.440465825898820185e+03
8.161186869023048240e-01 1.140079048216401958e+01 4.822441564315974574e+03
8.314471068624841310e-01 1.135673296136586963e+01 4.265404939186725642e+03
8.472085139374316842e-01 1.131685785123189447e+01 3.765829802163453678e+03
8.634228320796426548e-01 1.126569674311856950e+01 3.327327023203163208e+03
8.800918748678363546e-01 1.122239978075389111e+01 2.909635201969050286e+03
8.972352291707240690e-01 1.117851155344709113e+01 2.580693097557153578e+03
9.148589274921954395e-01 1.113357874665375213e+01 2.267132146806402034e+03
9.329541128064436917e-01 1.109498987079186350e+01 1.989414660219095595e+03
9.515306236484908364e-01 1.104811042689024525e+01 1.744274652688166725e+03
9.705897627118222903e-01 1.100437103781560388e+01 1.517684350774539098e+03
9.901139524174885631e-01 1.096200586252532716e+01 1.328939805008488293e+03
1.010093144162952372e+00 1.092131758162364186e+01 1.168754610323667976e+03
1.030524052148423131e+00 1.088103862212416928e+01 1.021657227476450885e+03
1.051379015537593720e+00 1.084012063520955138e+01 8.922700690224791060e+02
1.072651636164877464e+00 1.080135871951807758e+01 7.742079138145617208e+02
1.094322158580793403e+00 1.076239210251354628e+01 6.801024633241875108e+02
1.116360941557586361e+00 1.072382161107152321e+01 5.934927664619309553e+02
1.138748015523233903e+00 1.068763657513318854e+01 5.178604723914071428e+02
1.161451873452434391e+00 1.065092181397020710e+01 4.516281896516788379e+02
1.184452183408783110e+00 1.061403048808264771e+01 3.943238305403671689e+02
1.207702892369074243e+00 1.057918996415507529e+01 3.442854351839077935e+02
1.231172730163489382e+00 1.054337429853520547e+01 3.007467896062677255e+02
1.254840067251518310e+00 1.050939643510151988e+01 2.617283616983669958e+02
1.278658959372954040e+00 1.047508530269562854e+01 2.295203392101780082e+02
1.302600871659499226e+00 1.044050750177517273e+01 2.009477636331304780e+02
1.326615625006470678e+00 1.040689274269895215e+01 1.757781749644275919e+02
1.350666845546204975e+00 1.037379446470181321e+01 1.542423084315813924e+02
1.374720419771669588e+00 1.034138699311714582e+01 1.350805463776786439e+02
1.398732769415535371e+00 1.030815195149204122e+01 1.185264936270601908e+02
1.422662238341719343e+00 1.027581525488379377e+01 1.037440640340671223e+02
1.446470545406206565e+00 1.024362441792748335e+01 9.122758333299772460e+01
1.470118949074448400e+00 1.021063859153595921e+01 8.032288149438937808e+01
1.493561775603843511e+00 1.017828408015926733e+01 7.080787890827610909e+01
1.516762241073876805e+00 1.014647562620107912e+01 6.269522134481429276e+01
1.539684169025104410e+00 1.011372876040295843e+01 5.547948977987044827e+01
1.562286623503713834e+00 1.008126758325770034e+01 4.886264058652794517e+01
1.584536620692293507e+00 1.004904582206783381e+01 4.345168852313125996e+01
1.606394371265226662e+00 1.001521629949076342e+01 3.855243689243285132e+01
1.627825774254809676e+00 9.982712137511688510e+00 3.424788685319808934e+01
1.648804403481795022e+00 9.948924432545554808e+00 3.048534268798625746e+01
1.669209540285339743e+00 9.916068570450116582e+00 2.716549569084821059e+01
1.688755344376822842e+00 9.882206053790032030e+00 2.423975086285592084e+01
1.707377104911453669e+00 9.848273374019143489e+00 2.173833546543487927e+01
1.725080788116888586e+00 9.813901027211414885e+00 1.961092512605523908e+01
1.741849955165686969e+00 9.778914866268863193e+00 1.769045490793721953e+01
1.757695662973544293e+00 9.742695131213261917e+00 1.599405028542572715e+01
1.772633263466392162e+00 9.706140323585438878e+00 1.450474569765948907e+01
1.786670621011231308e+00 9.668971840389096073e+00 1.317177279366999798e+01
1.799818370510539722e+00 9.630744977139514162e+00 1.199311836197962222e+01
1.812121942126769580e+00 9.592144989790208243e+00 1.093843639177277360e+01
1.823548485625142712e+00 9.552876906153100478e+00 1.000601394569862990e+01
1.834147195803683017e+00 9.512693743012457404e+00 9.175376689952923215e+00
1.843917733334633491e+00 9.471895821910964131e+00 8.399980837444454451e+00
1.852941531939277464e+00 9.430722167381530241e+00 7.744711415750799688e+00
