2.191799393465098389e-01 1.550982308316407554e+01 3.683535669800713658e+06
2.249021675830575884e-01 1.530124084899687986e+01 3.244762735808982514e+06
2.307762525680674692e-01 1.507715706997338678e+01 2.864657250640874729e+06
2.368600606031074918e-01 1.489733016153460099e+01 2.543362194266736042e+06
2.430922471798732110e-01 1.470044491810257448e+01 2.230595699336641468e+06
2.495098098382374230e-01 1.452681888009456834e+01 1.972911511392565910e+06
2.561182905481346195e-01 1.436253402728357997e+01 1.741011584479915909e+06
2.629152304022254194e-01 1.420736525654421634e+01 1.540100669912866550e+06
2.699043872294185076e-01 1.407236180090448663e+01 1.357383704659734853e+06
2.770877966420896565e-01 1.393003090589543547e+01 1.197734782738443464e+06
2.844726869508962808e-01 1.379489466708972145e+01 1.058155647509318544e+06
2.920607779754492150e-01 1.367164537074494746e+01 9.344590106002195971e+05
2.998390597219106057e-01 1.355913996894544837e+01 8.241796377130768960e+05
3.078370805236176899e-01 1.345467389371050615e+01 7.280434024526410503e+05
3.160260206663160765e-01 1.338712508844628069e+01 6.432240476440091152e+05
3.244366892200276631e-01 1.326393949333549926e+01 5.688338090627922211e+05
3.330582331562384479e-01 1.315937323744796572e+01 5.030927756517833332e+05
3.418947069087125423e-01 1.307448245947122878e+01 4.438710584865206038e+05
3.509539952967536403e-01 1.299052242732179963e+01 3.934140044155656942e+05
3.602394635253158839e-01 1.291352196762360194e+01 3.475128487802025629e+05
3.697315086269272189e-01 1.284332436954193390e+01 3.077044221399424132e+05
3.794871661973938659e-01 1.277206779523715241e+01 2.720097031793599017e+05
3.894109236417727105e-01 1.270684256925454036e+01 2.407244748248452088e+05
3.995885310110559585e-01 1.265029919518243595e+01 2.129016813874428917e+05
4.100132072501108116e-01 1.258951432298264983e+01 1.885052696034269175e+05
4.206355378362344744e-01 1.253765689635197589e+01 1.668830475157319452e+05
4.315092831436520560e-01 1.248575056270405881e+01 1.477897608168150182e+05
4.426089421862509643e-01 1.243378273571378223e+01 1.311412363911626453e+05
4.539459065506750157e-01 1.238989045792025934e+01 1.162728783550718508e+05
4.655299917481994787e-01 1.234470870158596334e+01 1.031564747345833457e+05
4.773244217787868116e-01 1.230240182175827535e+01 9.139477933575033967e+04
4.893551884373238403e-01 1.226596877496702653e+01 8.113956630598432093e+04
5.016007951199588089e-01 1.222813699992569347e+01 7.197166160795005271e+04
5.140899077933597239e-01 1.219380832782455748e+01 6.379770589207866578e+04
5.268138869338034880e-01 1.216144328420441845e+01 5.677340625791530329e+04
5.397652388424355463e-01 1.213003139029453159e+01 5.044801976149864640e+04
5.529481365493594813e-01 1.210049279338483252e+01 4.479430533917627326e+04
5.663612404878349826e-01 1.207033688289917528e+01 3.979103647420468769e+04
5.799538991754813466e-01 1.204506340057316116e+01 3.545628462599206250e+04
5.937547546638348717e-01 1.202000771615880304e+01 3.146045150864766401e+04
6.077080545490249897e-01 1.199622969061565847e+01 2.805862517214776381e+04
6.218996629679003352e-01 1.196911348571071620e+01 2.504415248135640286e+04
6.363991737241222468e-01 1.195040822696371308e+01 2.228741276749476310e+04
6.512334456653743331e-01 1.192958714956203181e+01 1.985291728645250987e+04
6.664218534638542968e-01 1.190855469489169316e+01 1.767648496643573162e+04
6.820563096098145595e-01 1.188926967563482684e+01 1.573503886165905715e+04
6.981618141587769832e-01 1.187155254481498545e+01 1.395872592827280096e+04
7.147769001939461297e-01 1.185426673861340596e+01 1.239669235692748589e+04
7.318621149700446082e-01 1.183908888799311576e+01 1.098171019421516394e+04
7.494908062268438309e-01 1.182237800282188189e+01 9.730238381791656138e+03
7.677025405703701288e-01 1.181126900892121157e+01 8.593308971981095965e+03
7.864886352626625499e-01 1.179926742493661607e+01 7.609058849215667578e+03
8.058609207861644474e-01 1.178973950549132432e+01 6.710053443921801772e+03
8.257148953702704297e-01 1.177882169918030719e+01 5.931484515309890412e+03
8.456601214473599137e-01 1.176860065862348925e+01 5.246284125703273276e+03
8.656929580353783793e-01 1.176323231662407132e+01 4.644140157368041400e+03
8.858495650728297477e-01 1.175505547700889153e+01 4.121730879622688917e+03
9.060842211928544776e-01 1.175102649655534925e+01 3.664332922018867066e+03
9.265071237997106746e-01 1.174389659601825819e+01 3.261115585869144525e+03
9.471323139048897222e-01 1.173867369689538442e+01 2.902107351037909666e+03
9.678827403579048916e-01 1.173325834610367124e+01 2.586133850023566083e+03
9.888731698583924645e-01 1.173377173202946722e+01 2.305486462128612857e+03
1.010038897772088218e+00 1.172407342206447289e+01 2.054725219228374499e+03
1.031439326209608431e+00 1.171772938080448512e+01 1.820721864239724255e+03
1.053048830867213681e+00 1.171215288550601308e+01 1.637046485821119404e+03
1.074894608608091273e+00 1.170748480980231321e+01 1.459732490142347388e+03
1.096963179107483422e+00 1.170359045386360286e+01 1.305203365313129325e+03
1.119247976002705203e+00 1.169795200242248434e+01 1.166631725488339725e+03
1.141763399254752898e+00 1.169363332614718587e+01 1.042658934794549396e+03
1.164515199120031985e+00 1.168878604835370716e+01 9.318326861376702936e+02
1.187482821454969528e+00 1.168480867225738251e+01 8.328396721044795186e+02
1.210793303532782916e+00 1.168140491382068902e+01 7.447830434122549832e+02
1.234087072193658985e+00 1.167564259838073681e+01 6.663744969644626508e+02
1.257783114078673714e+00 1.167070061129099479e+01 5.963069503453913285e+02
1.281458213523446688e+00 1.166585924156285792e+01 5.339281813479694847e+02
1.305445553376052947e+00 1.166032844850190919e+01 4.752205575413736369e+02
1.329589855064722714e+00 1.165578248424827557e+01 4.283823694472652051e+02
1.353901806026879040e+00 1.165017068327339267e+01 3.836571443634953766e+02
1.378349369868280494e+00 1.164501406178671949e+01 3.440692488077677922e+02
1.402934549958866572e+00 1.163932045462572518e+01 3.086197089113740049e+02
1.427649342495650231e+00 1.163491644345001852e+01 2.755675137590828285e+02
1.452451817764527808e+00 1.162929341132961270e+01 2.474766081164873128e+02
1.477421569456301542e+00 1.162426141475395269e+01 2.228707143089546605e+02
1.502277822391283379e+00 1.161685647267394828e+01 2.006215049107556467e+02
1.527270374527831320e+00 1.161017581754508932e+01 1.801855036437819990e+02
1.552294825824337865e+00 1.160352409459374101e+01 1.620556205059398280e+02
1.577321857502285152e+00 1.159778657716472772e+01 1.456745183251674405e+02
1.602408954841087585e+00 1.159165094867146450e+01 1.312086146236410116e+02
1.627386712924118184e+00 1.158296081859439397e+01 1.181944016317817443e+02
1.652230245655035956e+00 1.157422116622733910e+01 1.066267309304244293e+02
1.677072381558478931e+00 1.156633568070177454e+01 9.615869712761175947e+01
1.701814049642852211e+00 1.155741985727691556e+01 8.693652270363116941e+01
1.726435296157041499e+00 1.154847815229741848e+01 7.844729645566629017e+01
1.750996902940713529e+00 1.153988759186185753e+01 7.077748068060269304e+01
1.775224632846444495e+00 1.152935655363689094e+01 6.418617595788406049e+01
1.799350956913055688e+00 1.151955194520301617e+01 5.808836279754299170e+01
1.823269572499047975e+00 1.150878311663430154e+01 5.263344009689981817e+01
1.846958240439801946e+00 1.149728921392326697e+01 4.773523301998044133e+01
1.870397149520969471e+00 1.148593581204331215e+01 4.332050000721435623e+01
1.893562611281004449e+00 1.147383107993216100e+01 3.934852794036817869e+01
