2.191799393465098389e-01 1.550982308316407554e+01 3.683535669800713658e+06
2.249717124848881478e-01 1.529548633123326340e+01 3.238195738499900326e+06
2.309029572334135860e-01 1.506919570835770195e+01 2.858310978778207209e+06
2.370439200587422246e-01 1.487042951724661677e+01 2.519739523928712122e+06
2.433612064319924106e-01 1.471018087996178814e+01 2.235009507142852526e+06
2.498568146936724910e-01 1.452624128944071913e+01 1.960826307613179320e+06
2.565459485601418455e-01 1.434767693789332021e+01 1.726716726354616228e+06
2.634284248480331381e-01 1.419673029730540037e+01 1.522247415976627730e+06
2.705073555818473530e-01 1.405651283385239303e+01 1.340788461779859150e+06
2.777854124154424675e-01 1.391609503114902679e+01 1.185234693185581360e+06
2.852692139506059488e-01 1.378077838281175005e+01 1.043654639680412249e+06
2.929647306784982086e-01 1.366510022904624044e+01 9.200238659411399858e+05
3.008562955397283689e-01 1.354652355254055607e+01 8.033746414536430966e+05
3.089478317793282192e-01 1.343380825592539018e+01 7.173145575124985771e+05
3.172685966528632773e-01 1.333714085864755994e+01 6.313996237925328314e+05
3.257978989426844607e-01 1.324031488601228013e+01 5.576016270159236155e+05
3.345516314472681274e-01 1.314553998864469975e+01 4.921222614341026056e+05
3.435164901957739603e-01 1.305889319116284675e+01 4.353422253129278542e+05
3.527093533073725196e-01 1.297970434550595975e+01 3.835920511167704244e+05
3.621301996026863868e-01 1.290139289321304084e+01 3.392071251444912632e+05
3.717813604027468966e-01 1.282673537725015045e+01 2.961915005162378657e+05
3.816745923002891616e-01 1.276019798693352136e+01 2.620830931113180704e+05
3.917719015922221937e-01 1.269379842242250866e+01 2.319899517069903377e+05
4.021235246947340580e-01 1.263235027529088050e+01 2.069312262642817805e+05
4.127005927574113331e-01 1.257855426723104308e+01 1.827364148300283414e+05
4.235049129491639808e-01 1.252197335409376322e+01 1.616176821351216931e+05
4.345611509465664990e-01 1.246876130709585695e+01 1.430449736212259158e+05
4.458474190202816323e-01 1.242094056283015391e+01 1.266129473163774092e+05
4.573670679343432299e-01 1.237088243589985659e+01 1.120563220783530414e+05
4.691385281009711750e-01 1.233499037293484335e+01 9.913860000745231810e+04
4.811224588711583428e-01 1.229046458013094956e+01 8.802795505844920990e+04
4.933600984888958929e-01 1.225275105813289400e+01 7.802402515722201497e+04
5.058220279847704948e-01 1.221749388171332917e+01 6.915786066133751592e+04
5.185356129561233818e-01 1.218181878874885449e+01 6.059950847185101156e+04
5.314661374542067884e-01 1.214874730986640827e+01 5.426030822719314892e+04
5.446417297162100546e-01 1.212005543926394147e+01 4.820584973051724955e+04
5.580516476829484596e-01 1.209033577988709141e+01 4.282345176725184865e+04
5.716675093903332838e-01 1.205990693806365144e+01 3.802566260073895683e+04
5.855139453522235637e-01 1.203593967976680368e+01 3.373353909112069232e+04
5.995702707621478611e-01 1.200973567060891156e+01 3.002427525961135325e+04
6.138025137045410862e-01 1.198572817218819786e+01 2.670556271198216564e+04
6.283805230159639210e-01 1.196114092464991430e+01 2.379757699735256756e+04
6.433104966432596772e-01 1.194114859406883689e+01 2.111063513409556253e+04
6.586249528248583340e-01 1.192004386678474681e+01 1.876295865264863824e+04
6.743353853300141365e-01 1.189879229078712441e+01 1.666428666100992632e+04
6.905946959948384700e-01 1.187990057230583929e+01 1.477298115501550819e+04
7.073235465184175563e-01 1.186406730525770392e+01 1.310186115226775473e+04
7.245956738978041045e-01 1.184852910953291882e+01 1.158043456470026831e+04
7.424302100643596081e-01 1.183421659163986028e+01 1.023504066216714818e+04
7.608620075728133036e-01 1.182028373355385220e+01 9.031532968603145491e+03
7.798913256560713325e-01 1.180780130395910277e+01 7.975279472383725988e+03
7.995467683711499074e-01 1.179814996042769337e+01 7.021107272724261747e+03
8.194286836391748707e-01 1.178829213764388939e+01 6.196274235702953774e+03
8.392738392889329546e-01 1.178038463098445554e+01 5.477189261142009855e+03
8.591705401513602958e-01 1.177335620218365086e+01 4.855912693902199862e+03
8.791295152034729332e-01 1.176599803336993588e+01 4.278542870033112195e+03
8.991779814742262289e-01 1.175882905082262475e+01 3.834355291951874733e+03
9.193395027377523343e-01 1.175212780665713019e+01 3.409357808956166537e+03
9.396283814992792971e-01 1.174656914729593815e+01 3.033761507035276281e+03
9.600717467902237789e-01 1.173812335610506352e+01 2.709938821259238921e+03
9.806960317578631292e-01 1.173344479487383296e+01 2.400797774251567262e+03
1.001472899857538179e+00 1.172541481983628664e+01 2.155516629746643503e+03
1.022447086087657553e+00 1.172141629280236508e+01 1.923980086862099370e+03
1.043613806564392066e+00 1.171448983158775192e+01 1.718726675405700007e+03
1.064970888099909363e+00 1.170894770878553715e+01 1.535355735644287051e+03
1.086546739982835463e+00 1.170196136465987991e+01 1.372994212043825200e+03
1.108323027857243348e+00 1.169579849761565171e+01 1.227431921269678469e+03
1.130302408543307768e+00 1.169161259238818573e+01 1.097187873722884433e+03
1.152508513846319804e+00 1.168346244202194129e+01 9.813549307240833741e+02
1.174907201389094658e+00 1.167857219237484934e+01 8.779184974987541636e+02
1.197518649653770639e+00 1.167028549194647447e+01 7.868800826153844810e+02
1.220299467804073723e+00 1.166326187822624227e+01 7.039115975259043125e+02
1.243411003350374022e+00 1.165900103292364243e+01 6.300610168174957835e+02
1.266486186450954454e+00 1.165083874335399372e+01 5.641235229911216038e+02
1.289816724127388570e+00 1.164278976466920490e+01 5.055398525131156475e+02
1.313350143161127193e+00 1.163934901930733368e+01 4.534628371561875610e+02
1.336986785300336322e+00 1.163101513798017272e+01 4.062763861461114629e+02
1.360788970144027443e+00 1.162186035849336641e+01 3.628895285348970674e+02
1.384716795108234866e+00 1.161400673193764810e+01 3.251824238926929524e+02
1.408763853111834496e+00 1.161015314254048647e+01 2.933621033831260547e+02
1.433024138063894171e+00 1.159978271803935357e+01 2.633126187343885931e+02
1.457196198631728778e+00 1.159182089137895666e+01 2.365190169703912773e+02
1.481549323139817353e+00 1.158358751859629976e+01 2.125975443385410415e+02
1.505973721691353573e+00 1.157519507373216605e+01 1.909595839912489055e+02
1.530447727919746370e+00 1.156583833762519653e+01 1.709456511464529740e+02
1.554950552514700268e+00 1.155720670048533982e+01 1.545324505877459842e+02
1.579451292489600256e+00 1.154903997477158129e+01 1.391363957325751812e+02
1.603952458317644325e+00 1.153820967548023724e+01 1.253318851857701048e+02
1.628418977005516410e+00 1.152850905240261348e+01 1.129039631935623049e+02
1.652805628119026649e+00 1.151875506858438314e+01 1.017844341915853761e+02
1.677133350942746626e+00 1.150806589467570973e+01 9.183860719262455063e+01
1.701352436502115539e+00 1.149748269991490446e+01 8.250011078838734591e+01
1.725440682842454443e+00 1.148613753889692290e+01 7.491532368046610202e+01
1.749406146501690129e+00 1.147499339076143521e+01 6.767571861818154844e+01
1.773170381029792075e+00 1.146227476851275640e+01 6.125534690013915906e+01
1.796751350387501667e+00 1.145004783288135641e+01 5.545301835278396396e+01
1.820129603192235823e+00 1.143691897615810227e+01 5.026781984456156493e+01
1.843275408543923577e+00 1.142421647626400549e+01 4.539646568680277738e+01
1.866229542608120129e+00 1.141075312938759900e+01 4.119978842499155292e+01
1.888765017246618605e+00 1.139633422490498305e+01 3.757620827190475410e+01
