2.191799393465098389e-01 1.550982308316407554e+01 3.683535669800713658e+06
2.268740482283303772e-01 1.521844330617826380e+01 3.120153217356776819e+06
2.348769126884084069e-01 1.494834261163562772e+01 2.630837130602127872e+06
2.432110550378124847e-01 1.469718341710524356e+01 2.226200505067592487e+06
2.518568256676558259e-01 1.449917208675475067e+01 1.883805852879815502e+06
2.608418100163568676e-01 1.425231661494080804e+01 1.594932939928894630e+06
2.701711420565974242e-01 1.405612842815997787e+01 1.350706358212556457e+06
2.798497784429526680e-01 1.388508166771997132e+01 1.141615909976326395e+06
2.898885024025192880e-01 1.371136884995311966e+01 9.686882587714672554e+05
3.002858131515243056e-01 1.355448007209850303e+01 8.191421019251549151e+05
3.110474027606079384e-01 1.340982201103900451e+01 6.935377050907351077e+05
3.221860624763792091e-01 1.327411883709192608e+01 5.885103941056655021e+05
3.337170980823188637e-01 1.315463539033997264e+01 4.976660189956983668e+05
3.456241558313057904e-01 1.303417053238589318e+01 4.225548464396217605e+05
3.579318161436094714e-01 1.293460811343444838e+01 3.579182492963617551e+05
3.706352218890430761e-01 1.283506469219531532e+01 3.038449509550548391e+05
3.837548585131255741e-01 1.274613644065251528e+01 2.580280758556916553e+05
3.972782939272991864e-01 1.266228216047916000e+01 2.188839028919157863e+05
4.111949665412121813e-01 1.258235336316895392e+01 1.862184523216090456e+05
4.255427280645964205e-01 1.251303616205691327e+01 1.580383184062872024e+05
4.402778564927195548e-01 1.244532656477633559e+01 1.345268963522145350e+05
4.554566911433590715e-01 1.238293290795224877e+01 1.145427539771742740e+05
4.710574183694488659e-01 1.232652838248731442e+01 9.733079548629873898e+04
4.870692069210281749e-01 1.227138397539216363e+01 8.285260134748753626e+04
5.034648084869813855e-01 1.222230477239806667e+01 7.070408265104827296e+04
5.202967012181082263e-01 1.217627482963069951e+01 6.026791394546974334e+04
5.375429754246708880e-01 1.213516599982376221e+01 5.134960625298786181e+04
5.552016859282212780e-01 1.209507889877846942e+01 4.385181536672728544e+04
5.732403536092421925e-01 1.205850736217891850e+01 3.751439245218702126e+04
5.916757240290332343e-01 1.201845750459828821e+01 3.177495920485955867e+04
6.103550856057465834e-01 1.199139784880078885e+01 2.749878095924256922e+04
6.295078377500820110e-01 1.196148928952003310e+01 2.353378061010410602e+04
6.492356331866270258e-01 1.193191258073625072e+01 2.015281323513502866e+04
6.696306179295861138e-01 1.190359917605711537e+01 1.724910277093230616e+04
6.907843474405074291e-01 1.187939050308897393e+01 1.474512149171231795e+04
7.127742891100415923e-01 1.185642806340669786e+01 1.255524158570332293e+04
7.357231646518425094e-01 1.183578282600047871e+01 1.069067495184186737e+04
7.596186726663810562e-01 1.181616087956772887e+01 9.084653238920256626e+03
7.845546228373337927e-01 1.179955488056815582e+01 7.703272376323451681e+03
8.105485316173358656e-01 1.178579628311826610e+01 6.522500991533237539e+03
8.376458030097509999e-01 1.177374520119339607e+01 5.509691654587703852e+03
8.658495391175278222e-01 1.176522375153864530e+01 4.647844417226649057e+03
8.945088775535525727e-01 1.176068577899274281e+01 3.930832795809886647e+03
9.232920958887862461e-01 1.175179813411170393e+01 3.342446382389315204e+03
9.523173873904318132e-01 1.174866802552522493e+01 2.840382493708272705e+03
9.815993706238680394e-01 1.174393568777931485e+01 2.422871838628252590e+03
1.011196074464186134e+00 1.174024530584938830e+01 2.071336972020078065e+03
1.041092459214655541e+00 1.173708433140248886e+01 1.771088115869462627e+03
1.071345478995723965e+00 1.173400086253409746e+01 1.517386036689386174e+03
1.101908994424397159e+00 1.173255182152535703e+01 1.300627194381486333e+03
1.132855217438080819e+00 1.172796651302193283e+01 1.115949575273577011e+03
1.164156827395909977e+00 1.172546467215394195e+01 9.583106955576253085e+02
1.195830148805258730e+00 1.172215159417661212e+01 8.233709348122746405e+02
1.227810839180212055e+00 1.171922491622768980e+01 7.077298677429412237e+02
1.260171244740509788e+00 1.171568469312829208e+01 6.095351142646354674e+02
1.292788306315395097e+00 1.171158171867717357e+01 5.252448712683740268e+02
1.325053928355046651e+00 1.170786223978289797e+01 4.542336623955060304e+02
1.356394098220432332e+00 1.170211443863677303e+01 3.944811530468082310e+02
1.386469829511541407e+00 1.169481360469743514e+01 3.446571356542503395e+02
1.415747033932800214e+00 1.168465992818972055e+01 3.021304127056095012e+02
1.444050611549865470e+00 1.167257103886459113e+01 2.641772945972448952e+02
1.471599854758790293e+00 1.165986550866112736e+01 2.343475881678823782e+02
1.498241634458618021e+00 1.164748936501447574e+01 2.073496749633127649e+02
1.524015278709287102e+00 1.162632639654969324e+01 1.837666982143834105e+02
1.549129525049367073e+00 1.160678899271319686e+01 1.633638101763966972e+02
1.573534223984826674e+00 1.158305021220011533e+01 1.455358891954616354e+02
1.597183820621080441e+00 1.156029048044879559e+01 1.297530598776041586e+02
1.620303689354370080e+00 1.153327640274543953e+01 1.158626485614025796e+02
1.642404350546945668e+00 1.150471459093747661e+01 1.037732886344967937e+02
1.664039787125618508e+00 1.147485060022571624e+01 9.296782641829148019e+01
1.685007165761032377e+00 1.144301110448065018e+01 8.336821289545459024e+01
1.705273289905191891e+00 1.140931136829671111e+01 7.494677108497211293e+01
1.725093243986772107e+00 1.137439566968235560e+01 6.744484733826703859e+01
1.743897668644769139e+00 1.133753067930625491e+01 6.073572945694049707e+01
1.762230093008812615e+00 1.129867632723678561e+01 5.481964139901428013e+01
1.779914141742614975e+00 1.125932645852439506e+01 4.947013696037451069e+01
1.796938940839586829e+00 1.121838223340084895e+01 4.474301763761884132e+01
1.813344693523583739e+00 1.117595623248948300e+01 4.046264837823294869e+01
1.829035093997941619e+00 1.113236386274805945e+01 3.671793372977168701e+01
1.844121572960994548e+00 1.108742013097584156e+01 3.329004673086787847e+01
1.858646429610798068e+00 1.104164781726984934e+01 3.024496167571892968e+01
1.872417867042813766e+00 1.099619537181180640e+01 2.749231705304343620e+01
1.885316187265305476e+00 1.094606717498999693e+01 2.506696202162384779e+01
1.897749092677674554e+00 1.089667674125402463e+01 2.286324406101746831e+01
1.909599269286933021e+00 1.084791805413080112e+01 2.078521257823335588e+01
1.920541161500028515e+00 1.079691396926530977e+01 1.899537972601250857e+01
1.930944556766780673e+00 1.074411906268293038e+01 1.739379978232159729e+01
1.940810782149278602e+00 1.069223856991634491e+01 1.594781082760509605e+01
1.949885656747472940e+00 1.063925007024567115e+01 1.461484728580555803e+01
1.958146575027384761e+00 1.058481864464276256e+01 1.347228020638319457e+01
1.965890765274524332e+00 1.052998252286882241e+01 1.238323646349772211e+01
1.972978344520175842e+00 1.047552983040491448e+01 1.145004103749798219e+01
1.979482316190823710e+00 1.042049286293723043e+01 1.052649537449579142e+01
1.985324597731877638e+00 1.036430010906210342e+01 9.743508537508002831e+00
1.990348555970157030e+00 1.030733060021450598e+01 9.003318121545749619e+00
1.994861182567507329e+00 1.025054430043900666e+01 8.364624910639182787e+00
1.998742995087199992e+00 1.019330937535971415e+01 7.759964026040676366e+00
2.002019231929277776e+00 1.013665382583628727e+01 7.214600215687355877e+00
2.004684931069711684e+00 1.007928775043662206e+01 6.699483799504891479e+00
2.006764265172805484e+00 1.002126225480884969e+01 6.261577650928108696e+00
