2.191799393465098389e-01 1.550982308316407554e+01 3.683535669800713658e+06
2.258713008727214200e-01 1.525882701571208244e+01 3.190371070127661806e+06
2.327784775932598138e-01 1.502207081020426038e+01 2.769598814977361355e+06
2.399367682989062278e-01 1.479196663652814436e+01 2.381312005309412722e+06
2.473473535055473738e-01 1.458301567722511471e+01 2.035645045078597730e+06
2.549899374931635099e-01 1.439598392756358969e+01 1.778684825202496490e+06
2.628979815296644262e-01 1.420274740780630118e+01 1.537440138378586387e+06
2.710669966940898457e-01 1.403993358223666732e+01 1.331340295412467094e+06
2.795030597655386306e-01 1.388664245278995324e+01 1.148144223327853717e+06
2.882103355220246299e-01 1.373837512399366823e+01 9.933479958299250575e+05
2.971833508600061902e-01 1.359912883169726072e+01 8.586711967182111694e+05
3.064413659493833708e-01 1.347337311343956756e+01 7.467932869585240260e+05
3.159841024540704368e-01 1.334720169511905929e+01 6.447754624625950819e+05
3.258127129663461186e-01 1.323499530710127736e+01 5.585014570923733991e+05
3.359263142130044510e-01 1.313095456694899710e+01 4.825481816511231591e+05
3.463385468900604391e-01 1.303394647674121742e+01 4.186124523311194498e+05
3.570594502936111914e-01 1.294467081057882574e+01 3.620119638270116993e+05
3.680656944569234978e-01 1.285337171490073160e+01 3.143941919098884682e+05
3.793945499055664250e-01 1.277377296648874072e+01 2.721114773279558867e+05
3.910133162378874871e-01 1.269872176243554662e+01 2.341567416698299057e+05
4.029733830159160646e-01 1.262669372171276727e+01 2.047937621491760074e+05
4.152013022186780700e-01 1.256548809534028344e+01 1.777950287399337394e+05
4.277641589499783792e-01 1.250277962593714953e+01 1.543455703698824218e+05
4.406326645417274479e-01 1.244659403761387928e+01 1.337938695528612589e+05
4.538308410402583926e-01 1.238934156941562392e+01 1.164618175073771563e+05
4.673574183813332117e-01 1.233861551965813774e+01 1.011554955181417899e+05
4.811938564493574710e-01 1.229227202056651969e+01 8.699688204892988142e+04
4.953081077657330855e-01 1.224620403265784851e+01 7.644270267455994326e+04
5.097563373865656722e-01 1.220583066780648984e+01 6.644738384259289887e+04
5.245228320793277055e-01 1.216728719362209787e+01 5.790271118641870999e+04
5.396022689846649012e-01 1.213052291023558737e+01 5.051858120727235655e+04
5.549957957366074002e-01 1.209562472587830406e+01 4.398840872899881651e+04
5.706789972293278002e-01 1.206340344149232990e+01 3.837140223669164698e+04
5.866396575297347926e-01 1.203328585483498259e+01 3.351186716273384081e+04
6.027679633343550059e-01 1.200373370890716629e+01 2.924266974422055500e+04
6.191122960823637333e-01 1.197730107734514604e+01 2.534426430871212506e+04
6.357793663607970158e-01 1.195081524203034462e+01 2.239755715575706199e+04
6.529013608577532990e-01 1.192579761585902531e+01 1.958206981994917442e+04
6.704231313506552326e-01 1.190242269527436036e+01 1.712265618576066481e+04
6.885273679073375952e-01 1.187998560048574248e+01 1.493577197675827483e+04
7.072180018849939520e-01 1.185948183349311869e+01 1.303169892567502211e+04
7.265665034275594625e-01 1.183937191774170650e+01 1.136460791429067285e+04
7.465860634108139049e-01 1.181950392228822899e+01 9.883829821728468232e+03
7.672585722547948794e-01 1.180502892655737135e+01 8.587361690138448466e+03
7.884140690189170853e-01 1.178861584301364474e+01 7.464058170297776996e+03
8.100746772196388834e-01 1.177354790225095726e+01 6.491487639511118687e+03
8.322436997984362650e-01 1.176268861907860597e+01 5.639985325811825533e+03
8.549390763327096021e-01 1.175221561982435325e+01 4.903004296974177123e+03
8.782223279244473213e-01 1.174174422992868116e+01 4.260223548115903213e+03
9.020952360215879207e-01 1.173727090420369024e+01 3.701964240934236841e+03
9.265232856715277521e-01 1.172555667239953969e+01 3.215196073954455642e+03
9.513194396829804944e-01 1.171772219172093976e+01 2.794345804513833173e+03
9.758865335956604659e-01 1.171087971711385123e+01 2.441396287696557010e+03
1.000167135973792920e+00 1.170553502904043519e+01 2.138286521593510315e+03
1.024276845148669679e+00 1.169794293291475107e+01 1.879878723761998344e+03
1.048250599013863082e+00 1.169028977119350543e+01 1.653893599991933797e+03
1.072041032512495384e+00 1.168297546388403596e+01 1.457214630841419421e+03
1.095755892349688176e+00 1.167436779163333327e+01 1.287928494762646324e+03
1.119406061534646613e+00 1.166607272996170686e+01 1.139512344797075912e+03
1.143005508474751686e+00 1.165567588053020209e+01 1.008359658030576043e+03
1.166519072844352634e+00 1.164498169813309936e+01 8.947269358614067869e+02
1.190036593603263748e+00 1.163424837304620496e+01 7.929084492028040358e+02
1.213472314383369666e+00 1.162238034380573026e+01 7.049279286041690966e+02
1.236901747445811273e+00 1.161272555514470817e+01 6.263040821513424135e+02
1.260322534234290082e+00 1.159904530553969693e+01 5.575615243595601669e+02
1.283705640084181532e+00 1.158319876479110810e+01 4.962491144691979343e+02
1.307085891603973149e+00 1.156958099296559617e+01 4.419038891687405908e+02
1.330439621575351561e+00 1.155004624228045529e+01 3.944975954963461504e+02
1.353741000156440943e+00 1.153482464449388800e+01 3.514059460501811714e+02
1.377026989060730289e+00 1.151711397523628300e+01 3.135489886359018215e+02
1.400240348970227533e+00 1.150008430902610890e+01 2.799366079175629807e+02
1.423414276504158194e+00 1.148181414325452465e+01 2.499117178058406239e+02
1.446492350367998947e+00 1.146160535934066793e+01 2.237759022704407528e+02
1.469596609227509232e+00 1.144162399528831386e+01 1.997857840587410294e+02
1.492373100494690297e+00 1.141972686815261895e+01 1.790900616246948687e+02
1.515147887949878980e+00 1.139807372494237292e+01 1.602566242427356542e+02
1.537774792434847937e+00 1.137907898314511357e+01 1.436710380195981713e+02
1.560289091353131763e+00 1.135393841697785611e+01 1.286895964371830416e+02
1.582565874558361063e+00 1.133252046645636746e+01 1.155382943223747958e+02
1.604633542440631055e+00 1.130637330590691647e+01 1.037975718095400595e+02
1.626630419174093012e+00 1.128217512353419139e+01 9.275259748057341369e+01
1.648193063223257981e+00 1.125582318233313472e+01 8.381540311365097295e+01
1.669584357146452147e+00 1.123023636947397996e+01 7.536708109841590897e+01
1.690678872135763955e+00 1.120299918907224779e+01 6.797694707353811339e+01
1.711583575797026358e+00 1.117624910679094086e+01 6.128913197406352964e+01
1.732001449509433577e+00 1.114812036336813605e+01 5.526058575310528909e+01
1.752234030654137298e+00 1.111984323948619924e+01 4.989978710835025311e+01
1.772041975964801397e+00 1.109028537791181357e+01 4.500831804086468679e+01
1.791386341081347755e+00 1.106008278949037305e+01 4.076318352584974036e+01
1.810407773788737851e+00 1.102967271534054206e+01 3.678325858025140604e+01
1.829005213835528831e+00 1.099858148139796299e+01 3.345332579791676153e+01
1.847194441183116043e+00 1.096706670262247840e+01 3.033186678383688317e+01
1.864913932406640606e+00 1.093521147634344182e+01 2.760601816081516091e+01
1.882182204300618000e+00 1.090180937158524088e+01 2.508667880096639990e+01
1.898966463026734219e+00 1.086951683559800230e+01 2.284161326520430180e+01
1.915241143143437519e+00 1.083520273720564830e+01 2.074606177096453408e+01
1.931049895327572541e+00 1.080017821464900685e+01 1.893831852776290958e+01
1.946303893784770978e+00 1.076587539633226598e+01 1.734896220641919484e+01
1.961035852123616641e+00 1.073027784818067332e+01 1.586714642454389690e+01
1.975237219196099181e+00 1.069411675183378740e+01 1.451271836873216792e+01
