2.191799393465098389e-01 1.550982308316407554e+01 3.683535669800713658e+06
2.255453555884721906e-01 1.529772920032717920e+01 3.208629025976354256e+06
2.321043139147837830e-01 1.503862093002176614e+01 2.798567149342519697e+06
2.388917611549304099e-01 1.482612706618454190e+01 2.428615837516747881e+06
2.459061219369116646e-01 1.461894444790085146e+01 2.110661123774828855e+06
2.531392919990319568e-01 1.443219087051809524e+01 1.843101659398474032e+06
2.606047476680574126e-01 1.426661937258813140e+01 1.607567323729142314e+06
2.683064897411084893e-01 1.409703077957961170e+01 1.394989759283697000e+06
2.762471244092531975e-01 1.394052912030937463e+01 1.215673504505875986e+06
2.844338071734696660e-01 1.379971208530669990e+01 1.059552050050086575e+06
2.928761332797980010e-01 1.365727407711420760e+01 9.217627121370483655e+05
3.015566191752977465e-01 1.353165673338379094e+01 8.032009206769311568e+05
3.104826316448995871e-01 1.342150751344493820e+01 6.990491393432067707e+05
3.196720801028846148e-01 1.331016363547557546e+01 6.105947425727255177e+05
3.291300347814595795e-01 1.320602541947038766e+01 5.313592363696668763e+05
3.388468233107301830e-01 1.310270105018237885e+01 4.641739497662954382e+05
3.488365993643872121e-01 1.300876981407058608e+01 4.045543360316446633e+05
3.590982904150055166e-01 1.292392893749310367e+01 3.531692770173634053e+05
3.696330480030330379e-01 1.284465605067940608e+01 3.076562120759089012e+05
3.804446598973938998e-01 1.276905562537254291e+01 2.687861357136946754e+05
3.915374073614553696e-01 1.269471259773308347e+01 2.346545143244280189e+05
4.029339649968119996e-01 1.263127088301992629e+01 2.046845976533156936e+05
4.145633754753944578e-01 1.256649036326011348e+01 1.790453094131643302e+05
4.265150883959447636e-01 1.250694127799575206e+01 1.562628657782806840e+05
4.387272401314304404e-01 1.245120210460497212e+01 1.368449317881601455e+05
4.512529103657240137e-01 1.239878210896513799e+01 1.194028955247033882e+05
4.640615219363631860e-01 1.235052997916550943e+01 1.047831800919511443e+05
4.771407835106100115e-01 1.230417306152681256e+01 9.140880662911786931e+04
4.905082156755334877e-01 1.226149884189748107e+01 8.014377399152585713e+04
5.041506898831084049e-01 1.222986698986172804e+01 7.017731370438505837e+04
5.180888187841241610e-01 1.218352322276545330e+01 6.156599362314648897e+04
5.323125840724264313e-01 1.214631662606465845e+01 5.390907035933290172e+04
5.468196750975199416e-01 1.211272704338531980e+01 4.721584517721544398e+04
5.616107997545265462e-01 1.208151954644138293e+01 4.150362673535086651e+04
5.766527049197225363e-01 1.205260810457456344e+01 3.606035489412806055e+04
5.919546945953741979e-01 1.202299503026782723e+01 3.198066614572147591e+04
6.074218387624523707e-01 1.199535750819896940e+01 2.815181932656279969e+04
6.232007910381962557e-01 1.197051390479194843e+01 2.474029432966085369e+04
6.393580129107949706e-01 1.194600059042302576e+01 2.178444077016433221e+04
6.559393763368308594e-01 1.192376102505753188e+01 1.913975990092696884e+04
6.728392132250514690e-01 1.190225618354719650e+01 1.667332052012356507e+04
6.892894735992208810e-01 1.187870972144909310e+01 1.488437804047818463e+04
7.054464106952916813e-01 1.186124535556529658e+01 1.319478981884167297e+04
7.213393728132603266e-01 1.183977995493728130e+01 1.175978570232914899e+04
7.371037376199973679e-01 1.181580688780934452e+01 1.052012309275316511e+04
7.527244796909486890e-01 1.179889382541384357e+01 9.351777851911052494e+03
7.682839810977336592e-01 1.177710418593632369e+01 8.376717844889704793e+03
7.838755894253649492e-01 1.175726340313271301e+01 7.488790071706199342e+03
7.995214180605046961e-01 1.173299259204403633e+01 6.711146372897885158e+03
8.152880920870297921e-01 1.171485399681723294e+01 6.015477876516095421e+03
8.311505536518284387e-01 1.168998622398470566e+01 5.350159014921738162e+03
8.471906578460717263e-01 1.166817714988494181e+01 4.818772155854876473e+03
8.634119694335888884e-01 1.164610781265122874e+01 4.323383194545584956e+03
8.798199486899105359e-01 1.162111530054388453e+01 3.872082973379889609e+03
8.964594594316124265e-01 1.159848858657641557e+01 3.467159326125509324e+03
9.133590766420279783e-01 1.157340009698305394e+01 3.104331969839910471e+03
9.305039979001918926e-01 1.155024797481965493e+01 2.775036852884228665e+03
9.478966257100394088e-01 1.152579301053181560e+01 2.482763574756978414e+03
9.655815267436029803e-01 1.150290676907411758e+01 2.215136649724958261e+03
9.836292023203330182e-01 1.147818986397240160e+01 1.981158720524650789e+03
1.001800269901834239e+00 1.145430791617006783e+01 1.769377331689693619e+03
1.020347048729058903e+00 1.143073906653459204e+01 1.573726526702775118e+03
1.039202003412512898e+00 1.140643445900360398e+01 1.409265098214707223e+03
1.058384538057598911e+00 1.138311277406943312e+01 1.256590688935744538e+03
1.077794154212035727e+00 1.135927634284065668e+01 1.121506971069942210e+03
1.097431391590266259e+00 1.133500428514843428e+01 1.001151462111725778e+03
1.117402681260714292e+00 1.131249914117280930e+01 8.908417395924369657e+02
1.137639454243586590e+00 1.129114829233173367e+01 7.939802944033364156e+02
1.158146430115266190e+00 1.126480599801645255e+01 7.074122393276730918e+02
1.178911810801551940e+00 1.124381231639900847e+01 6.304977584983780616e+02
1.199899915193571864e+00 1.121987653419141573e+01 5.618069482266224668e+02
1.221124079563484344e+00 1.119687150161177946e+01 5.003424318396848207e+02
1.242536931451281301e+00 1.117384226207663644e+01 4.459660172355402210e+02
1.264166439457726998e+00 1.114944708808666185e+01 3.974929440230400246e+02
1.285948034684285535e+00 1.112885298265528000e+01 3.546672356353860778e+02
1.307889144419903005e+00 1.110925271295435302e+01 3.160223549525383646e+02
1.329974584617268363e+00 1.108322408677977577e+01 2.818958625935042051e+02
1.352176066343640182e+00 1.106021519090579019e+01 2.516334677368901964e+02
1.374467048292526083e+00 1.103891438388841273e+01 2.244498548305533063e+02
1.396820828672493464e+00 1.101612161938223444e+01 2.004847914386914169e+02
1.419230250538562554e+00 1.099363671690517386e+01 1.789912152908220264e+02
1.441694945975879438e+00 1.097251040589337556e+01 1.601474983681970059e+02
1.464079631334108011e+00 1.095090405156008195e+01 1.431218018824884552e+02
1.486479938982862681e+00 1.092607554444755102e+01 1.281518166194330206e+02
1.508833023280756747e+00 1.090395637812361151e+01 1.147430918524169385e+02
1.531127788978297710e+00 1.088113247755850210e+01 1.027931214949276324e+02
1.553265935978118906e+00 1.085760040359516765e+01 9.214609969245202592e+01
1.575307947498894690e+00 1.083415491405703435e+01 8.273472205292218007e+01
1.597192389435077242e+00 1.081025618682065392e+01 7.400830615990720673e+01
1.618903689914108934e+00 1.078723349448116764e+01 6.652350600106335321e+01
1.640407456565235123e+00 1.076341002376735645e+01 6.012220944766184516e+01
1.661681819011073147e+00 1.073934847029728168e+01 5.408796628068365919e+01
1.682708606141834817e+00 1.071432036755350481e+01 4.874503938265279857e+01
1.703448900493309326e+00 1.069020445187021195e+01 4.381801255334819700e+01
1.723898226388195010e+00 1.066526365359929507e+01 3.971217784827768327e+01
1.744020590482749711e+00 1.063985646773626925e+01 3.577383248008938210e+01
1.763802797846498516e+00 1.061388143456135147e+01 3.235649746788024572e+01
1.783217869873137573e+00 1.058817359590371687e+01 2.933649507900258868e+01
1.802268324678890199e+00 1.056153345410015554e+01 2.669459137747761091e+01
1.820879688244735561e+00 1.053494145433382734e+01 2.422189555090078983e+01
