2.191799393465098389e-01 1.550982308316407554e+01 3.683535669800713658e+06
2.262501334591997260e-01 1.523622629387780592e+01 3.160377108817732427e+06
2.335683767485104700e-01 1.498659021637135602e+01 2.705060048521106131e+06
2.411780483288646360e-01 1.475148581737739484e+01 2.330179610936982092e+06
2.490356395365683484e-01 1.453579996626508297e+01 1.987661383205795893e+06
2.571842539118670556e-01 1.433643171564469831e+01 1.708994737740486162e+06
2.656215884864873700e-01 1.415496843514355341e+01 1.463114086579931667e+06
2.743518078855499143e-01 1.397593372265486344e+01 1.256260224655184895e+06
2.833825940231090579e-01 1.382378412742929186e+01 1.081672989108532434e+06
2.927242226111118062e-01 1.366096878194710307e+01 9.229774879794998560e+05
3.023472695166591340e-01 1.352427037602066306e+01 7.927458819485066924e+05
3.122996603936463722e-01 1.339021549145834378e+01 6.824918108720094897e+05
3.225720303634129760e-01 1.327814248148937715e+01 5.841269875078740297e+05
3.331711493171610194e-01 1.315575680648692547e+01 5.015737801739677670e+05
3.440899716382562756e-01 1.305338982516954971e+01 4.311715164820029750e+05
3.553579699900807909e-01 1.295588678055147192e+01 3.709866224325179355e+05
3.669356903851293539e-01 1.286220809826843592e+01 3.187070806354117231e+05
3.788925883460197985e-01 1.277962218503501113e+01 2.738193356946806889e+05
3.911440615867725623e-01 1.269926382148177879e+01 2.345260309398106474e+05
4.037606245650510184e-01 1.262317146440922144e+01 2.028273541888841137e+05
4.167563074933477441e-01 1.255328225227370176e+01 1.744411776190378005e+05
4.300506098962278978e-01 1.249186652058975433e+01 1.505157273568124510e+05
4.437292162279588004e-01 1.243037994021155335e+01 1.295318770684579504e+05
4.577471378053324380e-01 1.237389196801520441e+01 1.116993360668301029e+05
4.721317444596067614e-01 1.232147590162958117e+01 9.629334198177888175e+04
4.868680384988349208e-01 1.227359842899210562e+01 8.297705708832832170e+04
5.019204200507249025e-01 1.222817239377362242e+01 7.166834841080440674e+04
5.173459752829125957e-01 1.218489306602799793e+01 6.195170653119837516e+04
5.331226531124287904e-01 1.214477006044430318e+01 5.350673837267784984e+04
5.492474482695295368e-01 1.210853738518533262e+01 4.639545447274469916e+04
5.657232660369601041e-01 1.207169357199497028e+01 4.001410763323073479e+04
5.824899735473102469e-01 1.203899551875062990e+01 3.431148267728245264e+04
5.993193269296611669e-01 1.201157830050394359e+01 3.005636825871495239e+04
6.161380207645359430e-01 1.198076934365862378e+01 2.621565183951412109e+04
6.330671031938518434e-01 1.195170289788902807e+01 2.287183987049715142e+04
6.502526907186966243e-01 1.192603994782666454e+01 1.993230812956868249e+04
6.677930018463719142e-01 1.190219987052586781e+01 1.737879338824253136e+04
6.857699230399604273e-01 1.187440604830823787e+01 1.516457901611763373e+04
7.042759220097015715e-01 1.184926550776729925e+01 1.320917651469351767e+04
7.232803181299889417e-01 1.182361299684776235e+01 1.148766693484342068e+04
7.429232582525886475e-01 1.180563571635140718e+01 9.993798200893817921e+03
7.632183926472351221e-01 1.178408201745138406e+01 8.669810435404391683e+03
7.842090511561449206e-01 1.176227381667935923e+01 7.510741085759664202e+03
8.059290952660304042e-01 1.174360889157051169e+01 6.503149692369079276e+03
8.284001469424947528e-01 1.172632353041299957e+01 5.622529963685223265e+03
8.516580677694280954e-01 1.171073799675662208e+01 4.818420838090914913e+03
8.756991653890151550e-01 1.169706701578000718e+01 4.190101873628142130e+03
9.005642174664785227e-01 1.168403265175486894e+01 3.612564006807441729e+03
9.262904844883315114e-01 1.167282353887135748e+01 3.107205758943715409e+03
9.527792082635563320e-01 1.166093010939493091e+01 2.670147788025069531e+03
9.801384659954416323e-01 1.165507479243879629e+01 2.297835202762903464e+03
1.008336774926430701e+00 1.164907992178172691e+01 1.958818898138890518e+03
1.037367100275427001e+00 1.164456263350633591e+01 1.694371906713998669e+03
1.067211601305924740e+00 1.164063361486727821e+01 1.452464203648902867e+03
1.097872978056143367e+00 1.163864283030768831e+01 1.247862028270856399e+03
1.129325040032472360e+00 1.163794368717164041e+01 1.069413588819213146e+03
1.161555472274955703e+00 1.163906365607999405e+01 9.173333191328104022e+02
1.194540010763488702e+00 1.163987043742476857e+01 7.874417370918422421e+02
1.228243205311675634e+00 1.164339118273598039e+01 6.750745747585692698e+02
1.262632631826750007e+00 1.164968936805424171e+01 5.759378911256018228e+02
1.296688657685636015e+00 1.165268073976554675e+01 4.999084078842454346e+02
1.329738738415146893e+00 1.165569660362262461e+01 4.333824117048865787e+02
1.361848128226535115e+00 1.166102331578277251e+01 3.779718648051943433e+02
1.393066314991901145e+00 1.166152375742002434e+01 3.306687673013386757e+02
1.423442710681189327e+00 1.165897456035753699e+01 2.890586578666001287e+02
1.453027389272361303e+00 1.165617019738152216e+01 2.565013142641639092e+02
1.481844033726362753e+00 1.165204730040732883e+01 2.255131110787762339e+02
1.509934964252382050e+00 1.164723867632914356e+01 2.007822120948841871e+02
1.537330747965390376e+00 1.163768897398494495e+01 1.783035422189530834e+02
1.564079490780029502e+00 1.162700374565035588e+01 1.589719351840277568e+02
1.590053763573865409e+00 1.161693512426496078e+01 1.418863780907348655e+02
1.615436046156651484e+00 1.160245828156492642e+01 1.267430900485576473e+02
1.640200189548661536e+00 1.158602859686154929e+01 1.135508815144066546e+02
1.664315439452874745e+00 1.157053486880167270e+01 1.013883594227294935e+02
1.687819929254423368e+00 1.154953532985433640e+01 9.144656052744895192e+01
1.710712980222164337e+00 1.152891163132411023e+01 8.229602912603405684e+01
1.732994852669272223e+00 1.150697798723893506e+01 7.417966298625283628e+01
1.754669218448578150e+00 1.148326362300204373e+01 6.684504144800544623e+01
1.775768808048983294e+00 1.145765331314605717e+01 6.038837285908279284e+01
1.796193598937611657e+00 1.143048335510066238e+01 5.460344282026886731e+01
1.816044156508243690e+00 1.140256091101190883e+01 4.943612956592270535e+01
1.835280864357462960e+00 1.137292574479228335e+01 4.482197594519231387e+01
1.853905973228759496e+00 1.134241573879754661e+01 4.066753119439727726e+01
1.871920130365892998e+00 1.130998260378130027e+01 3.678306102231015018e+01
1.889501956989582121e+00 1.127758686222539808e+01 3.361699977304925113e+01
1.906077520850955942e+00 1.124268109967014162e+01 3.048886729066863310e+01
1.922445234169461559e+00 1.120732900796471476e+01 2.785142458003925370e+01
1.937998419657859905e+00 1.117075325734823465e+01 2.541722512029271996e+01
1.952820197886884213e+00 1.113240103653024526e+01 2.315724598290709224e+01
1.967250041640329350e+00 1.109398020305760113e+01 2.123324600287649133e+01
1.981084574387515840e+00 1.105336879951517481e+01 1.937965346005334766e+01
1.994335630786914004e+00 1.101347772061286179e+01 1.774992061231428764e+01
2.007007314027770217e+00 1.097201903548225133e+01 1.628997833561355080e+01
2.019105822771736225e+00 1.093038215419494996e+01 1.499930269952224293e+01
2.030583509702940326e+00 1.088644094077873348e+01 1.377696385725784367e+01
2.041457526370961340e+00 1.084313751398826220e+01 1.264207812807638298e+01
2.051746008666754051e+00 1.079906599666443157e+01 1.168289095492834839e+01
2.061407101675158948e+00 1.075410340055967495e+01 1.077197634445645491e+01
2.070460556632906624e+00 1.070876626041113333e+01 9.921577195810796113e+00
2.078921424907885118e+00 1.066302365629753446e+01 9.195856385358730734e+00
