2.191799393465098389e-01 1.550982308316407554e+01 3.683535669800713658e+06
2.247839354619116659e-01 1.529557012643438085e+01 3.255822940713074058e+06
2.305240773831892243e-01 1.509306400690342542e+01 2.882536429063953925e+06
2.364582907375365750e-01 1.490038406082404343e+01 2.558288525703263003e+06
2.425644316627871000e-01 1.472660991979472556e+01 2.269166113296897616e+06
2.488309299288529730e-01 1.453920149158469677e+01 1.995763515261875931e+06
2.552792792814180811e-01 1.439005352784189995e+01 1.765037344452832360e+06
2.619085811170076550e-01 1.423328761100161977e+01 1.566351613468586234e+06
2.687221439746211860e-01 1.409157201625085776e+01 1.386059359316478716e+06
2.757216459989162427e-01 1.395092342822224118e+01 1.227472268039457267e+06
2.829125718600143391e-01 1.382595146145691167e+01 1.084693271202665986e+06
2.902958033002301375e-01 1.369916277100911550e+01 9.604434191410392523e+05
2.978665733007795913e-01 1.357787156806484319e+01 8.525086175414568279e+05
3.056342790443657420e-01 1.348044001399408920e+01 7.533968022674076492e+05
3.136164268321436355e-01 1.337379811915856465e+01 6.684665092559948098e+05
3.217714469389142962e-01 1.328671711427859670e+01 5.919491601806406397e+05
3.301516863028159943e-01 1.319035858707128916e+01 5.260233250093103852e+05
3.387280857470029161e-01 1.310544580421629490e+01 4.653262016640489455e+05
3.475222259042594630e-01 1.303015029125291768e+01 4.070627123058868456e+05
3.565278064023404969e-01 1.294607733293848639e+01 3.649618528107086313e+05
3.657377464753053253e-01 1.287504168548166739e+01 3.235985730684857699e+05
3.751607120899435044e-01 1.280424667792934024e+01 2.872704394869612297e+05
3.848107857018188138e-01 1.273896370705710268e+01 2.545511702674149419e+05
3.946731701414654681e-01 1.267752603660542654e+01 2.260182755631702894e+05
4.047677084299169947e-01 1.261925725778921148e+01 2.004170039632258995e+05
4.150523020276002395e-01 1.256562190764404896e+01 1.776843685760086519e+05
4.255884123946828690e-01 1.251266555641896261e+01 1.577639043865208514e+05
4.363289448467935761e-01 1.246321513484894439e+01 1.389597293372538988e+05
4.472951294889884188e-01 1.241521251685172977e+01 1.247765740052100591e+05
4.585005736771802232e-01 1.237539880827954342e+01 1.105912753872834437e+05
4.699006572878040577e-01 1.233085155778655029e+01 9.850870720128440007e+04
4.815236096839485280e-01 1.228955372269245139e+01 8.771754482123606431e+04
4.933820184498587391e-01 1.225237966599076600e+01 7.793454810975027794e+04
5.054519519233108271e-01 1.221684513150196416e+01 6.941730640670326829e+04
5.177495991527300001e-01 1.218479571129664052e+01 6.169012290699415462e+04
5.302687641334626889e-01 1.215110178288384368e+01 5.495126597423848580e+04
5.430084104127614886e-01 1.212192092718422565e+01 4.901353082811778586e+04
5.559685570190109338e-01 1.209361397944144478e+01 4.359473032495297957e+04
5.691502828510652812e-01 1.206724789564261080e+01 3.883408817502277088e+04
5.824958643667874636e-01 1.204145173957574144e+01 3.464324501077261084e+04
5.961276470422971485e-01 1.201248595519366269e+01 3.093839877131521644e+04
6.100445350748109341e-01 1.199214983002753776e+01 2.757136011168732875e+04
6.243141289561401353e-01 1.196930019432768688e+01 2.456492069048090343e+04
6.389883928043047501e-01 1.194885734633008134e+01 2.186273419949991148e+04
6.541072069343968343e-01 1.192855664246520853e+01 1.944357378266029627e+04
6.697206258043064686e-01 1.190916284714812257e+01 1.730244497062145820e+04
6.858156336037686263e-01 1.189191894079824152e+01 1.527645902801003285e+04
7.024774360344541169e-01 1.187597869233797176e+01 1.348665030557583668e+04
7.196991065212664518e-01 1.186148292939246041e+01 1.206106715018638715e+04
7.375081005415278224e-01 1.184757355552412861e+01 1.066123503261117548e+04
7.559358229072959956e-01 1.183626078232696521e+01 9.415351098897874181e+03
7.749877717758527629e-01 1.182391284325505509e+01 8.313467604809222394e+03
7.946777487741230050e-01 1.181642690720802413e+01 7.326830406375574057e+03
8.150328567211480024e-01 1.180815183557582593e+01 6.454794684501536722e+03
8.360581027019053924e-01 1.180508742579574388e+01 5.671663633954820398e+03
8.577647532849191903e-01 1.180303258220805240e+01 4.994876655079566262e+03
8.801619101417673674e-01 1.180034266229499806e+01 4.390846847972388787e+03
9.032551086394773332e-01 1.179733727740717519e+01 3.854687184255301872e+03
9.270555183081252704e-01 1.180022704512110110e+01 3.386002434747923417e+03
9.515545248589583061e-01 1.180148662650455726e+01 2.949897293614880709e+03
9.767618727184582683e-01 1.181317451850526545e+01 2.602509397087577327e+03
1.002679656549546827e+00 1.181218304489775761e+01 2.282584114026371481e+03
1.029297308629062879e+00 1.182286089988921063e+01 1.998476778315461843e+03
1.056612884422988508e+00 1.183126609670351925e+01 1.750490657094631615e+03
1.084620180406884016e+00 1.184222664545372261e+01 1.534794179308419416e+03
1.113120370489064426e+00 1.185428296050082508e+01 1.345733943954008510e+03
1.141583061825830914e+00 1.186701703469553770e+01 1.183249678224309264e+03
1.170011505502609017e+00 1.187881681815441048e+01 1.038375191701001768e+03
1.198431029937622849e+00 1.189623246623650488e+01 9.214581417544886790e+02
1.226755605156843121e+00 1.190511692609701910e+01 8.154698109992943955e+02
1.255082211760348398e+00 1.191858018835398170e+01 7.204753396709912749e+02
1.283433040776642997e+00 1.192881672594222131e+01 6.423754285207005523e+02
1.311733457515153578e+00 1.194374000002289726e+01 5.712900022953637063e+02
1.340041759552209610e+00 1.195358044626026128e+01 5.090211616605305380e+02
1.368337689083123587e+00 1.196364170874578647e+01 4.539584533174879084e+02
1.396615723265139941e+00 1.197318398042067145e+01 4.053015213099029097e+02
1.424883711379056228e+00 1.198368395262515840e+01 3.620455598746420947e+02
1.453113935349131802e+00 1.199245610759843750e+01 3.239359628352270306e+02
1.481325269957151969e+00 1.200222297753151146e+01 2.902094531255691550e+02
1.509473485202093013e+00 1.200917792627170932e+01 2.601223708386797853e+02
1.537580276812457791e+00 1.201745319947763591e+01 2.334341405467230857e+02
1.565623909788970813e+00 1.202313714871587180e+01 2.096430547233161974e+02
1.593625262664948528e+00 1.203235360740094784e+01 1.882209736744683823e+02
1.621464204790001862e+00 1.203704402812486407e+01 1.694462700690771726e+02
1.649274020509202243e+00 1.204135462202793327e+01 1.519167917553287452e+02
1.676895802532558433e+00 1.204413638954476617e+01 1.374664860902090311e+02
1.704432373656698196e+00 1.204757728740925771e+01 1.239535130555711646e+02
1.731805299518723862e+00 1.205181489173477694e+01 1.118951532538897453e+02
1.759021533686315308e+00 1.205289214835706879e+01 1.010104254570231035e+02
1.786051697198330235e+00 1.205209346955340699e+01 9.143045010247537618e+01
1.813076807728071227e+00 1.205445235782809554e+01 8.257831445287197880e+01
1.839513777079617052e+00 1.205154044521368029e+01 7.486796804620453827e+01
1.865906821417765427e+00 1.205092955381056896e+01 6.783000174694437590e+01
1.892050969296069196e+00 1.204869569488541003e+01 6.153877941824478626e+01
1.917931155347595285e+00 1.204594810320538834e+01 5.587847619427230939e+01
1.943528685564614777e+00 1.204258961553396645e+01 5.073550017663347944e+01
1.968820728645683582e+00 1.203805329029459514e+01 4.613071337646128001e+01
1.993799725205726459e+00 1.203282894217152155e+01 4.196479476217766802e+01
2.018606118724731058e+00 1.202746425276372477e+01 3.822827232460871016e+01
2.042766600036205915e+00 1.202100783789496141e+01 3.485472135610388733e+01
