2.191799393465098389e-01 1.550982308316407554e+01 3.683535669800713658e+06
2.260818577536044816e-01 1.525699825837111767e+01 3.180066672635886818e+06
2.332119716352699657e-01 1.499418354915117391e+01 2.724651576297571883e+06
2.406226084603833026e-01 1.478454526073715414e+01 2.357739143961024005e+06
2.482711282294964850e-01 1.456311179340155881e+01 2.004103784733369015e+06
2.561867812240608555e-01 1.437569256520088246e+01 1.746802040481141536e+06
2.643828065077709066e-01 1.417640992324988858e+01 1.495471654353684280e+06
2.728574269307160738e-01 1.399631864141463389e+01 1.289281121023135725e+06
2.816155441148633920e-01 1.384502905731910438e+01 1.108430382852503797e+06
2.906649809074524082e-01 1.370242151344159431e+01 9.546704282633452676e+05
3.000010697136304416e-01 1.355992542566450076e+01 8.217287426734030014e+05
3.096306843243390450e-01 1.342743083507904522e+01 7.098558004262436880e+05
3.195665671489746340e-01 1.330325956540738375e+01 6.115570153425618773e+05
3.298140086801663040e-01 1.319880570271872777e+01 5.272277243910165271e+05
3.403669963492949591e-01 1.309004695587315403e+01 4.538036452008503256e+05
3.512405373829091682e-01 1.298917550071197624e+01 3.917448565894383355e+05
3.624280748513424300e-01 1.289873705001333271e+01 3.378673439363294165e+05
3.739323266469969931e-01 1.281387644474227727e+01 2.917690723328528111e+05
3.857741532537254381e-01 1.273080979833554771e+01 2.516204238474284648e+05
3.979434030252368970e-01 1.265802314860632549e+01 2.173371326244456286e+05
4.104486985445748859e-01 1.258957243732212739e+01 1.874305154617795197e+05
4.232580213609173914e-01 1.252383229740888027e+01 1.620866869596570905e+05
4.364279623414702436e-01 1.246406473837112472e+01 1.399585665773517976e+05
4.499343149795283492e-01 1.240669828182222822e+01 1.212147687577290053e+05
4.637717009213742081e-01 1.235151815132863362e+01 1.049336885410342511e+05
4.779348959167744604e-01 1.230253213736464168e+01 9.085453609598844196e+04
4.924305757807783679e-01 1.225649736445666527e+01 7.856613803845662915e+04
5.072613949790220067e-01 1.221275200811824391e+01 6.736023781789462373e+04
5.224277666466538017e-01 1.217350026231001436e+01 5.897671900327093317e+04
5.379302489161097434e-01 1.213415122375043964e+01 5.118825702171074954e+04
5.537652284496233923e-01 1.209896107877201921e+01 4.448436666240041086e+04
5.699359306626319288e-01 1.206429106818129959e+01 3.818883281553963752e+04
5.862741671694111645e-01 1.202963261773204096e+01 3.358712578205621685e+04
6.018312832885340802e-01 1.200138672583407029e+01 2.951699157549763913e+04
6.165448654013397922e-01 1.197631991698277076e+01 2.605951726000618510e+04
6.306624315868339936e-01 1.194824138350126930e+01 2.314883304736491846e+04
6.443952050213888061e-01 1.191982469517390975e+01 2.064140141263696205e+04
6.579029208185870337e-01 1.189037337929763538e+01 1.846631313286525983e+04
6.712758180480055126e-01 1.185792803396581974e+01 1.656237118965219634e+04
6.846158608360874975e-01 1.182913151492273407e+01 1.480929357019590134e+04
6.980009101148881845e-01 1.179661440160717234e+01 1.327744584683532412e+04
7.115008246141665271e-01 1.176608709924718887e+01 1.187442346596028437e+04
7.251639633110559258e-01 1.173212944421614701e+01 1.062901856284393034e+04
7.390448815777352909e-01 1.169795613047863014e+01 9.501126519592702607e+03
7.531836913798771738e-01 1.166465482219239469e+01 8.489662724397863713e+03
7.676161538686141483e-01 1.162924533999176369e+01 7.591486800144706649e+03
7.823795250986758099e-01 1.159442374234443207e+01 6.759845652970400806e+03
7.975036543865657857e-01 1.155889400833114600e+01 6.029132228785390907e+03
8.130066362535233182e-01 1.152441231246038811e+01 5.353336680910129871e+03
8.289180586216274849e-01 1.148722723941266288e+01 4.759004932711353831e+03
8.452525792900889012e-01 1.145556654895550075e+01 4.217905488818409140e+03
8.620261333371369572e-01 1.141871463004041054e+01 3.735780091989008724e+03
8.792578563004330716e-01 1.138538386617463694e+01 3.282369760469454832e+03
8.969411332556355143e-01 1.135341081876781466e+01 2.925555100983402554e+03
9.151005270652736723e-01 1.131999036815421000e+01 2.579807967377717432e+03
9.337302506315220407e-01 1.128687845438581405e+01 2.279266643044140437e+03
9.528462667362804783e-01 1.125497423045485412e+01 2.005707499536848900e+03
9.724262422640382875e-01 1.122206312134576223e+01 1.766741389337604232e+03
9.924843899459904195e-01 1.119165318875502813e+01 1.554969069784467138e+03
1.013010005210693620e+00 1.116252507450892040e+01 1.367497079460050600e+03
1.033987600375686711e+00 1.113273283489260024e+01 1.201206491400769210e+03
1.055424582550941626e+00 1.110714413477148632e+01 1.054526267661398606e+03
1.077291312742211016e+00 1.107332682995581230e+01 9.264499866808787374e+02
1.099582571408992404e+00 1.104755399086684520e+01 8.128878710940651899e+02
1.122280832573260723e+00 1.101998254074761618e+01 7.135492691328469164e+02
1.145352735522881638e+00 1.099312540181406916e+01 6.260162269379635518e+02
1.168807676761758563e+00 1.096809763225691725e+01 5.467303808636219173e+02
1.192587506895528282e+00 1.094074211712234224e+01 4.827190649828826281e+02
1.216698592409236834e+00 1.092028016864144924e+01 4.235267730377391331e+02
1.241083375175378700e+00 1.089540910829555642e+01 3.721769837623415924e+02
1.265746472540767442e+00 1.086858695640077244e+01 3.267081057180141102e+02
1.290633556660814918e+00 1.084503113438304212e+01 2.871891375412517391e+02
1.315723578026514407e+00 1.082238160413099948e+01 2.524515659453100227e+02
1.340979493186166049e+00 1.079991458621694278e+01 2.206969333237504713e+02
1.366373636835820582e+00 1.077661798246718661e+01 1.954206129487511703e+02
1.391870715139579939e+00 1.075458434547541309e+01 1.719711059735211336e+02
1.417432025966645526e+00 1.073261780989269099e+01 1.509826342914939801e+02
1.443025048135958999e+00 1.071065915484982867e+01 1.336935755374516646e+02
1.468615877304049633e+00 1.068866099694469618e+01 1.181201537435676130e+02
1.494163069004107225e+00 1.066722463743626470e+01 1.043185648338109672e+02
1.519464122691880803e+00 1.064550912743326450e+01 9.214267291806369542e+01
1.544306427906169787e+00 1.062313829130048326e+01 8.189795907980409595e+01
1.568652374121662030e+00 1.060147730266749910e+01 7.280271950080621934e+01
1.592515898884200753e+00 1.057860863198145474e+01 6.458556377327867892e+01
1.615816955502564989e+00 1.055515834381850482e+01 5.786614942098394465e+01
1.638622216127689324e+00 1.053258928292286711e+01 5.171838205963700119e+01
1.660836545235830686e+00 1.050824352315780708e+01 4.638696921196786604e+01
1.682509746094718484e+00 1.048336443698418385e+01 4.157660010699649433e+01
1.703568873874994338e+00 1.045735489304287391e+01 3.739560560541564627e+01
1.724060299596343881e+00 1.043099184761886633e+01 3.355928477287170608e+01
1.743943276501864315e+00 1.040404531146827338e+01 3.036385065113551462e+01
1.763227809574840599e+00 1.037597706531960995e+01 2.740473645483655929e+01
1.781905555233122218e+00 1.034815819705235818e+01 2.467209828412571326e+01
1.799956559445542448e+00 1.031819933423023983e+01 2.238560023263279675e+01
1.817369202274245588e+00 1.028862842427373891e+01 2.031741618253157711e+01
1.834143880092352630e+00 1.025778465925938576e+01 1.851861676148676850e+01
1.850280147133058994e+00 1.022645938362146545e+01 1.681287853534661281e+01
1.865844977327145049e+00 1.019483834116477716e+01 1.535382876671049424e+01
1.880618149635497671e+00 1.016214035474209787e+01 1.402183276927284794e+01
1.894815171857538116e+00 1.012838138450109859e+01 1.281335532599261029e+01
