2.191799393465098389e-01 1.550982308316407554e+01 3.683535669800713658e+06
2.266861229444749049e-01 1.521958333012487863e+01 3.132254038401003461e+06
2.344826551972718498e-01 1.495531634408223454e+01 2.651691868767917622e+06
2.425972459388247571e-01 1.471285714377975573e+01 2.259016262867356651e+06
2.510054200728992768e-01 1.450065825447256174e+01 1.929028807956598233e+06
2.597374150657411618e-01 1.427769015250972018e+01 1.625972877657127567e+06
2.687960098840115331e-01 1.408616919155944913e+01 1.382135464632184478e+06
2.781862237446912633e-01 1.390909219564214006e+01 1.176215682448732900e+06
2.879175496755989605e-01 1.373779536359236708e+01 1.000465291115010157e+06
2.979904067230627618e-01 1.358583645790314876e+01 8.472586869737415109e+05
3.084128635021070597e-01 1.344286474437224577e+01 7.218553554468351649e+05
3.191857343933213742e-01 1.331775459543012552e+01 6.137716243446674198e+05
3.303318597979230109e-01 1.318488909108927842e+01 5.232314456486810814e+05
3.418384342131943199e-01 1.307226051120076349e+01 4.452549312909429427e+05
3.537199068977452954e-01 1.297128825804000840e+01 3.784439175338400528e+05
3.659850615728191259e-01 1.287210363891973230e+01 3.227977970575407380e+05
3.786281404868934164e-01 1.277314617385424889e+01 2.753367867750958540e+05
3.916550378296567159e-01 1.269492832743450705e+01 2.341644997308428865e+05
4.050822982025355512e-01 1.261664626926558164e+01 1.995915184996383905e+05
4.188830794570905236e-01 1.254370641072722314e+01 1.702536406990301330e+05
4.330948368107325752e-01 1.247776886510958505e+01 1.454900246062684746e+05
4.477086794793551650e-01 1.241425702160666766e+01 1.241406887328720622e+05
4.627173813350814457e-01 1.235738354937859818e+01 1.058869493825271929e+05
4.781070610198095983e-01 1.230071776285552687e+01 9.075248857289635635e+04
4.938896607824233564e-01 1.225139039433208410e+01 7.748234252456204558e+04
5.100695541949383793e-01 1.220697357736584365e+01 6.626576877363816311e+04
5.266494336551450495e-01 1.216083903703733249e+01 5.675720548425687593e+04
5.436227163171680754e-01 1.212109710519973937e+01 4.867033817385037401e+04
5.609895187661435578e-01 1.208161247571504049e+01 4.170855144984642538e+04
5.787116983500506517e-01 1.204850499189837265e+01 3.545399200981632748e+04
5.967284382508052376e-01 1.201357190523253138e+01 3.043655391906022851e+04
6.148912199091657316e-01 1.198502034823638240e+01 2.645398471225967660e+04
6.334482074469942603e-01 1.195402710147241443e+01 2.279977745466706983e+04
6.524816307411404059e-01 1.192642760344858921e+01 1.963197735348380957e+04
6.720621361112629755e-01 1.189966028559550004e+01 1.690939166298753480e+04
6.923398817648307446e-01 1.187369842352855187e+01 1.452807943041775070e+04
7.133885202359646627e-01 1.185014966116137813e+01 1.246842077532697658e+04
7.351725752232182165e-01 1.182923215787858240e+01 1.067712482763020125e+04
7.578600594320572537e-01 1.180944086080715749e+01 9.126758818757507470e+03
7.814486354686460690e-01 1.179075381955739310e+01 7.802843960235552004e+03
8.059873004602691182e-01 1.177457918040032503e+01 6.594765972632380908e+03
8.314995391673717373e-01 1.176245236722408372e+01 5.653348966123936407e+03
8.580283586591312961e-01 1.175001530537506156e+01 4.813648341541233094e+03
8.855783071611939006e-01 1.173965020963332506e+01 4.087051721196406561e+03
9.141848071174892842e-01 1.173401525303579263e+01 3.463232619366326617e+03
9.438356525045030754e-01 1.172835659416114851e+01 2.936936054099233388e+03
9.745620071717080446e-01 1.172469794796525022e+01 2.484430543607219988e+03
1.006340372464703092e+00 1.172397222289745677e+01 2.102053415461441546e+03
1.039181443047996201e+00 1.172569027544177978e+01 1.777454341060252318e+03
1.073073855651729636e+00 1.172938116609356207e+01 1.504154996698996683e+03
1.107997831094041041e+00 1.173570536772751360e+01 1.268458002364730191e+03
1.143937152037732607e+00 1.174247408472762544e+01 1.073829500404310920e+03
1.180857915206878328e+00 1.175419358906276202e+01 9.068570098322197737e+02
1.218741362101297465e+00 1.176549598273346930e+01 7.665723785325279778e+02
1.256319013611072677e+00 1.177396576345248924e+01 6.511990595697236586e+02
1.292399361794996260e+00 1.178392715860679907e+01 5.578100501872295354e+02
1.327101790405618598e+00 1.179213171008803585e+01 4.819591387925411823e+02
1.360544356286107259e+00 1.179699932931997530e+01 4.180705774484986250e+02
1.392832822766433942e+00 1.179990181174906638e+01 3.644894364082228435e+02
1.424052011264978379e+00 1.180102125872893382e+01 3.194958316290704943e+02
1.454279474952485440e+00 1.179901224895230705e+01 2.809804404188644753e+02
1.483529192377563755e+00 1.179238335563722551e+01 2.480441660027603064e+02
1.511919560436717713e+00 1.178544401622275473e+01 2.194277935886743478e+02
1.539454649729912861e+00 1.177575452731416661e+01 1.945071008720416614e+02
1.566207527339080974e+00 1.176626110271745240e+01 1.721041574990895242e+02
1.592136664855123840e+00 1.174894151787960084e+01 1.540114865587324857e+02
1.617339391674430749e+00 1.173305341804283408e+01 1.374432943921325432e+02
1.641813275533336780e+00 1.171260006682392252e+01 1.228367115467006698e+02
1.665592205509434320e+00 1.169274722999549709e+01 1.099440629619253968e+02
1.688658907404454457e+00 1.166842497724577399e+01 9.864733820937918551e+01
1.711048318653918487e+00 1.164336737272551581e+01 8.854149666970968724e+01
1.732764525872713124e+00 1.161639039033930842e+01 7.962313157471584191e+01
1.753810571322442780e+00 1.158733371562187919e+01 7.139259489113318580e+01
1.774193629312395215e+00 1.155695086020744888e+01 6.462812945310865587e+01
1.793917436106528429e+00 1.152359083766124392e+01 5.835257652278639284e+01
1.812978793574825165e+00 1.148950705930502991e+01 5.271909358722759009e+01
1.831528367377838862e+00 1.145446073896028061e+01 4.762958290390135119e+01
1.849138276338829545e+00 1.141734526476410494e+01 4.302062005764648234e+01
1.866465838150426659e+00 1.137967969173653238e+01 3.893477468200221381e+01
1.882654622632550234e+00 1.133897172414765286e+01 3.556720882443764964e+01
1.898415898651467870e+00 1.129807058109097717e+01 3.233948818334079078e+01
1.913517940360241365e+00 1.125537045731925367e+01 2.941242352552623274e+01
1.927955463407571068e+00 1.121241751481259818e+01 2.679977188181159775e+01
1.941726299816473489e+00 1.116683941746337005e+01 2.441919662004540115e+01
1.954824580514785692e+00 1.112188204767502953e+01 2.231151715875568442e+01
1.967254392177839817e+00 1.107474659070286016e+01 2.038624990816792248e+01
1.979012376194087430e+00 1.102722575121197579e+01 1.866349586584771458e+01
1.990106312769527319e+00 1.097775379968518905e+01 1.704867905094019775e+01
2.000526043771385432e+00 1.092825126730192409e+01 1.569526730328087716e+01
2.010275450497553518e+00 1.087833338035280839e+01 1.442536324764781597e+01
2.019362630352521837e+00 1.082753003631666999e+01 1.326625086616562577e+01
2.027789692056423121e+00 1.077553749662679650e+01 1.223187494666363406e+01
2.035549294038278667e+00 1.072361252528293463e+01 1.124203112100451385e+01
2.042813065990055410e+00 1.067086319443317421e+01 1.040460754958689549e+01
2.049144428299120690e+00 1.061714394919053639e+01 9.621263959968505475e+00
2.054938075364829864e+00 1.056308537336264131e+01 8.918790736960195531e+00
2.060116098853295163e+00 1.050871949863895871e+01 8.246376893748085024e+00
2.064671056313565067e+00 1.045365904447674943e+01 7.680178489648293194e+00
2.068606916955393338e+00 1.039857675972487172e+01 7.142596002781670173e+00
2.071924021126507753e+00 1.034293304293447235e+01 6.626973818155636131e+00
