2.191799393465098389e-01 1.550982308316407554e+01 3.683535669800713658e+06
2.254590393351622035e-01 1.526611569442783178e+01 3.217647995367125142e+06
2.319486178142765309e-01 1.503785876797889998e+01 2.797112257699972484e+06
2.386513650040634482e-01 1.484006831079010880e+01 2.454126210393058602e+06
2.455758163049627518e-01 1.464167388709013906e+01 2.137959423608005978e+06
2.527126717598219829e-01 1.445361107402538359e+01 1.856631800632468425e+06
2.600757858446730020e-01 1.427116833682454100e+01 1.620133713307752507e+06
2.676693374162550376e-01 1.411198461893075695e+01 1.410214423855036497e+06
2.754995085543767153e-01 1.395891802310377905e+01 1.229832051860958338e+06
2.835664269133611470e-01 1.381440718562388525e+01 1.074730901786472183e+06
2.918792185324361466e-01 1.368244055337963871e+01 9.360712897270862013e+05
3.004250144752400598e-01 1.355417337489405405e+01 8.163672944965942297e+05
3.092155577161124214e-01 1.343884842867059426e+01 7.121216056361478986e+05
3.182737301612750813e-01 1.332067894723468982e+01 6.220288844730017008e+05
3.275810374540080172e-01 1.322407357887046686e+01 5.393344575074116001e+05
3.371352198442225667e-01 1.311782348732409531e+01 4.748581841381980339e+05
3.469597068252109895e-01 1.302680806755071785e+01 4.149128804681727779e+05
3.570582992941040423e-01 1.294310360183049902e+01 3.623308970590541721e+05
3.674065525248489950e-01 1.285237844615544844e+01 3.166835950720306719e+05
3.780427385426707865e-01 1.278282938794057344e+01 2.769150437713427818e+05
3.889359699791540836e-01 1.271041291756582936e+01 2.424539479325794091e+05
4.001134320823798163e-01 1.264376425975697593e+01 2.116736075802403211e+05
4.115627711642106945e-01 1.258158332530320500e+01 1.851741668333168782e+05
4.232878178191828433e-01 1.252354114798242968e+01 1.620151015626501758e+05
4.352999037530488335e-01 1.246614880309986795e+01 1.421315729887250636e+05
4.475927191432504393e-01 1.241360792751994957e+01 1.243006592594871763e+05
4.601710175337336284e-01 1.236465399204129056e+01 1.089287577477007580e+05
4.730062277594552778e-01 1.231676586698134557e+01 9.574767262194567593e+04
4.861213370847203286e-01 1.227486107868628018e+01 8.374661378658057947e+04
4.995210424220106749e-01 1.223617512785496686e+01 7.332888529409254261e+04
5.132000562246566977e-01 1.219553935567371639e+01 6.435878339244049130e+04
5.271584888783584777e-01 1.215819665217535217e+01 5.662999024229972565e+04
5.413945478898899433e-01 1.212634828466201853e+01 4.973040541650613159e+04
5.559072964361783109e-01 1.209298063834405212e+01 4.362294527209138323e+04
5.706755967703457388e-01 1.206249148457620102e+01 3.834624475469834579e+04
5.856394947672831641e-01 1.203323841867208088e+01 3.375130056013713329e+04
6.000869824807354425e-01 1.200891170518957196e+01 2.982273314492043573e+04
6.139353763484790560e-01 1.198081280007821725e+01 2.662792840554392751e+04
6.273942033472140745e-01 1.195686748100829000e+01 2.383636362001751695e+04
6.406108245403038248e-01 1.193010638682125979e+01 2.138926763514866616e+04
6.536736550686821356e-01 1.190303978750437075e+01 1.919979473631774454e+04
6.666986606448050967e-01 1.187913854438483696e+01 1.727696462509861885e+04
6.797419750704725150e-01 1.185276232000258645e+01 1.539902214203847325e+04
6.928525190520808952e-01 1.182281473751038625e+01 1.396733443104010985e+04
7.061397139669514100e-01 1.179445862317503035e+01 1.258099646719994053e+04
7.194985986962939561e-01 1.177032939583176052e+01 1.132351869810913195e+04
7.331363673678114035e-01 1.173996589301819782e+01 1.017430033368957811e+04
7.470199506302955816e-01 1.171041557069179895e+01 9.131119221799397565e+03
7.611719673755132920e-01 1.168412185656414337e+01 8.195999432773949593e+03
7.756439648321505897e-01 1.165805029872351994e+01 7.352572273776686416e+03
7.904491620684562792e-01 1.162448386347963414e+01 6.585042703030397206e+03
8.056069794199606227e-01 1.159871299658968802e+01 5.891824345407165310e+03
8.211307854750004021e-01 1.157096306274828734e+01 5.265374307610110009e+03
8.370503192601178588e-01 1.154440000441364589e+01 4.665420941083528305e+03
8.533717851207766047e-01 1.151586006626666325e+01 4.199347014811184636e+03
8.701129123683246647e-01 1.148763423995850630e+01 3.738606353529676653e+03
8.872752622371838926e-01 1.145922870665276072e+01 3.329816695869850719e+03
9.048675894137395703e-01 1.143489015425409328e+01 2.960946937232652544e+03
9.229049582217171421e-01 1.140890687643259760e+01 2.611095926770847655e+03
9.413753651351322027e-01 1.138259362239639394e+01 2.338808715801409107e+03
9.603354951905653802e-01 1.135814729377375087e+01 2.077163682930620780e+03
9.796441282787916593e-01 1.133557641314442677e+01 1.839372190079708162e+03
9.994468475494620030e-01 1.131180885939867409e+01 1.630996741299583391e+03
1.019685180184630502e+00 1.128873963535451530e+01 1.442920645296772364e+03
1.040354078480946409e+00 1.126677073966012443e+01 1.279689622312330357e+03
1.061445337382220799e+00 1.124376965037703791e+01 1.134959964924214091e+03
1.082952614253183565e+00 1.122453499451932402e+01 1.001880231719731796e+03
1.104858231406922187e+00 1.120794193194040211e+01 8.867010264725698789e+02
1.127155989546448467e+00 1.118655042679477241e+01 7.842698641360578904e+02
1.149837884076156502e+00 1.116573295039411562e+01 6.938816169990867593e+02
1.172868346093782543e+00 1.114565371547036854e+01 6.144073540411435488e+02
1.196240204756856995e+00 1.112914972944544267e+01 5.431546404378312900e+02
1.219941868828343656e+00 1.111119320430011648e+01 4.803846369352696684e+02
1.243938587317127586e+00 1.109694649953639534e+01 4.249724169218181942e+02
1.268213772953046270e+00 1.107664755400224443e+01 3.761455583327935983e+02
1.292753951099584242e+00 1.106317761074401851e+01 3.331358416743971702e+02
1.317522158897915796e+00 1.104542378166015659e+01 2.950425334105448769e+02
1.342500487776363327e+00 1.103086189715462595e+01 2.612179390105763446e+02
1.367658964483839279e+00 1.101462622109999145e+01 2.301555711455695246e+02
1.392965962241127453e+00 1.100070984228239901e+01 2.054794046783821102e+02
1.418402640022119243e+00 1.098469066072190081e+01 1.824121981193881652e+02
1.443934970092147108e+00 1.096992531067499854e+01 1.619204825087661561e+02
1.469527806650175128e+00 1.095586742591684626e+01 1.432946302776629182e+02
1.495167298609531237e+00 1.094159929190971248e+01 1.278595906223765297e+02
1.520805200293662951e+00 1.092656794793496644e+01 1.139706014257790514e+02
1.546422866118656536e+00 1.091289951267548730e+01 1.015816418391373759e+02
1.571982326791806717e+00 1.089819590368788127e+01 9.041671303805010496e+01
1.597386022079909873e+00 1.088402821365596829e+01 8.074135381318717464e+01
1.622485506211955864e+00 1.086874089556868661e+01 7.217036221824429276e+01
1.647245774941412666e+00 1.085430079584076424e+01 6.434636795828112099e+01
1.671655070393970988e+00 1.083819099160650090e+01 5.786879868008682593e+01
1.695674279352981539e+00 1.082256976075274402e+01 5.197089441930729947e+01
1.719319156657431957e+00 1.080596562507026981e+01 4.675562622143018388e+01
1.742539792568763568e+00 1.078942584590513221e+01 4.210057490127953628e+01
1.765301581123890573e+00 1.077241502630423042e+01 3.797251413540853804e+01
1.787611098627169159e+00 1.075546007814646110e+01 3.428134462642108105e+01
1.809459881288565830e+00 1.073616918973447731e+01 3.099820042012913746e+01
1.830871595273942498e+00 1.071777310273843042e+01 2.805665084927416686e+01
1.851704165763745413e+00 1.069779968150681704e+01 2.544620966943852736e+01
1.872042187696037141e+00 1.067770941116871697e+01 2.301668459429509639e+01
