2.191799393465098389e-01 1.550982308316407554e+01 3.683535669800713658e+06
2.255125479911737341e-01 1.527372632026684407e+01 3.207248351698769722e+06
2.320560674434335169e-01 1.503694607058886490e+01 2.806759059067837894e+06
2.388186935780955145e-01 1.482520788112671184e+01 2.435316767411869019e+06
2.458045040357697275e-01 1.462218281330033953e+01 2.114441351133240387e+06
2.530086488036158987e-01 1.443826089499499687e+01 1.843632744934194256e+06
2.604428106336394988e-01 1.425714636058951612e+01 1.608488506057691760e+06
2.681117182198236026e-01 1.409797251964039866e+01 1.400854101458802354e+06
2.760179882041771116e-01 1.394512745515646479e+01 1.220795873270117445e+06
2.841683668910148786e-01 1.380219519611002710e+01 1.061848954526551301e+06
2.925701876551019542e-01 1.366766581463883234e+01 9.264144585836080369e+05
3.012091818843887769e-01 1.353827968758015388e+01 8.079286304067432648e+05
3.101002748148768418e-01 1.341881428053680381e+01 7.041707109395825537e+05
3.192391037261432807e-01 1.331625203706830973e+01 6.138501069209851557e+05
3.286551915649607025e-01 1.320405986668158427e+01 5.356593244203627110e+05
3.383220199979431464e-01 1.311418070239937528e+01 4.664045372274099500e+05
3.482679506089486066e-01 1.301479497099212423e+01 4.036367955037057400e+05
3.584735543933278423e-01 1.293009869737912254e+01 3.560247901285917033e+05
3.689593394063855336e-01 1.285146566965636161e+01 3.082707604450149229e+05
3.797130081438001015e-01 1.277128260766791179e+01 2.709776903944748337e+05
3.907411796483057365e-01 1.269938870595705716e+01 2.352658908936291700e+05
4.020614494378886294e-01 1.263237051502980712e+01 2.070051152804931044e+05
4.136409783437431931e-01 1.256816485203704659e+01 1.809736407603020780e+05
4.255344994576092943e-01 1.251246981570376526e+01 1.581336867409740225e+05
4.376758023667287612e-01 1.245710777662998936e+01 1.383226288515390479e+05
4.501354202869953247e-01 1.240447268534666314e+01 1.207827896988622670e+05
4.628680432329914107e-01 1.235561532434358867e+01 1.059615170880565129e+05
4.758724229435191133e-01 1.231041447034012926e+01 9.255351981022089603e+04
4.891680504689728259e-01 1.226863455778931211e+01 8.118300349406232999e+04
5.027299631273308700e-01 1.222692371188828098e+01 7.110451129140882404e+04
5.165886261140675284e-01 1.218713871233160795e+01 6.240331620102278976e+04
5.307312967488455602e-01 1.215104175526122354e+01 5.466376351974600402e+04
5.451551523690779666e-01 1.211658436236976932e+01 4.807338464051816118e+04
5.598608222856429339e-01 1.208564558494724039e+01 4.212942702437772823e+04
5.748118228137305552e-01 1.205616795902035143e+01 3.697203020158797881e+04
5.899751727830859771e-01 1.202603602290671247e+01 3.255934642430351232e+04
6.050478068951675725e-01 1.199872081591628259e+01 2.869323777002228962e+04
6.201447786064192558e-01 1.197286822172595677e+01 2.534220203009015677e+04
6.353526662216414378e-01 1.194391205974374159e+01 2.248103835067510954e+04
6.507666337168723780e-01 1.192538263466742876e+01 1.986576252836143249e+04
6.664625103149590668e-01 1.190136091645448779e+01 1.758624324750561573e+04
6.825226345116609528e-01 1.187767281666870289e+01 1.555721377577042222e+04
6.989298639794834234e-01 1.185546849675916903e+01 1.374235299969914740e+04
7.158580083737126065e-01 1.183504305138176349e+01 1.212044244701067146e+04
7.331212919667614569e-01 1.181322668957539079e+01 1.069567491965675072e+04
7.509428716223747191e-01 1.179499365484281093e+01 9.433536224792034773e+03
7.691467852578245390e-01 1.177399151893543738e+01 8.313306887479353463e+03
7.872658008894927173e-01 1.175816609348986574e+01 7.351282472472176778e+03
8.053115798172274520e-01 1.173885150214570139e+01 6.509127088127831485e+03
8.233330757176345882e-01 1.171995229342391909e+01 5.776575633204185579e+03
8.413967668193191862e-01 1.170437274465338540e+01 5.133864565579878217e+03
8.594896743310400655e-01 1.168698567025305479e+01 4.565253670529322335e+03
8.776615135066789808e-01 1.166821063512056966e+01 4.064143831116845831e+03
8.959731026475121762e-01 1.165209063880816309e+01 3.620164496925618096e+03
9.144101067235382851e-01 1.163424487398017959e+01 3.223401541138399352e+03
9.329946065310422698e-01 1.161614121038311609e+01 2.873358736277555636e+03
9.517633363214471620e-01 1.159829860109635113e+01 2.542869401160822235e+03
9.707309005025089865e-01 1.158432542695209477e+01 2.266005615933350327e+03
9.898978154711260968e-01 1.156147055251921074e+01 2.021233855038464526e+03
1.009270088160161727e+00 1.154457599996132977e+01 1.814769284092464204e+03
1.028875643746506530e+00 1.152468285309242724e+01 1.619450223573112680e+03
1.048697627411037114e+00 1.150560705902607417e+01 1.444273955380444704e+03
1.068741735835115447e+00 1.148606621996859545e+01 1.287895316646534638e+03
1.089031712586057354e+00 1.146799130338914630e+01 1.140378233649712911e+03
1.109647172041163810e+00 1.144984015270269495e+01 1.022334429431503622e+03
1.130267269589386059e+00 1.143395179964920949e+01 9.123741895378893787e+02
1.151228723554404532e+00 1.141169549329811161e+01 8.131297184705445034e+02
1.172399890657151555e+00 1.139603050234047465e+01 7.254588276975023291e+02
1.193786963638068466e+00 1.137274288205285977e+01 6.473362239216522767e+02
1.215355221053764367e+00 1.135445044631261524e+01 5.761700449167136640e+02
1.237121694449099030e+00 1.133626131149592453e+01 5.143317942525563922e+02
1.259136450648443484e+00 1.131620292603473388e+01 4.582626337701237276e+02
1.281229921494569712e+00 1.129665396160452850e+01 4.088711971800581750e+02
1.303419090216145770e+00 1.127959735417846154e+01 3.628615112684101973e+02
1.325778407976173412e+00 1.126027649046110568e+01 3.259238311025516737e+02
1.348263464584216864e+00 1.123733703022394792e+01 2.893816617158988151e+02
1.370896762959478155e+00 1.122057136370570163e+01 2.596015010581434126e+02
1.393491695609931691e+00 1.119657955884525613e+01 2.323598812860084024e+02
1.416194614441583122e+00 1.117692348341729591e+01 2.077852053585794465e+02
1.438928839398986748e+00 1.115727007752269095e+01 1.846717007624033613e+02
1.461668271525200513e+00 1.113703306973385843e+01 1.653944896291613702e+02
1.484393010472710328e+00 1.111600330353937949e+01 1.483374981177651932e+02
1.507163275667306124e+00 1.109828798280228135e+01 1.328792742603333181e+02
1.529719187168502748e+00 1.107451899120531635e+01 1.193950460803637128e+02
1.552256708311037237e+00 1.105219008469659236e+01 1.067362978664891386e+02
1.574696644692798797e+00 1.103108599238755616e+01 9.615514310970212364e+01
1.596999117491986420e+00 1.100861286342211365e+01 8.645799300668947751e+01
1.619211668672427162e+00 1.098721424305493244e+01 7.738318777969656992e+01
1.641173728862064030e+00 1.096451113621515994e+01 6.960319925821444542e+01
1.662861885036743592e+00 1.094125187788402087e+01 6.298165569377710682e+01
1.684391881681988501e+00 1.091793915771467738e+01 5.661028539078500188e+01
1.705670846374709448e+00 1.089462646349248054e+01 5.113901227377132841e+01
1.726671343522897528e+00 1.087145885643873733e+01 4.598744965797664008e+01
1.747367795318142791e+00 1.084687510688900325e+01 4.170634114243885193e+01
1.767750816849282369e+00 1.082221624171187280e+01 3.775776359138049543e+01
1.787788796006980707e+00 1.079676642740071735e+01 3.405799192058255898e+01
1.807465052387918769e+00 1.077156247385337018e+01 3.095847244355785222e+01
1.826762621277668197e+00 1.074605148316068792e+01 2.808878276347726910e+01
1.845656365145258215e+00 1.071934752246990641e+01 2.553003538501829439e+01
1.864134178597462332e+00 1.069377508823826517e+01 2.320323040111962243e+01
