2.191799393465098389e-01 1.550982308316407554e+01 3.683535669800713658e+06
2.259289112336358707e-01 1.525106526074139879e+01 3.182851267987678759e+06
2.329026610904249839e-01 1.501900268811655437e+01 2.757999645926903933e+06
2.401293493586683647e-01 1.477996601257674314e+01 2.367520077308789827e+06
2.476038132212884102e-01 1.457738503544847042e+01 2.042872277812807588e+06
2.553322110712719084e-01 1.438866863562209986e+01 1.763414598158997484e+06
2.633230281813231932e-01 1.420244428445244367e+01 1.522363058511542622e+06
2.715790342683039316e-01 1.403116980984007256e+01 1.317706606311174110e+06
2.801069880995535333e-01 1.387147446001763207e+01 1.138608709742098581e+06
2.889115698295319778e-01 1.372217247160576292e+01 9.838256281100043561e+05
2.979931144826287737e-01 1.358658715596290456e+01 8.472000308026316343e+05
3.073510639200516814e-01 1.345811396494042889e+01 7.344623736345238285e+05
3.170131486954498867e-01 1.333818661268497863e+01 6.336746851517393952e+05
3.269563609086369449e-01 1.322590555648973698e+01 5.491382129415154923e+05
3.371928033973170535e-01 1.311918094791328393e+01 4.747303105073376792e+05
3.477368517106733670e-01 1.302350783694109637e+01 4.058923545162503142e+05
3.585863910650341491e-01 1.292907499560533324e+01 3.552700026932512992e+05
3.697383991116360846e-01 1.284293902195638459e+01 3.074460167466240819e+05
3.812243168904900781e-01 1.276014000228776091e+01 2.660407756409298745e+05
3.929870961443818200e-01 1.268567337348938295e+01 2.305720760259396047e+05
4.050892590891136402e-01 1.261755732444415834e+01 1.994098567960975051e+05
4.174988354912338440e-01 1.255048921231518300e+01 1.729922589236568019e+05
4.302293175181495233e-01 1.249156877188032944e+01 1.498212517128510808e+05
4.432864258570221594e-01 1.243215002810962844e+01 1.290549063714983058e+05
4.566616103690339101e-01 1.237759806678267260e+01 1.130490530726640427e+05
4.703698199488441367e-01 1.232628276394671296e+01 9.790951302616813336e+04
4.843704767932424105e-01 1.228079613681391713e+01 8.512636788964331208e+04
4.987115574188694667e-01 1.223837217726401860e+01 7.395434415783887380e+04
5.133659900778264618e-01 1.219548938414045125e+01 6.430384956149464415e+04
5.283420131398882669e-01 1.215861779663111619e+01 5.586958133728776738e+04
5.436364572469752909e-01 1.212020168681702259e+01 4.866624303810104902e+04
5.592496558031483378e-01 1.208671813688509111e+01 4.229528903221021028e+04
5.751438910105667324e-01 1.205363175053382996e+01 3.696413339141735196e+04
5.913846639908583169e-01 1.202341723204631307e+01 3.217154475951949280e+04
6.080183072122735677e-01 1.199607144176368578e+01 2.799870091355235127e+04
6.251406271926688296e-01 1.196951785947852542e+01 2.436808048847981263e+04
6.428745114009781769e-01 1.194330054267559404e+01 2.121635453457631229e+04
6.612252247582500742e-01 1.191894762625332227e+01 1.842342614170088927e+04
6.803261086618854758e-01 1.189739073463517016e+01 1.596806293346684470e+04
7.001759481832312559e-01 1.187854594339417069e+01 1.382725792041241402e+04
7.208480236235113026e-01 1.186047628508393537e+01 1.195668073633980384e+04
7.423720572723651046e-01 1.184471419035859263e+01 1.031050261267729002e+04
7.647852920698754442e-01 1.183137696019495522e+01 8.883028185316561576e+03
7.881261339200604787e-01 1.181967234337876960e+01 7.586553403616898322e+03
8.124001931254313247e-01 1.181040533370667589e+01 6.564560097894604041e+03
8.376431444875855892e-01 1.180507931421661105e+01 5.624374107209919202e+03
8.638732181234661800e-01 1.180058611413365277e+01 4.821683805314166420e+03
8.911037039953251249e-01 1.179968999916624028e+01 4.128497607306986538e+03
9.193482956102078107e-01 1.180046186839521205e+01 3.499573486704338393e+03
9.486042525180793383e-01 1.180475900525668997e+01 3.013696514621019560e+03
9.777813438940623492e-01 1.180774086568053782e+01 2.589376604466802291e+03
1.006301349843339521e+00 1.181301580652195504e+01 2.237439560673851247e+03
1.034230545874036622e+00 1.181775542249915567e+01 1.941826706957078613e+03
1.061666016502109677e+00 1.182152443807388309e+01 1.695169242517194107e+03
1.088680444131580494e+00 1.182467804506588926e+01 1.483452008676766809e+03
1.115326414553320156e+00 1.182583876596796912e+01 1.302387281877635587e+03
1.141641739744019057e+00 1.183045376316965580e+01 1.146522306326372018e+03
1.167676270618599021e+00 1.182764428440182591e+01 1.011129481531504894e+03
1.193430969579595269e+00 1.182315645702309759e+01 8.943532763629590363e+02
1.218975105732496678e+00 1.182019844727706293e+01 7.918622390149710100e+02
1.244315266164817357e+00 1.181640400679564351e+01 7.018097568906254082e+02
1.269484319922789206e+00 1.180987779150825823e+01 6.232958718340493078e+02
1.294456706282434144e+00 1.180454710353890135e+01 5.542023871769994230e+02
1.319296342027963087e+00 1.179344039222099916e+01 4.930528587876307824e+02
1.343961255298788959e+00 1.178491006485234749e+01 4.393013393045292219e+02
1.368499961242856999e+00 1.177756300340079676e+01 3.913566553137779351e+02
1.392872900535224279e+00 1.176323716401746999e+01 3.477078445724502558e+02
1.417120039711400326e+00 1.175078077394062781e+01 3.121220588733087880e+02
1.441209391301627507e+00 1.173611114554577561e+01 2.788481733730604901e+02
1.465143844044234367e+00 1.172176880332078852e+01 2.479933685534023198e+02
1.488922297320497634e+00 1.170631256671539688e+01 2.231912544208529994e+02
1.512517894449698197e+00 1.168857225664520705e+01 1.996487581553722634e+02
1.535950269793553202e+00 1.167062741664444481e+01 1.790989659376477903e+02
1.559166708519618361e+00 1.165169563869478253e+01 1.606402296873650073e+02
1.582203240737134475e+00 1.163086231151379302e+01 1.440940908261131312e+02
1.605012791144199813e+00 1.160997287495800023e+01 1.293891164555572573e+02
1.627586969938134231e+00 1.158840863779998287e+01 1.157583825292887241e+02
1.649912336612485264e+00 1.156549700016716464e+01 1.046749246559258779e+02
1.671968582697691108e+00 1.154105929581319323e+01 9.366201486291788569e+01
1.693745563836889234e+00 1.151671217618921084e+01 8.479567581857448033e+01
1.715223354438388803e+00 1.149154575964813318e+01 7.641803509363964508e+01
1.736375726369787209e+00 1.146570793770353625e+01 6.861370566212175959e+01
1.757199907872340372e+00 1.143753044171829991e+01 6.221192760901902119e+01
1.777693010838780951e+00 1.140920841484110149e+01 5.619408971724100610e+01
1.797762012326567627e+00 1.138066041337239476e+01 5.081230736758507049e+01
1.817468571490661988e+00 1.135066332404437794e+01 4.579825198474146930e+01
1.836761083078963352e+00 1.132027011410632156e+01 4.167579221886885676e+01
1.855636905640641432e+00 1.128947914747305603e+01 3.775201601949551389e+01
1.874075932658031185e+00 1.125725965639279558e+01 3.426817779713575618e+01
1.892053472712259765e+00 1.122491168208715884e+01 3.114578469619010193e+01
1.909565261546209758e+00 1.119171377420335034e+01 2.831319522267795108e+01
1.926583423297973940e+00 1.115764874263411777e+01 2.578068528490398492e+01
1.943107854581097804e+00 1.112280472083546456e+01 2.348869625972243824e+01
1.959116797884369099e+00 1.108768090227187386e+01 2.134704392689999963e+01
1.974609289803882062e+00 1.105132586006654805e+01 1.957754471971184529e+01
1.989561516234056082e+00 1.101499887825578838e+01 1.789441138271733678e+01
2.003971787105001123e+00 1.097783801555254968e+01 1.637320253640800516e+01
2.017828905579156729e+00 1.093932169227863760e+01 1.500768714032144047e+01
2.031124294760977111e+00 1.090201107094200594e+01 1.377258611071090577e+01
2.043853332218238616e+00 1.086220954739565236e+01 1.264965410944236446e+01
