2.191799393465098389e-01 1.550982308316407554e+01 3.683535669800713658e+06
2.270335312812404582e-01 1.521336258721588131e+01 3.111050153266849462e+06
2.352111077641066972e-01 1.495094650657424040e+01 2.633087129177266732e+06
2.437325821125195247e-01 1.467936578130709790e+01 2.203522171935501508e+06
2.525807885932848662e-01 1.444297211709060491e+01 1.859021629558166722e+06
2.617818480820406357e-01 1.422951913806860702e+01 1.570841561671870528e+06
2.713424075764369614e-01 1.403524806750195175e+01 1.325886726678274339e+06
2.812679827589548154e-01 1.385029437543839848e+01 1.116154829986947123e+06
2.915720431944819335e-01 1.368306074260371297e+01 9.390486419245961588e+05
3.022364988618377879e-01 1.353217956024682955e+01 7.936261552759523038e+05
3.133035733410630130e-01 1.338151984209495637e+01 6.709236934836427681e+05
3.247593529101296950e-01 1.324564882429645962e+01 5.649648093230078230e+05
3.366057343474712638e-01 1.312744331040257606e+01 4.780836807976259151e+05
3.488651316232541655e-01 1.300768687036922344e+01 4.045635674332310446e+05
3.615370622742635209e-01 1.290805001407638741e+01 3.416129103806741768e+05
3.746229436369926113e-01 1.280643003608993880e+01 2.888738614628610667e+05
3.881344754077648562e-01 1.271779982525065478e+01 2.441039594546598673e+05
4.020774774479726199e-01 1.263393139149784439e+01 2.069563990138674271e+05
4.164300275628923242e-01 1.255788072596523186e+01 1.749134877567227231e+05
4.312243967250473098e-01 1.248593697307203421e+01 1.483198202997304616e+05
4.464600884643188383e-01 1.241765846515765404e+01 1.258050054461527034e+05
4.621344045434962466e-01 1.235833098709239053e+01 1.067673112135926058e+05
4.782225574734462192e-01 1.230224612140860252e+01 9.045556747242284473e+04
4.947400954704535003e-01 1.224836764171578452e+01 7.686047624777398596e+04
5.116930094363431047e-01 1.219972834386871163e+01 6.527969610780740186e+04
5.290824118640425899e-01 1.215568204805830277e+01 5.557369213321928692e+04
5.469019479984273957e-01 1.211255229150330770e+01 4.718083936550924409e+04
5.651521053989837506e-01 1.207281789179846498e+01 4.024917602522164816e+04
5.837406267800109294e-01 1.203861915963458529e+01 3.426464906114001496e+04
6.013572477196740262e-01 1.200513070691348183e+01 2.954379800799521763e+04
6.176699863511200261e-01 1.197258179503027087e+01 2.580302659076512282e+04
6.330982570406882282e-01 1.194005270038308275e+01 2.262805409692701141e+04
6.479555689138929431e-01 1.190740437145667840e+01 1.999205613726531737e+04
6.624355701800926921e-01 1.187216353425206350e+01 1.770873082630999124e+04
6.767118639133417046e-01 1.183511540000560913e+01 1.572447507423649404e+04
6.909137935236041583e-01 1.179993416480158963e+01 1.393591257490239877e+04
7.051472539443290888e-01 1.176212661230575485e+01 1.235575156336430882e+04
7.195065262876102485e-01 1.172026375881015348e+01 1.095405757967182399e+04
7.340603291992140456e-01 1.168042215968550401e+01 9.697710024942907694e+03
7.488861517817144708e-01 1.163928367997104196e+01 8.588368045702567542e+03
7.640182653333745799e-01 1.159768323607129581e+01 7.582097662652020517e+03
7.795285998312335707e-01 1.155390231436664550e+01 6.683097593905716167e+03
7.954423474593703691e-01 1.150995528161567449e+01 5.892623831858265476e+03
8.117939509120484232e-01 1.146420419855537887e+01 5.180592164751325981e+03
8.286257190884919188e-01 1.142272604569850181e+01 4.544919037365480108e+03
8.459513672544314300e-01 1.137891334148576838e+01 3.987122008462730719e+03
8.638019444309058548e-01 1.133578868337855106e+01 3.480537739195379800e+03
8.821877072305038814e-01 1.129248617024211399e+01 3.047101169348564781e+03
9.011274747765078974e-01 1.125008778657217512e+01 2.653205254598606189e+03
9.206658009993188285e-01 1.120772836224010405e+01 2.312001458436101530e+03
9.406756572718902865e-01 1.116892761959619129e+01 2.011572858826631318e+03
9.612891809188033321e-01 1.112334622360392267e+01 1.749737029224512071e+03
9.824625393071722002e-01 1.108375197063478801e+01 1.516874646156367135e+03
1.004180565934813085e+00 1.104432092787803121e+01 1.316500508262249923e+03
1.026432365823847226e+00 1.100882706259019805e+01 1.140731940723630942e+03
1.049213435916444892e+00 1.096602574675620723e+01 9.880525978580799347e+02
1.072494413874238717e+00 1.092757477655617926e+01 8.553329337791820990e+02
1.096254996232652879e+00 1.089205140547975681e+01 7.397912004906402217e+02
1.120475516214239464e+00 1.085986933411880173e+01 6.365458490678714725e+02
1.145118106213867115e+00 1.082432031515141446e+01 5.536183418562354746e+02
1.170157620789608055e+00 1.078622096115214113e+01 4.789226103151372058e+02
1.195565864045156523e+00 1.075229722265170551e+01 4.141766259211843249e+02
1.221294416059178767e+00 1.071890207786691107e+01 3.570248367135776562e+02
1.247304426722620541e+00 1.068532105420707978e+01 3.091368826605840923e+02
1.273558480170237095e+00 1.065301913027361103e+01 2.689761889175641727e+02
1.300020233735518671e+00 1.062260769758277235e+01 2.331604897328815298e+02
1.326634668760807489e+00 1.059074903863645645e+01 2.022208476988774066e+02
1.353357096273192006e+00 1.055987501126874584e+01 1.755579238448443675e+02
1.380145554082114812e+00 1.053073107923807505e+01 1.525193984330662715e+02
1.406949441151149838e+00 1.049948287277689829e+01 1.326812975808716430e+02
1.433716543965350310e+00 1.046820759344362273e+01 1.149994570152350235e+02
1.460397759272038298e+00 1.043787501846086663e+01 1.007929332955479822e+02
1.486948479997741490e+00 1.040784288331130547e+01 8.792459588594743991e+01
1.513314407821533480e+00 1.037776745073748863e+01 7.672866858466242945e+01
1.539452228770220144e+00 1.034777025998586453e+01 6.714899764317713959e+01
1.565310303337452691e+00 1.031766188972854970e+01 5.880255327747958205e+01
1.590837267180185588e+00 1.028690827536921759e+01 5.148695486440211511e+01
1.615992336904059634e+00 1.025640582434652259e+01 4.519672106782685717e+01
1.640738465701810478e+00 1.022668146873536799e+01 3.978415271921271312e+01
1.665020005043342577e+00 1.019490243528128381e+01 3.519327595005338338e+01
1.688800171745139744e+00 1.016370321633872997e+01 3.106444397413596903e+01
1.711947404302228026e+00 1.013115885837513019e+01 2.741678713043517845e+01
1.733910757476262443e+00 1.009967864995691578e+01 2.441263738988484633e+01
1.754569686329489286e+00 1.006727701396147800e+01 2.180138182757009346e+01
1.773946287870506122e+00 1.003384890890484549e+01 1.952164558374665049e+01
1.792046377991682204e+00 9.999042413704756882e+00 1.755319211762808962e+01
1.808922698640503368e+00 9.963185975645775017e+00 1.583304341278127580e+01
1.824577655040325208e+00 9.926728044501967219e+00 1.432982038115668466e+01
1.839096706064445419e+00 9.888831551211668014e+00 1.299774138402651502e+01
1.852434084813876725e+00 9.849779258604916876e+00 1.182806848553645906e+01
1.864704174900993383e+00 9.810294851770684943e+00 1.079731940184504069e+01
1.875892910546262726e+00 9.768968401434296567e+00 9.850901867128387224e+00
1.886046773863593984e+00 9.726643792818123302e+00 9.025714877505302880e+00
1.895207963065808521e+00 9.683943500611963628e+00 8.307386761492717042e+00
1.903411306819175586e+00 9.639377548569088461e+00 7.640059664378250126e+00
1.910671328889930409e+00 9.594956254817134322e+00 7.054666504682562511e+00
1.917035300996730474e+00 9.549808128946335017e+00 6.541454589676751752e+00
1.922528478957553855e+00 9.502867730598007157e+00 6.064859841445207067e+00
1.927313152171434618e+00 9.456208737879114423e+00 5.614106144946740429e+00
1.931012529281201928e+00 9.408349287492036694e+00 5.234254771198268763e+00
