2.191799393465098389e-01 1.550982308316407554e+01 3.683535669800713658e+06
2.255369908174740534e-01 1.526491202725092045e+01 3.206108758083309513e+06
2.321061458570071179e-01 1.506603512385872179e+01 2.786503543444345240e+06
2.388948001223140938e-01 1.482409829371753318e+01 2.438859320016521495e+06
2.459104075084309060e-01 1.461778382620828332e+01 2.111155012697088066e+06
2.531324096186565731e-01 1.442842003274923002e+01 1.828145580803731689e+06
2.606120631958002143e-01 1.426422984897448032e+01 1.602543222373776371e+06
2.683146885797343395e-01 1.409559369178947996e+01 1.400842494778611232e+06
2.762573003455485177e-01 1.394315505929535881e+01 1.216633892164743273e+06
2.844455015325827452e-01 1.379744952821158321e+01 1.057594488304512110e+06
2.928897406699738637e-01 1.365931071192616031e+01 9.214188712746828096e+05
3.015717289566757775e-01 1.353628956473381528e+01 8.042667652418498183e+05
3.105006825844440765e-01 1.341679902627583587e+01 7.004907443200735142e+05
3.196918139898891620e-01 1.330646711808798877e+01 6.108722818385537248e+05
3.291512312778449578e-01 1.319665554972900168e+01 5.321486201214052271e+05
3.388699715910523103e-01 1.310096251676335655e+01 4.644701907206405303e+05
3.488621035767358602e-01 1.300964895093554752e+01 4.046674613983047893e+05
3.591263450117017642e-01 1.291670014962031132e+01 3.528151740433546365e+05
3.696629891676478930e-01 1.284150357626853634e+01 3.076292257010976900e+05
3.804775530476496859e-01 1.276847243374471752e+01 2.688676025004253606e+05
3.915729066804407577e-01 1.269192347410016808e+01 2.348775265869388822e+05
4.029731520337854200e-01 1.262787770449678604e+01 2.044488184235439112e+05
4.146044494645005352e-01 1.256565443202935839e+01 1.790169565226659179e+05
4.265588036517369841e-01 1.252013652410451705e+01 1.561714488840697159e+05
4.387740778997700208e-01 1.244389543289068456e+01 1.368181919528372819e+05
4.513020936687194840e-01 1.240014472570399562e+01 1.196379831157259032e+05
4.641147569417782837e-01 1.235255741158782961e+01 1.045072319146283262e+05
4.771974982238866292e-01 1.230509319421454606e+01 9.143290342668248923e+04
4.905676641531274695e-01 1.226176961095585760e+01 8.009707278204623435e+04
5.042138278391656847e-01 1.221915629248211843e+01 7.025936838825010636e+04
5.181555743169696804e-01 1.218370270298530755e+01 6.149974714306314127e+04
5.323828244256539888e-01 1.214617344681310307e+01 5.387347488229860755e+04
5.468938031621473073e-01 1.211261306860289721e+01 4.718236895304477366e+04
5.616886471041883100e-01 1.208141697045199692e+01 4.137950220608981181e+04
5.767261458301792265e-01 1.205111577755048202e+01 3.643255296160182479e+04
5.917851382812076011e-01 1.202309926892533021e+01 3.206433796790803899e+04
6.062926635908078010e-01 1.199695207939024399e+01 2.841549034447885060e+04
6.203907491219643466e-01 1.196986448484794074e+01 2.527029420208621377e+04
6.342322799724685600e-01 1.194531540841055595e+01 2.255383182099265832e+04
6.479872455108300899e-01 1.191932345337081678e+01 2.014054778658227588e+04
6.616885264961535063e-01 1.189369063473582955e+01 1.786360293174739490e+04
6.754455328710888828e-01 1.186670283892978617e+01 1.616565562782566303e+04
6.893310505316249115e-01 1.183987470907067951e+01 1.447188193560097716e+04
7.033558087977993534e-01 1.181390368342127495e+01 1.295963928319404476e+04
7.176148160234065987e-01 1.178746853423533025e+01 1.161028791592428388e+04
7.321327709191788324e-01 1.176231418070396373e+01 1.036955406298390335e+04
7.469532787322942236e-01 1.173310908982572265e+01 9.281199349333008286e+03
7.621825972591971254e-01 1.170659933068349012e+01 8.277747336160331542e+03
7.775745487810384882e-01 1.168018287261032739e+01 7.406580482790411224e+03
7.934560312556891981e-01 1.165252156275989037e+01 6.592172599710812392e+03
8.097348523084467731e-01 1.162714682072734895e+01 5.868146500171020307e+03
8.264398722545490683e-01 1.159915789635808281e+01 5.213835560439770234e+03
8.435783548667744602e-01 1.157755388100221694e+01 4.635406680352008152e+03
8.611714018026545014e-01 1.154971804546286407e+01 4.116797825524652580e+03
8.792353586001129262e-01 1.152702963375947753e+01 3.654645029148878621e+03
8.977764901814115905e-01 1.150954478970090733e+01 3.234587923150322240e+03
9.167965921210430302e-01 1.147969589962757198e+01 2.858414152188913249e+03
9.363076397560630149e-01 1.146180329682072063e+01 2.511997733736487135e+03
9.563049360520756714e-01 1.143596798914306412e+01 2.237245545816744198e+03
9.767959229297666912e-01 1.141598833494595766e+01 1.976935998756323215e+03
9.977813876764436429e-01 1.139446028524922738e+01 1.745598649610687744e+03
1.019248586586863459e+00 1.137964990275989408e+01 1.528165862800358127e+03
1.041197395185019525e+00 1.136029422111193909e+01 1.356983698452317412e+03
1.063626761521646591e+00 1.134119692841677107e+01 1.195221271999591181e+03
1.086509638156083923e+00 1.132146863023093353e+01 1.050299207793134883e+03
1.109851071881083007e+00 1.130433657421899341e+01 9.291341178376576408e+02
1.133633298662841682e+00 1.128774926906409348e+01 8.130669189912435968e+02
1.157836591357003009e+00 1.127212230699417184e+01 7.215784537609130211e+02
1.182448217768776511e+00 1.125804121812286773e+01 6.353812846150348150e+02
1.207452237995846112e+00 1.124272822705716912e+01 5.594232094329237270e+02
1.232819104644827579e+00 1.123260969724174707e+01 4.929770639724368948e+02
1.258528050049916747e+00 1.122063033938954568e+01 4.323549762805995442e+02
1.284460942005423822e+00 1.120470345266943646e+01 3.833550654273139457e+02
1.310308599767892712e+00 1.119135698722523031e+01 3.369447623060437991e+02
1.336038994621715936e+00 1.117965940625059851e+01 2.978417167036747060e+02
1.361617274052840942e+00 1.116825651586865220e+01 2.654547509106796497e+02
1.387047530201611645e+00 1.115507062398684646e+01 2.362789525703266804e+02
1.412316593319749458e+00 1.114276477221876327e+01 2.100581832156738926e+02
1.437405551551876215e+00 1.112912897091219833e+01 1.861378083743500724e+02
1.462285607479642646e+00 1.111598932610949042e+01 1.665594849073608827e+02
1.486954328225990496e+00 1.110239496618388166e+01 1.488733424701769650e+02
1.511414833305329664e+00 1.108707550788415830e+01 1.331838069973950667e+02
1.535634242882003786e+00 1.107127698767004631e+01 1.191151232452996567e+02
1.559601184908720573e+00 1.105618676185395799e+01 1.067535551931996167e+02
1.583301500936629358e+00 1.104050018074174666e+01 9.581532932938195302e+01
1.606731231203374355e+00 1.102277516222365605e+01 8.594027037887767051e+01
1.629811235123984847e+00 1.100469786844197273e+01 7.733740234514516487e+01
1.652604140892266482e+00 1.098689182518245744e+01 6.964264480623644715e+01
1.675058552126438061e+00 1.096812077947513231e+01 6.272304894373979067e+01
1.697167924403879979e+00 1.094853266025273619e+01 5.656888926603961210e+01
1.718912174105840629e+00 1.092878474111282294e+01 5.102046833522584279e+01
1.740265823081431629e+00 1.090823441441406594e+01 4.616709491644523666e+01
1.761233838501324422e+00 1.088699620915143029e+01 4.174087200645918472e+01
1.781775859529583173e+00 1.086497072312253032e+01 3.785853395932349486e+01
1.801905986810808491e+00 1.084248317283694973e+01 3.431967520523489412e+01
1.821659097506187042e+00 1.081887214574118161e+01 3.116628228454304761e+01
1.840781989934111129e+00 1.079494680659638917e+01 2.823075696334619167e+01
1.859536055405389909e+00 1.077032815902872898e+01 2.578617481145835555e+01
1.877806300195909550e+00 1.074486630310326518e+01 2.348504047724535937e+01
1.895591502346357871e+00 1.071914908612481199e+01 2.140930619233013132e+01
