2.191799393465098389e-01 1.550982308316407554e+01 3.683535669800713658e+06
2.274828916812885460e-01 1.520994290624005885e+01 3.088753632141487673e+06
2.361537447299859038e-01 1.490704181260023908e+01 2.575374912126665935e+06
2.451935366189458565e-01 1.464307499278549152e+01 2.142666021767570172e+06
2.546109300227676342e-01 1.441927518909826844e+01 1.799290949814902619e+06
2.644218988685090310e-01 1.417718673078224789e+01 1.496158122389264638e+06
2.746349007220018623e-01 1.397322318864520696e+01 1.247823178109705215e+06
2.852609351032812657e-01 1.378477019534709669e+01 1.042842406891719555e+06
2.962978251423011300e-01 1.361091834756571117e+01 8.721017784254392609e+05
3.077698347507170640e-01 1.345272303644542156e+01 7.308531058513013413e+05
3.196632264020661252e-01 1.330993836251966833e+01 6.101235735708922148e+05
3.320063077016167652e-01 1.316969448732728587e+01 5.103769786426128121e+05
3.447965702833898916e-01 1.304736231214083908e+01 4.269230080969558330e+05
3.580499648167222437e-01 1.293425132292490431e+01 3.585448697774481843e+05
3.717467818357313991e-01 1.282799491758457933e+01 2.980076756210619933e+05
3.859438179948276315e-01 1.272938227141033352e+01 2.510065420675390633e+05
4.005966434653590036e-01 1.264222949958215203e+01 2.102431559874425293e+05
4.157296492845952152e-01 1.255964969388480412e+01 1.767357685474293248e+05
4.313407028843434521e-01 1.248429032637744562e+01 1.483346943342371378e+05
4.474476932725702238e-01 1.241740490170639788e+01 1.244147666874386050e+05
4.640358481889998443e-01 1.235122099007104168e+01 1.044885598683629360e+05
4.810797050171504163e-01 1.228646890358690946e+01 8.799725420564040542e+04
4.986269017445920659e-01 1.223761583789306329e+01 7.396813422697337228e+04
5.166503557825969928e-01 1.218885122152884115e+01 6.229077646636153077e+04
5.351570797295204240e-01 1.214000885496260551e+01 5.256904155849323433e+04
5.541428500227645326e-01 1.209778176274132200e+01 4.429431300113105681e+04
5.735749244130583513e-01 1.205578301572808009e+01 3.742828184681922721e+04
5.932538719394917504e-01 1.202038619021834798e+01 3.162026308531429095e+04
6.125880189848028623e-01 1.198516079986094773e+01 2.699090022485354712e+04
6.318032093635965740e-01 1.195325031998824628e+01 2.306905874738101193e+04
6.510824606301151007e-01 1.192126060206033422e+01 1.975791315400545136e+04
6.706769094575777412e-01 1.188963004458621597e+01 1.693126737464586404e+04
6.906997952819230457e-01 1.185722859366569182e+01 1.437931367726768258e+04
7.112659763764019871e-01 1.182556083611221887e+01 1.242661056303181613e+04
7.324558969834127353e-01 1.179877244633131816e+01 1.062457079315756164e+04
7.543647344743936722e-01 1.176824341155545106e+01 9.077024679842419573e+03
7.770647192187566388e-01 1.174051090855573243e+01 7.729463446948192541e+03
8.006271440454942878e-01 1.171506653197392822e+01 6.574106128999786051e+03
8.250117415645471519e-01 1.168833471385809730e+01 5.584698810683353258e+03
8.503613196358734694e-01 1.166412885606971095e+01 4.739076769659852289e+03
8.766765432743354181e-01 1.163982852702521598e+01 4.010389922778860182e+03
9.039643488997944898e-01 1.161873601874530593e+01 3.391116646953560576e+03
9.322773640514754323e-01 1.160824005746456677e+01 2.840510503170820812e+03
9.615870025519644981e-01 1.158861319443588478e+01 2.395503363202175478e+03
9.919162010228542714e-01 1.157309925841009246e+01 2.033220697909159298e+03
1.023260087625908366e+00 1.155782787949165424e+01 1.711536950489146875e+03
1.055615512292578329e+00 1.154556490464086949e+01 1.440233930840963922e+03
1.088946261313730179e+00 1.153552324028626686e+01 1.209995840732645775e+03
1.122586794141640754e+00 1.152327269545440380e+01 1.020709606316152644e+03
1.154812343120044105e+00 1.151569160128939906e+01 8.685532926705001273e+02
1.185659641386572538e+00 1.150346030576130296e+01 7.453967346239124936e+02
1.215243947239535549e+00 1.149308880791932808e+01 6.424343690822149711e+02
1.243695983292382623e+00 1.148025108945065753e+01 5.578565382574925025e+02
1.271110431729661538e+00 1.146028609800011466e+01 4.837268016205343315e+02
1.297567720681714443e+00 1.144272581131484401e+01 4.260122548490573990e+02
1.323138018084469847e+00 1.141824287633467527e+01 3.740789676008740798e+02
1.347888484847488577e+00 1.139815217044571050e+01 3.273532360790840130e+02
1.371852175576969701e+00 1.137024446628336882e+01 2.906078203607867749e+02
1.395083466068704370e+00 1.134006959898733946e+01 2.555504956077491556e+02
1.417629128045407638e+00 1.130860214360041915e+01 2.277668480191442768e+02
1.439500857586886839e+00 1.127509630482345493e+01 2.010988574659236292e+02
1.460728962828244715e+00 1.124092276257534628e+01 1.797146302409612417e+02
1.481324049946481258e+00 1.120286057536111102e+01 1.601644623554695386e+02
1.501312472306301604e+00 1.116438914571064167e+01 1.427676742616449417e+02
1.520707351228046011e+00 1.112352712523732734e+01 1.273405118713770179e+02
1.539506513493660300e+00 1.108073031366285299e+01 1.138285727210579950e+02
1.557721239946202818e+00 1.103722777048042403e+01 1.018196938748080953e+02
1.575348562636756711e+00 1.099077028425776703e+01 9.128897460832628497e+01
1.592392919141465857e+00 1.094353551309989214e+01 8.180922830262692003e+01
1.608855154216365602e+00 1.089449299436341967e+01 7.308525270471253066e+01
1.624728010807680034e+00 1.084454704535127156e+01 6.602796299181946438e+01
1.640019629743264096e+00 1.079358126439263543e+01 5.939316133662951813e+01
1.654702380558707997e+00 1.074104972791472079e+01 5.349708602665878487e+01
1.668795439373098377e+00 1.068766917092893465e+01 4.823502882114638624e+01
1.682292728794425596e+00 1.063242769484408257e+01 4.351712336392410663e+01
1.695158937761844120e+00 1.057716275963353247e+01 3.920910627952375194e+01
1.707419018129549659e+00 1.052130689734124758e+01 3.543978571712371917e+01
1.719066330609567483e+00 1.046287253840407594e+01 3.225106241850684796e+01
1.730068775616085519e+00 1.040406485698483507e+01 2.924643807268937223e+01
1.740466090913076913e+00 1.034502003084196886e+01 2.655470414014152780e+01
1.750207404334415129e+00 1.028590704277542045e+01 2.406499076918798607e+01
1.759309699133624116e+00 1.022449539978289934e+01 2.198932120150792358e+01
1.767784212224432272e+00 1.016392688435936975e+01 1.997385427565417260e+01
1.775620129428126193e+00 1.010185061535155349e+01 1.830493256771232069e+01
1.782810570114245818e+00 1.004114905193794449e+01 1.672760244954063324e+01
1.789366609028894439e+00 9.978043626642163488e+00 1.526459326756070034e+01
1.795263138823956606e+00 9.914934140158200293e+00 1.404032494066868253e+01
1.800542772789752499e+00 9.851448228737258006e+00 1.284744792869930841e+01
1.805181067437236608e+00 9.787966030263818951e+00 1.181564889050780742e+01
1.809186032739867001e+00 9.723904023037169608e+00 1.088616903246589551e+01
1.812581653483007704e+00 9.660067898521429441e+00 1.007293356832642317e+01
1.815361599206342991e+00 9.596301795382787603e+00 9.278329338331367637e+00
1.817533224338766962e+00 9.531731348974650686e+00 8.591128000381580421e+00
1.819098180018210886e+00 9.467764304113906348e+00 7.964360051062003620e+00
1.820080895763479756e+00 9.404021612626779714e+00 7.389973368318357494e+00
1.820495697414256986e+00 9.339930235956485305e+00 6.879400496350163152e+00
1.820432812624773966e+00 9.276853390506719421e+00 6.401350797464810505e+00
1.819632784487033472e+00 9.212196122712800417e+00 5.983474028360968866e+00
1.818386832121333008e+00 9.149096898278905599e+00 5.602338128756583657e+00
1.816728273213150668e+00 9.086456804765877138e+00 5.252640334672749489e+00
