2.191799393465098389e-01 1.550982308316407554e+01 3.683535669800713658e+06
2.265295944300613207e-01 1.524390628251905078e+01 3.148541790741619654e+06
2.341558972718270626e-01 1.497622428266872951e+01 2.679903246600317769e+06
2.420897108485610683e-01 1.473621734540751937e+01 2.286378318417455070e+06
2.503004879401243832e-01 1.450808792777301193e+01 1.952804280374875991e+06
2.588233371081921086e-01 1.429761892279110036e+01 1.655599384297367185e+06
2.676560106724060195e-01 1.410883048487750990e+01 1.410507800882205367e+06
2.768117520987400382e-01 1.393160093384144282e+01 1.202445823920857627e+06
2.862904128267955706e-01 1.376565777195079754e+01 1.026360495758621953e+06
2.960978453172178892e-01 1.361548818939565564e+01 8.771632676364798099e+05
3.062318713907452583e-01 1.347087904966505967e+01 7.475964555348305730e+05
3.167200380466381748e-01 1.334622381041407913e+01 6.358571780581697822e+05
3.275501543775005131e-01 1.321663056591379792e+01 5.410813923675548285e+05
3.387181921334559975e-01 1.310193766821738670e+01 4.656716010967130424e+05
3.502547800103221753e-01 1.299717701700988037e+01 3.962947294854272041e+05
3.621507214930501650e-01 1.290411471399059096e+01 3.388942398500479758e+05
3.744146217188737968e-01 1.280805513873226076e+01 2.895199173016120913e+05
3.870500197230291040e-01 1.272179416326590307e+01 2.478775532970462518e+05
4.000571354277960845e-01 1.264545899398766338e+01 2.117942323396728025e+05
4.134321504706488515e-01 1.257040474227077631e+01 1.817291134434727137e+05
4.271990373213743752e-01 1.250346504194907382e+01 1.552493766420275788e+05
4.413262459681308592e-01 1.244146912317013687e+01 1.328412071623693628e+05
4.558528264258046026e-01 1.238139229534491470e+01 1.137580323272571113e+05
4.707638946093937182e-01 1.232853135750162288e+01 9.758076801505620824e+04
4.860329800845843984e-01 1.227724747777827830e+01 8.365475312350889726e+04
5.016866222386423546e-01 1.222699801525572028e+01 7.199884107647612109e+04
5.177213676112599750e-01 1.218559064801295300e+01 6.162355840940226335e+04
5.341353186009049070e-01 1.215078591018088972e+01 5.306024547971935681e+04
5.509260994431895986e-01 1.210453079259634634e+01 4.557787120897883869e+04
5.680947139281532499e-01 1.206893851888098368e+01 3.919939445220521884e+04
5.855325531880906098e-01 1.203501288870831054e+01 3.377352819178774371e+04
6.025959211992194531e-01 1.200350427930181141e+01 2.922951591275416649e+04
6.192069609748495074e-01 1.197355816238477111e+01 2.552375157019868129e+04
6.355922685335277933e-01 1.194430075702850580e+01 2.231733326915280486e+04
6.519381037653787514e-01 1.191283440964470941e+01 1.957568904729781207e+04
6.683697185061133750e-01 1.188581296744213311e+01 1.714410684810917155e+04
6.849858346667078157e-01 1.185640065440610336e+01 1.503787609831281588e+04
7.019296186309879060e-01 1.182654048038317640e+01 1.319910374674241393e+04
7.191058833885636270e-01 1.179745370575752972e+01 1.158462153375505841e+04
7.367555304534234573e-01 1.176945991521358614e+01 1.013427403481454894e+04
7.548698949298482397e-01 1.173911210621958467e+01 8.887436900177664938e+03
7.734975550142491052e-01 1.171152415349919806e+01 7.742810279303832431e+03
7.926778769106904710e-01 1.168380323362858597e+01 6.753237408815073650e+03
8.124502744344458405e-01 1.165793414676186934e+01 5.884188630645810917e+03
8.328411000079967152e-01 1.162701426380034597e+01 5.123737708512409881e+03
8.538734294448987461e-01 1.160134069811094548e+01 4.452447584970389471e+03
8.755746866581672894e-01 1.157652767213220812e+01 3.862053299913403407e+03
8.979568537744619938e-01 1.155469143447304603e+01 3.348442975991621552e+03
9.210348507835101062e-01 1.153070124598454171e+01 2.898493717017140625e+03
9.448171977909035624e-01 1.150931691152812064e+01 2.487363006380630850e+03
9.692991778058308583e-01 1.148825007474768789e+01 2.165971455765788050e+03
9.944894337041144672e-01 1.146819836140825721e+01 1.868554549980477759e+03
1.020383273787560885e+00 1.145027765324124402e+01 1.606319709276607682e+03
1.046972156623146244e+00 1.143354187559820723e+01 1.385582848576640799e+03
1.074245813857546139e+00 1.141687163624446910e+01 1.191163464434783236e+03
1.102189051751300441e+00 1.140190642913425734e+01 1.033264852458833957e+03
1.130777422935947962e+00 1.138758083449847547e+01 8.901976350422037285e+02
1.159994226440110410e+00 1.137386914157937490e+01 7.671465189299552776e+02
1.189804529519166820e+00 1.136142899332568668e+01 6.608129385499973978e+02
1.220190321750444173e+00 1.134990904169722370e+01 5.686489916326938783e+02
1.251109097504170098e+00 1.134128795911186849e+01 4.905685124583753236e+02
1.282536062057521020e+00 1.133179403443820377e+01 4.229682138510455047e+02
1.314421754479219828e+00 1.131989043885032586e+01 3.644886753454557038e+02
1.346731406477499338e+00 1.131012178793468337e+01 3.125121411680314054e+02
1.379408465909447212e+00 1.130221481977240927e+01 2.720432780196521776e+02
1.412427419226018444e+00 1.129427340949407643e+01 2.346527546080826312e+02
1.445727457464617727e+00 1.128664434788864135e+01 2.029980526159002068e+02
1.479256207952542201e+00 1.128055736363107897e+01 1.748272301323953002e+02
1.512961993692557794e+00 1.127477470414250504e+01 1.523466466039958505e+02
1.546802198763985281e+00 1.126547060313031778e+01 1.315299349529810797e+02
1.580361065753989269e+00 1.125915017502244631e+01 1.148948621905467178e+02
1.612727586773402555e+00 1.125095582662536309e+01 1.001483737913388552e+02
1.643848231217043931e+00 1.124326544865103195e+01 8.809256430867279164e+01
1.673763409129062518e+00 1.123136587108753837e+01 7.772440422931735782e+01
1.702481904462009199e+00 1.121840847548562792e+01 6.876200935851440477e+01
1.730052023847855391e+00 1.120403032676055410e+01 6.114250915799093633e+01
1.756495623546179052e+00 1.118810152560052451e+01 5.443229160163579650e+01
1.781857138587081835e+00 1.116998729493471743e+01 4.845579042126004055e+01
1.806160094530137705e+00 1.115051631580346303e+01 4.356902682422938966e+01
1.829392173635629115e+00 1.112857668920321430e+01 3.912650723967632871e+01
1.851606200743059372e+00 1.110505629289328056e+01 3.520617063404061042e+01
1.872832625474730728e+00 1.108019573820475401e+01 3.165902660523044787e+01
1.893086671761307738e+00 1.105359440189356945e+01 2.870394103541833530e+01
1.912367767647999761e+00 1.102466674101312272e+01 2.600731148951952321e+01
1.930707215142303701e+00 1.099482225187462525e+01 2.359747582335375427e+01
1.948122782829933897e+00 1.096265564561566386e+01 2.138539237426390116e+01
1.964623806694813846e+00 1.093039981813100781e+01 1.947188598886474864e+01
1.980232271536732203e+00 1.089563037431022074e+01 1.781770438491554032e+01
1.994951246821472068e+00 1.085929565141515596e+01 1.623574990537061069e+01
2.008810019493260768e+00 1.082232224529118270e+01 1.486446436206974653e+01
2.021812721659783207e+00 1.078429207303586246e+01 1.366485769947490425e+01
2.034118838731930445e+00 1.074466684344920431e+01 1.250161715287489983e+01
2.045323463942389619e+00 1.070404052993782251e+01 1.153793218295838585e+01
2.055837620343127448e+00 1.066236355899912347e+01 1.059558891477040277e+01
2.065563937019327945e+00 1.061966130655131479e+01 9.802641619352131741e+00
2.074509140983397781e+00 1.057573517260627405e+01 9.026613378204517701e+00
2.082837030825353875e+00 1.053156629861331517e+01 8.378254123007989662e+00
2.090107152195052276e+00 1.048611632069559541e+01 7.748378210829470980e+00
2.096779347163018503e+00 1.043994028235314886e+01 7.207966318085421875e+00
2.102741802577003938e+00 1.039316610950523767e+01 6.698748559520159240e+00
