2.191799393465098389e-01 1.550982308316407554e+01 3.683535669800713658e+06
2.265366562356528335e-01 1.521062493917251146e+01 3.139611996366891079e+06
2.341708977210020248e-01 1.496953134655454321e+01 2.673218822769259103e+06
2.421127370885207131e-01 1.473576938996793295e+01 2.286393603380714543e+06
2.503320727648204458e-01 1.450396686864840312e+01 1.939351340467547067e+06
2.588649689561087763e-01 1.429760010073826670e+01 1.653180295108265942e+06
2.677094376692218947e-01 1.410743585709739634e+01 1.411643240420632763e+06
2.768743380390766284e-01 1.393690020332429569e+01 1.203680245979447383e+06
2.863640159666674956e-01 1.376971635328780863e+01 1.025460032474595355e+06
2.961869896884165021e-01 1.361026279534298844e+01 8.729414930753955850e+05
3.063301879932646132e-01 1.346864982057573457e+01 7.446378073657430941e+05
3.168313235551742379e-01 1.334213428621961128e+01 6.365914797121547163e+05
3.276729985176715654e-01 1.322005913352514739e+01 5.441794820906273089e+05
3.388593766270189267e-01 1.310242702166929796e+01 4.627836465453414130e+05
3.504106324906597347e-01 1.300255585365518129e+01 3.961623033899359871e+05
3.623251989979917598e-01 1.289790395877659535e+01 3.387800309183950303e+05
3.746042936611013729e-01 1.280629770127924871e+01 2.891376344515532837e+05
3.872572107553544085e-01 1.272071223320560485e+01 2.472532710099836695e+05
4.002829907127900544e-01 1.264258976315592520e+01 2.112999771736527036e+05
4.136774303840552447e-01 1.257040973998566535e+01 1.807308294939389161e+05
4.274640011882357427e-01 1.250305853089568053e+01 1.546538597025199560e+05
4.416137367871223463e-01 1.244020677353630333e+01 1.324174413066764537e+05
4.561617607825175780e-01 1.238003566772248831e+01 1.136089681227522233e+05
4.711057423210506800e-01 1.232793970411616158e+01 9.626446642754877394e+04
4.864096656946002573e-01 1.227471003772909164e+01 8.264009603616257664e+04
5.020640109370212434e-01 1.222742713835669370e+01 7.158882483014017635e+04
5.181231623054267654e-01 1.218241073448957756e+01 6.148387295989449922e+04
5.345625545970189574e-01 1.214226620612869922e+01 5.286537770678936795e+04
5.513789458892116579e-01 1.210447525904399235e+01 4.537254715349781327e+04
5.685745969946155443e-01 1.206803244214536441e+01 3.905923875188528473e+04
5.860790806166884526e-01 1.203400088449330596e+01 3.362139665242593037e+04
6.039491775143405183e-01 1.200281613359840982e+01 2.894271090877405368e+04
6.222320022386370608e-01 1.197254858551685430e+01 2.495172662594561552e+04
6.410347264070266338e-01 1.194965198704778153e+01 2.150971571702983783e+04
6.604958709708578235e-01 1.191489987589049093e+01 1.849793075428093289e+04
6.806829729048571309e-01 1.189389477563515030e+01 1.589203334064395312e+04
7.016799653057774755e-01 1.187027227695579867e+01 1.363075483368487403e+04
7.235577632912826296e-01 1.184992775773776508e+01 1.167764523993661533e+04
7.463117236209899641e-01 1.183209910469354398e+01 9.978333669353241930e+03
7.700602796787723303e-01 1.181679180672814766e+01 8.511197973795675352e+03
7.947845166920959326e-01 1.180129998617792886e+01 7.247090840706913696e+03
8.205602900776330921e-01 1.179041106324353549e+01 6.161903384519036081e+03
8.473661599165007718e-01 1.178171569586861800e+01 5.232802443911695264e+03
8.752759293213531189e-01 1.177323219884160999e+01 4.435482019327359012e+03
9.042864661967288109e-01 1.177042135948444113e+01 3.755281893522380415e+03
9.344169299391107408e-01 1.176981701639742184e+01 3.180810608349856466e+03
9.648083128594715507e-01 1.177139468766366903e+01 2.702416706351566518e+03
9.941496791227149021e-01 1.177190215178246291e+01 2.314311037111878704e+03
1.022573797067093171e+00 1.177156432499005057e+01 1.996082950111168657e+03
1.050193296632858431e+00 1.177049418113606372e+01 1.731586957695632009e+03
1.077119065574985157e+00 1.176732794880315325e+01 1.509783273952252557e+03
1.103460549336937380e+00 1.176240438820558332e+01 1.320703360947739839e+03
1.129241418592215718e+00 1.175988841005396246e+01 1.158302586181748666e+03
1.154569584819406636e+00 1.175073820198037922e+01 1.018589406218064255e+03
1.179504960099864164e+00 1.173893280671657280e+01 8.979560101382458015e+02
1.203996565555828901e+00 1.172779400098319869e+01 7.937265144617500710e+02
1.228202629666536261e+00 1.171464784295369910e+01 7.024758801140401374e+02
1.252053061418464397e+00 1.169911691158960387e+01 6.226349266454420786e+02
1.275642704614506684e+00 1.168752708510965910e+01 5.528222323777279144e+02
1.298972532702232341e+00 1.166841570992011157e+01 4.905602016502886045e+02
1.322057446922026536e+00 1.164772120853926651e+01 4.362037899141016624e+02
1.344916310161666573e+00 1.162423093831207943e+01 3.860947728816958602e+02
1.367505486569818851e+00 1.160442577025853339e+01 3.439792293801339156e+02
1.389882179568406206e+00 1.157848106326754589e+01 3.084704493862193431e+02
1.412038347697053720e+00 1.155420547920945928e+01 2.735917428217751990e+02
1.433966600851636075e+00 1.152701249386612936e+01 2.457367161251023049e+02
1.455663336386209483e+00 1.150234112803889808e+01 2.193607846851218710e+02
1.477119869795177065e+00 1.147172390228626249e+01 1.950866597292599920e+02
1.498331670136759497e+00 1.144136792428820293e+01 1.755403783190207605e+02
1.519285786358443024e+00 1.141112276296699690e+01 1.571602696667924590e+02
1.539976224114481429e+00 1.137878541886927408e+01 1.407049285696002414e+02
1.560388345847008029e+00 1.134540773205460518e+01 1.261670238161368616e+02
1.580509638431464747e+00 1.131078815076371669e+01 1.129946537677884919e+02
1.600308655622913134e+00 1.127622165737502691e+01 1.011010753247938396e+02
1.619797076523552315e+00 1.123944367205014494e+01 9.108139437319543674e+01
1.638938671067578623e+00 1.120298158818376599e+01 8.193728068262787190e+01
1.657726074201969491e+00 1.116447940637480762e+01 7.367171146080697497e+01
1.676135457196098910e+00 1.112511765838593547e+01 6.634852258313624418e+01
1.694159296657350211e+00 1.108622457598024091e+01 5.953429889785455487e+01
1.711781846038658017e+00 1.104546273979713789e+01 5.387257765452902447e+01
1.728958421616686447e+00 1.100462475822342689e+01 4.862953854104070928e+01
1.745701273499201012e+00 1.096232597861905589e+01 4.397173500091238196e+01
1.761989902904628869e+00 1.091915601582437922e+01 3.977923009834779577e+01
1.777801789075125205e+00 1.087607359356519154e+01 3.597413191524502452e+01
1.793121953099705568e+00 1.083104324479774583e+01 3.261603686103972422e+01
1.807943370900787938e+00 1.078651153035348997e+01 2.959905350974685945e+01
1.822246978486099733e+00 1.074076522056044070e+01 2.676142479509855931e+01
1.836017352205283837e+00 1.069562019760629745e+01 2.445091930968147409e+01
1.849248665506691980e+00 1.064884146531672293e+01 2.224100943767257377e+01
1.861927387038183834e+00 1.060164342164258855e+01 2.023766463530093063e+01
1.874044248864041196e+00 1.055357066676445221e+01 1.850623678032395247e+01
1.885589843366946905e+00 1.050551366353870542e+01 1.691252284000559314e+01
1.896558467813853621e+00 1.045622048605935106e+01 1.545693367112396643e+01
1.906938565390488671e+00 1.040733615340951168e+01 1.416473691866076123e+01
1.916739985231439958e+00 1.035850829344409263e+01 1.299446793683027401e+01
1.925940700831118901e+00 1.030845743175001061e+01 1.189528696887243520e+01
1.934551564239959331e+00 1.025862178945005176e+01 1.097552865369394581e+01
1.942569747880435571e+00 1.020771352900817597e+01 1.010718974762390410e+01
1.949983793448475167e+00 1.015680953721814639e+01 9.291149873828368655e+00
1.956813239853735231e+00 1.010613701995791835e+01 8.605634233184806803e+00
