2.191799393465098389e-01 1.550982308316407554e+01 3.683535669800713658e+06
2.255622045014134269e-01 1.526593542927801472e+01 3.207824157541116700e+06
2.321594920046540500e-01 1.506911051849006355e+01 2.783779685608546715e+06
2.389763857898875576e-01 1.482466419737934515e+01 2.425146327921892516e+06
2.460210589357665623e-01 1.461681702482916378e+01 2.105656572098327335e+06
2.532877008324642132e-01 1.443360519495844585e+01 1.836154981017994229e+06
2.607882203787276754e-01 1.425070766166336256e+01 1.596657027309186757e+06
2.685274867778992824e-01 1.409033282871744142e+01 1.392196186423858395e+06
2.765084264302575812e-01 1.393726101727372146e+01 1.206561261958167888e+06
2.847358636387066766e-01 1.379286425129417104e+01 1.052465594110503094e+06
2.932242177002417627e-01 1.365681806071293458e+01 9.166316784134927439e+05
3.019524441615550336e-01 1.353411116240473611e+01 7.990800041476837359e+05
3.109343786666912135e-01 1.340941834656388387e+01 6.959553754482234363e+05
3.201679552199999113e-01 1.329531766490450906e+01 6.054679812618427677e+05
3.296726451771675448e-01 1.320238742468040627e+01 5.278551430619533639e+05
3.394436324684675377e-01 1.309704879560045754e+01 4.599757101790536544e+05
3.494903026397292445e-01 1.301262173353551255e+01 4.006076265315015917e+05
3.598225235858911741e-01 1.291842836856089249e+01 3.457218826640914776e+05
3.704081168939609703e-01 1.283971403126057531e+01 3.052437247967695585e+05
3.813047611344778653e-01 1.276087037208889008e+01 2.659180879516511923e+05
3.924470612611620224e-01 1.269077675591990406e+01 2.301805027221246564e+05
4.038898592717781733e-01 1.262601414472814021e+01 2.002403241021521389e+05
4.156394728472949107e-01 1.255997932307801079e+01 1.769209893627639685e+05
4.276337177006000467e-01 1.250242494634079193e+01 1.544882589785759919e+05
4.399260478585440559e-01 1.244512059723588138e+01 1.348270038677629782e+05
4.525209947381731435e-01 1.239525216887762227e+01 1.179386745686481445e+05
4.654194677809552760e-01 1.234712221967292933e+01 1.033951978473359777e+05
4.785845287127101777e-01 1.230161277272602938e+01 9.008394453499439987e+04
4.920332746578643945e-01 1.225934636744436723e+01 7.886696367655017821e+04
5.057670261981180859e-01 1.221644811315089640e+01 6.924691653471605969e+04
5.197958861732914215e-01 1.217774454846566812e+01 6.037283126934024040e+04
5.341120410621044146e-01 1.214283241476664621e+01 5.306207680752323358e+04
5.487141225266735090e-01 1.211080313615896209e+01 4.644055489006393327e+04
5.636021947924194642e-01 1.207941815649107653e+01 4.076773662720004359e+04
5.787382606871159796e-01 1.204727347571977703e+01 3.544801905408765742e+04
5.938856190996129047e-01 1.201876693486022596e+01 3.150469254509976599e+04
6.087234537015002722e-01 1.199353281463929299e+01 2.754237131352280267e+04
6.233798174518526691e-01 1.196743640512749352e+01 2.465582164397630550e+04
6.379809372703414416e-01 1.194188510903807732e+01 2.192051905922531296e+04
6.526578996935173960e-01 1.191655685356741756e+01 1.948924589612648197e+04
6.674674370410429436e-01 1.189148454172760516e+01 1.733237975527587332e+04
6.824582687638962586e-01 1.186790488347125638e+01 1.541919818677417243e+04
6.977178028584286595e-01 1.184238441377377882e+01 1.372125489977683537e+04
7.133577489625821944e-01 1.181846808761610035e+01 1.218535536753016095e+04
7.291959526206317488e-01 1.179176670908633540e+01 1.082950543154202751e+04
7.454985231485063979e-01 1.177000074458969969e+01 9.599157857332444109e+03
7.622231292251703261e-01 1.174616589800425004e+01 8.505780239847863413e+03
7.793858337296301064e-01 1.172513726332666018e+01 7.530050459776024582e+03
7.970113835586597473e-01 1.170215888548876215e+01 6.668773567496753458e+03
8.151454179419379553e-01 1.168132789126574345e+01 5.893884749967935932e+03
8.337981097715585488e-01 1.165952145648392246e+01 5.200523246257806932e+03
8.529794636332631574e-01 1.164149904349586073e+01 4.590686095034467144e+03
8.727032486944829026e-01 1.161926195447381183e+01 4.046093960321211853e+03
8.929869121811524479e-01 1.160354087687209379e+01 3.559317879485347930e+03
9.138449130533168319e-01 1.158532855219154101e+01 3.132466626774059478e+03
9.352686814141751848e-01 1.156717111124120834e+01 2.750985688446973654e+03
9.572629783321370267e-01 1.155344749137105786e+01 2.418693656833585464e+03
9.798440586611677494e-01 1.154325150587236060e+01 2.121678657878819649e+03
1.002998718324065397e+00 1.152963517899052093e+01 1.862901107080310794e+03
1.026733034481128737e+00 1.151770482591065026e+01 1.630982412243326735e+03
1.051029886135466773e+00 1.150300832342800206e+01 1.420536872697688977e+03
1.075882356014562946e+00 1.149219173544544859e+01 1.253608722216894193e+03
1.101295459926992404e+00 1.148152211977127024e+01 1.098521358506953447e+03
1.127240909253089063e+00 1.147681292163830413e+01 9.623518005127199331e+02
1.153710877902542009e+00 1.146398621706892129e+01 8.427786192227308675e+02
1.180680292220235739e+00 1.145835660057869809e+01 7.331950458233612835e+02
1.208145014976348186e+00 1.145049654777894688e+01 6.470732299902936120e+02
1.236067752422947752e+00 1.144453950061941505e+01 5.664708511909079789e+02
1.264440946327888282e+00 1.144113289046648418e+01 4.961421238769444813e+02
1.293226536559924700e+00 1.143604800560372503e+01 4.350326139135369772e+02
1.322403882689600962e+00 1.143339306184244641e+01 3.812813162044649289e+02
1.351944766046413227e+00 1.142721599545527589e+01 3.347670488789909768e+02
1.381822434687773216e+00 1.142463596322466479e+01 2.936257273513484165e+02
1.411992672564015505e+00 1.142162758630889741e+01 2.576254579004715310e+02
1.442429897960792129e+00 1.142204901294475938e+01 2.265817180417910208e+02
1.473100957180285997e+00 1.141749078853095156e+01 1.992947647732439975e+02
1.503977616742374845e+00 1.141515172868439620e+01 1.753727459722053936e+02
1.535004919249000066e+00 1.141346825221215511e+01 1.543973214187865892e+02
1.566150562552568681e+00 1.141183939221859234e+01 1.360591541110159710e+02
1.597365822388492784e+00 1.140989278713224486e+01 1.199936167427068483e+02
1.628177301303226354e+00 1.140797221748006329e+01 1.062044001574292622e+02
1.658383099278341044e+00 1.140569645584024094e+01 9.414292725077078217e+01
1.687967936991243034e+00 1.140257708137284709e+01 8.366038401089102194e+01
1.716910206391799587e+00 1.139788325113192258e+01 7.463274572984485644e+01
1.745222810846070116e+00 1.139190942977038645e+01 6.666977007620594975e+01
1.772889596615929930e+00 1.138557995423872704e+01 5.966298007998567954e+01
1.799895296933469613e+00 1.137878079408596577e+01 5.350705021849070420e+01
1.826274555925212040e+00 1.136943600861600778e+01 4.813966743142820093e+01
1.851995166548964011e+00 1.135885764185721492e+01 4.327690709558344651e+01
1.877046799269145083e+00 1.134806683557944673e+01 3.889535518102388778e+01
1.901453458254737106e+00 1.133608707420936135e+01 3.526994714566172462e+01
1.925174214379161253e+00 1.132301242791936602e+01 3.191808812850275245e+01
1.948252177687206599e+00 1.130833466806301502e+01 2.891487986079144434e+01
1.970661920095647224e+00 1.129318418951224068e+01 2.623919774076294331e+01
1.992350627807208063e+00 1.127624910237717160e+01 2.384422571265359281e+01
2.013392399586898751e+00 1.125775706266683862e+01 2.169032211821412304e+01
2.033754403802572330e+00 1.123957147849238325e+01 1.979005539515515366e+01
2.053429361937961772e+00 1.121988619292153544e+01 1.807234399427943572e+01
2.072441127602188793e+00 1.119817641246605433e+01 1.647545626710869016e+01
2.090879823084978995e+00 1.117659373184960003e+01 1.508639237881386208e+01
