2.191799393465098389e-01 1.550982308316407554e+01 3.683535669800713658e+06
2.266058064052084708e-01 1.524155159272361537e+01 3.145934962433242705e+06
2.343150793024133816e-01 1.498042222020942660e+01 2.685112212318814825e+06
2.423371769218433391e-01 1.472200899218368342e+01 2.264886692739702761e+06
2.506433078234354128e-01 1.449730159618429681e+01 1.928064106801864924e+06
2.592682686955339322e-01 1.428756905389900744e+01 1.640266770615195623e+06
2.682120490327121742e-01 1.409868836094000599e+01 1.396419320051756222e+06
2.774811428310040573e-01 1.392210653089567352e+01 1.190287900582936127e+06
2.870825849044349454e-01 1.375356237316963615e+01 1.012900914938571746e+06
2.970127916966134873e-01 1.359998315349088216e+01 8.640368502822535811e+05
3.072893574609997236e-01 1.346138203221647878e+01 7.341207348186955787e+05
3.179252457867747794e-01 1.333197039905384784e+01 6.258217993930357043e+05
3.289008752780697709e-01 1.320712101507721847e+01 5.336239194679808570e+05
3.402378865943427311e-01 1.308867463458274827e+01 4.545808961496659322e+05
3.519427401477331907e-01 1.298369590180414335e+01 3.877626041286271065e+05
3.640424050119851485e-01 1.288594529062041261e+01 3.303032862352141528e+05
3.764623217703736979e-01 1.279296551281712091e+01 2.823413740699234186e+05
3.892900379244647047e-01 1.270797259120840295e+01 2.412967168787807168e+05
4.025119818178697906e-01 1.263477321258370978e+01 2.055229179219222278e+05
4.160935137972517350e-01 1.255920383405865870e+01 1.758478829538840218e+05
4.300638975811928999e-01 1.249074361578528602e+01 1.504365079958107381e+05
4.444473689116036352e-01 1.242606680815554476e+01 1.285918003025138605e+05
4.592053793738444800e-01 1.237000478927330427e+01 1.098950573040281306e+05
4.743348173927564582e-01 1.231382767464127426e+01 9.420995391511806520e+04
4.898618814954607825e-01 1.226509984225703676e+01 8.052494855139523861e+04
5.057626270267353563e-01 1.221516304964678312e+01 6.930855254910732037e+04
5.220624812810625848e-01 1.217212964433824141e+01 5.925446337657776894e+04
5.387478766016358112e-01 1.213193678366542372e+01 5.096799618737290439e+04
5.558190823089351751e-01 1.209342125097007781e+01 4.364349343525063159e+04
5.732416409237385269e-01 1.205843954621154168e+01 3.747844078924978385e+04
5.910119993653092374e-01 1.202562843219448574e+01 3.226507127590182427e+04
6.090894107215746311e-01 1.199369712664404553e+01 2.775798350908280554e+04
6.275286792182539486e-01 1.196228755636506058e+01 2.375797491630031800e+04
6.465160367916944484e-01 1.193418607187822111e+01 2.060271276083558405e+04
6.661044042977132262e-01 1.191042018443505590e+01 1.771364507505904112e+04
6.864535973061158813e-01 1.188109599662200289e+01 1.522848770869637156e+04
7.075346479306258152e-01 1.186193693078872080e+01 1.305156978538390649e+04
7.294859370685190525e-01 1.184078057339809753e+01 1.117094078511079715e+04
7.523377316611459253e-01 1.182080685400286058e+01 9.541270547192614686e+03
7.761523005963333333e-01 1.181173818261946806e+01 8.134826150002620125e+03
8.009344932878768031e-01 1.179172607768689396e+01 6.927065586065361458e+03
8.267437440128828641e-01 1.177740778173534331e+01 5.888430166763993839e+03
8.535940043791149234e-01 1.176893052005495655e+01 5.005368444113671103e+03
8.815123133611316719e-01 1.176034829564739326e+01 4.243403865503783891e+03
9.105231255712099570e-01 1.175681130421484433e+01 3.592420632264052983e+03
9.406194683429333070e-01 1.175455709676069027e+01 3.046056169409794620e+03
9.716850497140996357e-01 1.175533829935839769e+01 2.554659934059837269e+03
1.002044614387297194e+00 1.175718772635176812e+01 2.195223051676373871e+03
1.031369355756668549e+00 1.175581305164923762e+01 1.887945550732468519e+03
1.059807642157626573e+00 1.175958838386002014e+01 1.632001774025547775e+03
1.087474246980015824e+00 1.175199086119406111e+01 1.417913115337659974e+03
1.114423047555863855e+00 1.174879713464113351e+01 1.230389065663647216e+03
1.140778838212288981e+00 1.174227033815948218e+01 1.085528150556687251e+03
1.166624542746959037e+00 1.173500007822964442e+01 9.530143431076529623e+02
1.191943881266740446e+00 1.172582854630680593e+01 8.399287475327703305e+02
1.216852758335030149e+00 1.171469445473347015e+01 7.403107390398330381e+02
1.241357889470324105e+00 1.170016122448625495e+01 6.556830375455373314e+02
1.265496936820150298e+00 1.168930867587445910e+01 5.803627379873084919e+02
1.289306923049934328e+00 1.166968697970521340e+01 5.146278759935215703e+02
1.312805411609920370e+00 1.165301672696562107e+01 4.571846107426358685e+02
1.335999635908400540e+00 1.163092740205395792e+01 4.068116132380823728e+02
1.358926137220806130e+00 1.160945849517049488e+01 3.619678440399554233e+02
1.381569510685275892e+00 1.158884918428409705e+01 3.220905295571252509e+02
1.403951344336528573e+00 1.156323809069151132e+01 2.872197701370726008e+02
1.426055459566475170e+00 1.153594027931694832e+01 2.562032692851252023e+02
1.447906192982642226e+00 1.151270977754223424e+01 2.287156051045931520e+02
1.469482674158531177e+00 1.148130981099085801e+01 2.046615040387423790e+02
1.490783437619323193e+00 1.145235335502256113e+01 1.827856001577935388e+02
1.511806867760365769e+00 1.142128242241591884e+01 1.634799080197088301e+02
1.532537013295541817e+00 1.138819957013214434e+01 1.460829919230145606e+02
1.552967806541995843e+00 1.135528899263142577e+01 1.304232035033864463e+02
1.573090976026854548e+00 1.132123628084887024e+01 1.175927612293760944e+02
1.592884367864213058e+00 1.128540179928939757e+01 1.055085829778458617e+02
1.612339244400391447e+00 1.124913635724023209e+01 9.467877195590305917e+01
1.631443258685869591e+00 1.121162781328066238e+01 8.506784639037874740e+01
1.650172242550170143e+00 1.117232387088264645e+01 7.621931092155220711e+01
1.668521785954980796e+00 1.113372781552781099e+01 6.887709519389287038e+01
1.686462874754109054e+00 1.109293926495346128e+01 6.179915932889750252e+01
1.703992395840612240e+00 1.105174660670952669e+01 5.590950441798594284e+01
1.721091017527238032e+00 1.101033907452500493e+01 5.048925406376616110e+01
1.737734506203929996e+00 1.096754945036303752e+01 4.558520629298747906e+01
1.753916594384216765e+00 1.092422099776184297e+01 4.123295567003616924e+01
1.769620820730414268e+00 1.087988783252666103e+01 3.729830370365072412e+01
1.784824559694312418e+00 1.083454424113624270e+01 3.382126899031371181e+01
1.799526831550958050e+00 1.078946097389633962e+01 3.065421079097111345e+01
1.813704246388210706e+00 1.074247703382841124e+01 2.783513500272723817e+01
1.827344889025735553e+00 1.069570879646120432e+01 2.530275473262760144e+01
1.840445994272746244e+00 1.064775231644329700e+01 2.301820771250651632e+01
1.852987049257196484e+00 1.059990759707553920e+01 2.098215871217720263e+01
1.864963927732270488e+00 1.055122458815336906e+01 1.906950797517049878e+01
1.876371135266442502e+00 1.050269908013193287e+01 1.742860734289459756e+01
1.887195141878038163e+00 1.045275493324944982e+01 1.592955815623742311e+01
1.897429023783305801e+00 1.040273119902697729e+01 1.462743007860822786e+01
1.907076874598726990e+00 1.035174831213711144e+01 1.336883896598105714e+01
1.916127657987350741e+00 1.030113473550888692e+01 1.227934921269537227e+01
1.924581413267714591e+00 1.025041240326187619e+01 1.132408233110996498e+01
1.932440092909665230e+00 1.019873554720563646e+01 1.039615633280678786e+01
1.939699664217925168e+00 1.014676420640348020e+01 9.619328837514981245e+00
1.946358975224784960e+00 1.009436582752973344e+01 8.877499659172677582e+00
1.952427825344342782e+00 1.004221767332221837e+01 8.198205908772138173e+00
