2.191799393465098389e-01 1.550982308316407554e+01 3.683535669800713658e+06
2.256085220264394953e-01 1.525921948084753232e+01 3.197390509701738134e+06
2.322531722323358250e-01 1.502594312593073944e+01 2.776595401939162519e+06
2.391206209845514463e-01 1.482193574708877470e+01 2.428521088614655659e+06
2.462189800599994538e-01 1.461552507771130394e+01 2.104501589270640630e+06
2.535434213948926652e-01 1.442672465065049181e+01 1.834876128184666391e+06
2.611055126065956467e-01 1.425783113662501123e+01 1.591455606888340320e+06
2.689096191978824768e-01 1.408540902723863653e+01 1.382883156840216368e+06
2.769576498150153054e-01 1.392879286495610280e+01 1.200922625307338545e+06
2.852587101549241000e-01 1.378634704039740910e+01 1.042980488582608639e+06
2.938107769823066762e-01 1.364504648809108289e+01 9.072277529510033783e+05
3.026092649959190028e-01 1.352082014666656029e+01 7.891414653152234387e+05
3.116755894416624040e-01 1.340093391715486426e+01 6.870235755895744078e+05
3.210344714750018036e-01 1.328773934391134048e+01 5.963733035892223706e+05
3.306083463963559455e-01 1.319229525642158407e+01 5.226022178410092602e+05
3.404819561677367989e-01 1.308930567066270534e+01 4.529853270681296708e+05
3.506238477278707522e-01 1.299399291913821664e+01 3.943995939961575787e+05
3.610492189118296169e-01 1.290984542835438376e+01 3.443761174872542615e+05
3.717407364979315454e-01 1.282953316732153937e+01 2.978163128526028595e+05
3.827547456675817750e-01 1.275133607288725379e+01 2.608567523909093579e+05
3.940189325829109301e-01 1.268096037361012485e+01 2.274983861555711483e+05
4.055834521285350269e-01 1.261384177806373508e+01 1.982343222596317646e+05
4.174349179120628861e-01 1.254826135675004473e+01 1.731895265480258677e+05
4.295747028022127156e-01 1.249531208596910048e+01 1.512360333562752930e+05
4.420041915888146544e-01 1.243716988686310110e+01 1.321180474729361013e+05
4.547372703041823172e-01 1.238541487665772856e+01 1.152426385439304431e+05
4.677730081380277460e-01 1.233773568217935512e+01 1.005251383393931028e+05
4.810671696913273454e-01 1.229100870409258484e+01 8.805738803079846548e+04
4.946777347223578758e-01 1.224805735782649130e+01 7.693780042114280513e+04
5.085672623405907977e-01 1.220971899761752333e+01 6.730823837965216080e+04
5.227531142640478024e-01 1.217242431884976206e+01 5.874682962562277680e+04
5.372294123665146692e-01 1.213726005366582861e+01 5.148796433248157700e+04
5.519952069082184609e-01 1.210180514499936777e+01 4.513848455318473134e+04
5.670606990288709071e-01 1.206968136684596793e+01 3.919853912858117837e+04
5.823495002677741006e-01 1.204171582222349812e+01 3.434135838187864283e+04
5.978118449478204699e-01 1.201165600938579203e+01 3.047672138774485938e+04
6.133979409738741229e-01 1.198538493698932861e+01 2.682502627666277840e+04
6.292412560288229706e-01 1.195969266522812902e+01 2.355528341934870332e+04
6.453795560327358904e-01 1.193414787361922969e+01 2.075479325992999293e+04
6.619316255847914610e-01 1.191281774198946053e+01 1.825376390137298586e+04
6.789089520988335069e-01 1.188970890378872802e+01 1.604746876942494055e+04
6.964128674514298289e-01 1.186838567512777409e+01 1.408689467575636991e+04
7.144388836368610329e-01 1.184852063962084578e+01 1.237296759175139960e+04
7.330643973698395266e-01 1.182930601062012776e+01 1.082520873023953391e+04
7.523418092297222692e-01 1.181373723579781654e+01 9.463535198130699428e+03
7.722109774732018872e-01 1.179381145102840200e+01 8.277655096376125584e+03
7.927936588450799071e-01 1.178090554737026352e+01 7.228997319059010806e+03
8.137432960945969462e-01 1.176865983839785379e+01 6.310578962806875097e+03
8.344967237344771416e-01 1.175554832536681005e+01 5.536745117593055511e+03
8.550736588541990590e-01 1.174387401421080490e+01 4.874324210740497620e+03
8.755437248063396849e-01 1.172977737263096287e+01 4.293858009714469517e+03
8.959427023040429372e-01 1.172028223946019665e+01 3.798875823554476938e+03
9.163137953009634629e-01 1.170795978668504134e+01 3.360195869276601115e+03
9.366906645388987096e-01 1.169615609901145170e+01 2.983170710812747075e+03
9.571247411051740928e-01 1.169087638403772011e+01 2.641474793064244295e+03
9.776066248779522461e-01 1.167021976317344212e+01 2.348486301096722855e+03
9.981649094546808376e-01 1.165787074094686204e+01 2.086154854210948997e+03
1.018835202357209369e+00 1.164689326729213725e+01 1.855520162823469491e+03
1.039604742604914867e+00 1.163050750164022418e+01 1.651743753976024891e+03
1.060519712249407220e+00 1.161737998564870544e+01 1.469322748988284275e+03
1.081568846340673629e+00 1.160301261517017757e+01 1.308005004551848288e+03
1.102753393552881489e+00 1.158595669418544816e+01 1.164826959707592550e+03
1.124094816705254685e+00 1.157006509809606953e+01 1.038388752719479726e+03
1.145595064751897096e+00 1.155534308459601611e+01 9.245087755285169351e+02
1.167235873613797326e+00 1.154013360257409992e+01 8.239933416455339739e+02
1.189036157340366717e+00 1.152404751218281298e+01 7.348339641485736138e+02
1.210973532691371535e+00 1.150658628833729935e+01 6.563956440064539493e+02
1.233055358185610517e+00 1.149237819299477614e+01 5.845316159934551479e+02
1.255266103835828595e+00 1.147340330240233719e+01 5.210862521541395154e+02
1.277596878509078993e+00 1.145684775015834234e+01 4.652629467900433724e+02
1.300047083827113648e+00 1.143729641917930806e+01 4.152057138390297837e+02
1.322593156992771579e+00 1.141958310068593363e+01 3.706863053703347646e+02
1.345331247322849588e+00 1.140466233140642061e+01 3.306951749924365913e+02
1.367953506921790963e+00 1.138497115090599898e+01 2.954044061148057949e+02
1.390689959766476136e+00 1.136604676477155706e+01 2.627564960785732637e+02
1.413482992328357390e+00 1.134460281076074395e+01 2.364016135011805204e+02
1.436289159327333920e+00 1.132445529689424291e+01 2.113318337064365551e+02
1.459103456302307755e+00 1.130422107831947010e+01 1.893076849584483341e+02
1.481889704609050229e+00 1.128301957286279311e+01 1.693586425021433968e+02
1.504631556465853448e+00 1.126323549686421011e+01 1.517722768289062856e+02
1.527312679393329820e+00 1.124115051565368084e+01 1.360662635585407259e+02
1.549905288326861363e+00 1.122031987800099273e+01 1.218410630971524284e+02
1.572388566102400409e+00 1.119804697273299432e+01 1.095195101560182280e+02
1.594738722712501389e+00 1.117596763750013977e+01 9.828445431309293667e+01
1.616931821505714462e+00 1.115373098249042805e+01 8.833770460692480242e+01
1.638945453245567174e+00 1.113007449273847094e+01 7.942052770512169957e+01
1.660763332126024450e+00 1.110604944500061642e+01 7.157576002969010176e+01
1.682358984282703807e+00 1.108275690296069627e+01 6.431695327364107584e+01
1.703689101979639409e+00 1.105813488629088504e+01 5.809806166172865716e+01
1.724774496744864383e+00 1.103386604214163036e+01 5.232973006661511306e+01
1.745535798053472920e+00 1.100796847891624353e+01 4.727626091239184092e+01
1.765998805435282870e+00 1.098208687504603986e+01 4.275767793855906262e+01
1.786123078023074129e+00 1.095669276691490346e+01 3.867047742368324492e+01
1.805889676862225457e+00 1.092950370765304413e+01 3.503960772801861623e+01
1.825282343851374556e+00 1.090291148982731606e+01 3.176700585788882947e+01
1.844278287557225449e+00 1.087532164861631223e+01 2.882414055520650820e+01
1.862859165567960940e+00 1.084738501354862272e+01 2.617940226450726726e+01
1.881007284107965472e+00 1.081825515752401223e+01 2.383273840240766006e+01
1.898711527865967419e+00 1.078944972727301099e+01 2.168664726368172069e+01
1.915949311738280869e+00 1.075940861948220828e+01 1.976924475785462221e+01
