2.191799393465098389e-01 1.550982308316407554e+01 3.683535669800713658e+06
2.255834370535996780e-01 1.526617676453964378e+01 3.204490012045948301e+06
2.322017189415734317e-01 1.503835173141186132e+01 2.784918014838922769e+06
2.390415800947320590e-01 1.481543737693224116e+01 2.425484213632107247e+06
2.461115868966603781e-01 1.462400498163687779e+01 2.101740198197395075e+06
2.534040966621666224e-01 1.442401395500217198e+01 1.830571141654858831e+06
2.609332919088473979e-01 1.424884099158702533e+01 1.592098878542825580e+06
2.687013147832972293e-01 1.408100892124941517e+01 1.388914618433713913e+06
2.767134537853300214e-01 1.393929257905334751e+01 1.209472104575004429e+06
2.849749958482959422e-01 1.378480386172306282e+01 1.048022452498313040e+06
2.934989082406979644e-01 1.365303604300685869e+01 9.134462465855062474e+05
3.022411880867011402e-01 1.352779169314359820e+01 7.939187960081032943e+05
3.112629414846662113e-01 1.340423928849643076e+01 6.916952788663721876e+05
3.205680349647518912e-01 1.329250398438973413e+01 6.024675672771350946e+05
3.301010761740795219e-01 1.319227446474038068e+01 5.242294437202662812e+05
3.399158178290448418e-01 1.309135084420697304e+01 4.566743591681137914e+05
3.500074843180314699e-01 1.299716415397218405e+01 3.984465486608199426e+05
3.603999746287879224e-01 1.291363714752362846e+01 3.467103806288899505e+05
3.710204776301605500e-01 1.283416326994386303e+01 3.022876110779281589e+05
3.819676040029422182e-01 1.275701629945425708e+01 2.619774501919856411e+05
3.931628429488365772e-01 1.268633904447128735e+01 2.309250878330064588e+05
4.046556650927515819e-01 1.262193392159447392e+01 2.005967944557454903e+05
4.164426039344502617e-01 1.255719076174182902e+01 1.752375597647109535e+05
4.285181587039589290e-01 1.249745564496620709e+01 1.526768023989507637e+05
4.408733568521721602e-01 1.244105499573186613e+01 1.334536637701572035e+05
4.535313010081740703e-01 1.239022230151774728e+01 1.166604069326954923e+05
4.664927741766075608e-01 1.234312724731189270e+01 1.019265428701677156e+05
4.797240293710738901e-01 1.229859854850539058e+01 8.905675644724360609e+04
4.932390612710301214e-01 1.225425942298385529e+01 7.798436631615120859e+04
5.070434344499057389e-01 1.221326765193949093e+01 6.829879564560847939e+04
5.211439153605585961e-01 1.217050410081939660e+01 5.994316693891513569e+04
5.355334289047323226e-01 1.213962184638507935e+01 5.236966519998783042e+04
5.502092565617310305e-01 1.210565526860994723e+01 4.594978165852826351e+04
5.651748771341849054e-01 1.207529767901495887e+01 4.024873573358824069e+04
5.803773980824072920e-01 1.204311452404017224e+01 3.527794619827960560e+04
5.956863033216768244e-01 1.201672066743584288e+01 3.102604784077207296e+04
6.109093657835203972e-01 1.198981562154015812e+01 2.731131448692995764e+04
6.262120944928025734e-01 1.196318898177035450e+01 2.388681855350314072e+04
6.416457293984811905e-01 1.193917474533946610e+01 2.134329768416071965e+04
6.573417460487970265e-01 1.191321201472706193e+01 1.886487430467665763e+04
6.734090347885577366e-01 1.189142295805854310e+01 1.666792351801033510e+04
6.895669329421029170e-01 1.186359140177274796e+01 1.474169188907439275e+04
7.054978743759968696e-01 1.184657434559533229e+01 1.307160180022062741e+04
7.211813797053122643e-01 1.182367895777789890e+01 1.163878427226307213e+04
7.367003982522626337e-01 1.180070016332422256e+01 1.038510832274316272e+04
7.522501820589431176e-01 1.178138961674991769e+01 9.256414895833142509e+03
7.675448279445995503e-01 1.175807883861018688e+01 8.293402657590595481e+03
7.829591836858862397e-01 1.173654330340247043e+01 7.423762367955048830e+03
7.984397109635206213e-01 1.171339786270274530e+01 6.645325447512906976e+03
8.140215041505015625e-01 1.168538247969289934e+01 5.957728260945524198e+03
8.297315019082854848e-01 1.166598345463499875e+01 5.338696719396111803e+03
8.456011226024110483e-01 1.163944813568691750e+01 4.773324229255204955e+03
8.616612772726363056e-01 1.161395784495691430e+01 4.278469947485690682e+03
8.779205308870071667e-01 1.159045480257654681e+01 3.830269694446471476e+03
8.944141495906103856e-01 1.156854709902699874e+01 3.402992534168773545e+03
9.111396335270561808e-01 1.153981744400594955e+01 3.067627548647489220e+03
9.281350093351609098e-01 1.151342050087480473e+01 2.746859608974639286e+03
9.454717577564359932e-01 1.148998645829150789e+01 2.451319344206187907e+03
9.629408685083843400e-01 1.146320814033444613e+01 2.190935552263151294e+03
9.807495835219948166e-01 1.143778649534320557e+01 1.955552978435153818e+03
9.988588732151303384e-01 1.141480068957785754e+01 1.746487472556549847e+03
1.017257471673418401e+00 1.138788454682824636e+01 1.558442835255033515e+03
1.035951354587383966e+00 1.136264322107481917e+01 1.382773386585451135e+03
1.054996055763104179e+00 1.134173050919261705e+01 1.238557836103077307e+03
1.074205836864528196e+00 1.131166764340228070e+01 1.105530691481408667e+03
1.093821293874209566e+00 1.128633360150273468e+01 9.841651186677843270e+02
1.113584329792314698e+00 1.126670969018603152e+01 8.778263695260628765e+02
1.133677509638981729e+00 1.124000704603563072e+01 7.815152243760173860e+02
1.154041818911266892e+00 1.121341742641832617e+01 6.959888074890425287e+02
1.174722685775532183e+00 1.118917651730653517e+01 6.188639756942700387e+02
1.195491908495817102e+00 1.116437053688515668e+01 5.523466411288819700e+02
1.216557892447869715e+00 1.114025562653798751e+01 4.917715854183977626e+02
1.237820746880033962e+00 1.111737521603839518e+01 4.377608438986055148e+02
1.259330415694298599e+00 1.109364994843008922e+01 3.892985235364473056e+02
1.280900237445500967e+00 1.106944005088090854e+01 3.477844538230639273e+02
1.302685516337582561e+00 1.104595525966136194e+01 3.097183257921305994e+02
1.324631600198705961e+00 1.102292552156627892e+01 2.749323063491888774e+02
1.346603606124890717e+00 1.099735308053328708e+01 2.465789515697315437e+02
1.368707779997264673e+00 1.097479586828435494e+01 2.187670104385022682e+02
1.390875468504398693e+00 1.095068467313727467e+01 1.967017418416814394e+02
1.413094154366061117e+00 1.092814788375100399e+01 1.743052205720891266e+02
1.435323261512919446e+00 1.090555291345951261e+01 1.565643067946581937e+02
1.457525376634537961e+00 1.088042008311076714e+01 1.401247466272935469e+02
1.479710077816015490e+00 1.085698704316078533e+01 1.252441171510133984e+02
1.501836594001547232e+00 1.083296055485202380e+01 1.121787256657551808e+02
1.523875599800400327e+00 1.080896270848231389e+01 1.005003220953373102e+02
1.545802684123406712e+00 1.078489324145137829e+01 9.006734204760206808e+01
1.567600090029643178e+00 1.076027768600595458e+01 8.080010091510787618e+01
1.589232357965956188e+00 1.073611858389049800e+01 7.251721071786592177e+01
1.610678998687472996e+00 1.071187530172927183e+01 6.523039986785360611e+01
1.631911600225858905e+00 1.068691771846381577e+01 5.866421613485405118e+01
1.652910626614676914e+00 1.066133499323794354e+01 5.278140522269520574e+01
1.673643629843613034e+00 1.063637464953830580e+01 4.758819144501402576e+01
1.694097383183167382e+00 1.061049556612595879e+01 4.277966158977347533e+01
1.714243519372518065e+00 1.058538903935485642e+01 3.860117526613004202e+01
1.734058252877011652e+00 1.055813650679776572e+01 3.493328725043145511e+01
1.753521567492824618e+00 1.053167282592399978e+01 3.169396060193229658e+01
1.772616039302318258e+00 1.050497049249523762e+01 2.871169993527624698e+01
1.791316493442618674e+00 1.047789057908165056e+01 2.603736634311125897e+01
1.809610208994156366e+00 1.045066081287391313e+01 2.361754671846851750e+01
