2.191799393465098389e-01 1.550982308316407554e+01 3.683535669800713658e+06
2.263029979050976415e-01 1.524144869891016185e+01 3.155816761620702688e+06
2.336793153187567695e-01 1.498360921710352933e+01 2.702498190095690545e+06
2.413495745739230591e-01 1.474847154728351661e+01 2.311072844853565097e+06
2.492735142538639315e-01 1.453434835354559063e+01 1.983775936870208010e+06
2.574933427059165614e-01 1.434623349265814873e+01 1.707576137328618905e+06
2.660053243264642320e-01 1.414943596887706612e+01 1.456741402687549591e+06
2.748153731280341683e-01 1.397553154156568667e+01 1.243958977419222705e+06
2.839294352318375014e-01 1.380701648949386851e+01 1.066273091093674302e+06
2.933647059193100759e-01 1.365590087896134719e+01 9.130443284641627688e+05
3.030770424150730502e-01 1.352115202738140276e+01 7.836311978839769727e+05
3.131295922079954108e-01 1.338065756322120947e+01 6.716676730971124489e+05
3.235175118104570147e-01 1.325777882850569078e+01 5.769387777602641145e+05
3.342165883195720721e-01 1.314786463067630429e+01 4.945582239641734050e+05
3.452464598914830041e-01 1.304162227869287705e+01 4.243971563869266538e+05
3.566295926955457274e-01 1.294262639077384058e+01 3.646433946510312962e+05
3.683385557483139783e-01 1.285436691431301703e+01 3.130626892112701898e+05
3.804006513454171179e-01 1.276582090463966956e+01 2.687345617649104097e+05
3.928136500663813591e-01 1.268751061516202761e+01 2.311200372022865631e+05
4.055800162954930066e-01 1.261336245076317475e+01 1.982783656681644788e+05
4.186884460156362620e-01 1.254443770734145325e+01 1.707237464292886434e+05
4.321632876113650767e-01 1.248151587993628020e+01 1.467482565953742887e+05
4.460001941065838138e-01 1.241978265071854004e+01 1.263810180168209918e+05
4.602022249360414596e-01 1.236618405453428871e+01 1.088031560379361326e+05
4.747358494659261186e-01 1.231221925770257641e+01 9.392540435658965725e+04
4.896365210516469557e-01 1.226546501105472231e+01 8.070138920650233922e+04
5.048776379271858739e-01 1.221802572980999813e+01 6.968949865685435361e+04
5.204881613249179306e-01 1.217681815326777794e+01 6.012935372067845310e+04
5.364543102463478208e-01 1.213878215923920223e+01 5.197118857879301504e+04
5.527742930762385987e-01 1.210204433471249708e+01 4.481816575313009525e+04
5.694496939342609254e-01 1.206519113987527980e+01 3.874995360496125068e+04
5.863980779328525905e-01 1.203381169226776137e+01 3.350404361354322464e+04
6.035603144106564955e-01 1.200319573138233586e+01 2.905615740278117300e+04
6.209995453746240957e-01 1.197399252805643499e+01 2.494060563673963406e+04
6.387850450026745230e-01 1.194650263242914434e+01 2.186751537359534996e+04
6.570795404893684521e-01 1.191684753257918850e+01 1.895739451570287201e+04
6.759059592648701820e-01 1.189396190132753794e+01 1.640661218774138615e+04
6.953720506143448166e-01 1.187260115631949553e+01 1.421293327230976502e+04
7.155436160673186441e-01 1.185100410922517433e+01 1.227825842110843223e+04
7.364652088559869858e-01 1.182942164015759268e+01 1.059478356252719277e+04
7.581773919210554880e-01 1.181144518680209110e+01 9.130325002272276834e+03
7.807207999744308902e-01 1.179313826326071357e+01 7.778758398507160564e+03
8.041333072896114098e-01 1.178084001423149552e+01 6.742981449805070952e+03
8.284390141272836017e-01 1.176874713891183433e+01 5.783974648710091060e+03
8.536709219198731491e-01 1.175606590882495439e+01 4.935547342723461952e+03
8.797075148245881993e-01 1.174738877013298044e+01 4.246027000813513041e+03
9.053242104391255873e-01 1.174111534940691470e+01 3.652540780135228033e+03
9.303042908729025617e-01 1.173178074477695354e+01 3.145259063362698726e+03
9.547451033426727074e-01 1.172550531905496207e+01 2.757713836630096921e+03
9.787465278161533444e-01 1.171700954847674225e+01 2.394857938810687301e+03
1.002359406044206702e+00 1.170865113832570614e+01 2.115127466598961746e+03
1.025654175158712489e+00 1.169656653273440483e+01 1.861789828459690852e+03
1.048687172734945605e+00 1.168430694819090299e+01 1.640812092695605543e+03
1.071508226105978290e+00 1.167162143387961493e+01 1.447251697159382957e+03
1.094134321698366996e+00 1.165777832479299292e+01 1.279759079183513450e+03
1.116608375697523359e+00 1.164177643914252869e+01 1.133744414219098644e+03
1.138958395055830852e+00 1.162852276767757154e+01 9.977594330004390031e+02
1.161207160956077233e+00 1.160946073171368020e+01 8.910622570300279222e+02
1.183346773941094554e+00 1.159022342541163297e+01 7.915810039353351613e+02
1.205422990810918193e+00 1.157164073456498521e+01 7.037455882268127425e+02
1.227439445869997092e+00 1.155047895565219029e+01 6.251627978095169738e+02
1.249384286153546242e+00 1.153121274675666186e+01 5.562317948358863759e+02
1.271275889811094739e+00 1.150621570214815748e+01 4.951742295995524614e+02
1.293108705218385168e+00 1.148345899907693379e+01 4.407996479205783658e+02
1.314885846074969500e+00 1.146106051017132188e+01 3.930662364254675367e+02
1.336593329590116896e+00 1.143457388841448896e+01 3.501049831271907919e+02
1.358364963259200309e+00 1.140815836335690747e+01 3.121590867116935328e+02
1.379791720198010108e+00 1.138172212786793480e+01 2.786803396380302047e+02
1.401402395061298156e+00 1.135305107214827558e+01 2.481977416209281557e+02
1.422623363952646658e+00 1.132491679499763215e+01 2.221692820429218784e+02
1.443869773431650794e+00 1.129602766756682541e+01 1.984398036632555886e+02
1.464983254458128936e+00 1.126633124779440465e+01 1.772540900630014278e+02
1.485951709900501516e+00 1.123424178699766607e+01 1.587335174338660977e+02
1.506742816934559581e+00 1.120278374292692547e+01 1.418358328944989637e+02
1.527356575312285747e+00 1.117066950807359760e+01 1.271649204978261309e+02
1.547767540334715308e+00 1.113745380942260788e+01 1.140049962624069764e+02
1.567953802196069280e+00 1.110427925015814665e+01 1.021834096470007580e+02
1.587891594402407458e+00 1.107035331631149155e+01 9.119863028895714763e+01
1.607560912024840416e+00 1.103503810661151086e+01 8.193644058300736788e+01
1.626943441907730881e+00 1.099964987598361077e+01 7.389931853369073167e+01
1.646022105402206392e+00 1.096326247809148313e+01 6.646896766887816455e+01
1.664772809495212558e+00 1.092647883676831277e+01 5.983284868217084806e+01
1.683171217144200149e+00 1.088947430964438112e+01 5.394683721182106950e+01
1.701199385019552146e+00 1.085251662698134112e+01 4.865456685948009863e+01
1.718837844719004027e+00 1.081287389719208214e+01 4.390784600288682782e+01
1.736069937469699509e+00 1.077412955914386217e+01 3.957243746901311710e+01
1.752873944582505450e+00 1.073476495883405946e+01 3.586225290572670588e+01
1.769231051371306318e+00 1.069430155871727983e+01 3.246058045698251249e+01
1.785211336313224928e+00 1.065432532877277616e+01 2.932112109486332230e+01
1.800543377816492097e+00 1.061250668798588315e+01 2.669226888281158949e+01
1.815472419322089026e+00 1.057150970352259911e+01 2.415841017105784871e+01
1.829886862612657872e+00 1.052898572609679029e+01 2.203225524190720108e+01
1.843778089275768917e+00 1.048611401681665178e+01 2.007362185070104132e+01
1.857141698806953789e+00 1.044317742333283050e+01 1.831716741040653673e+01
1.869956697601785844e+00 1.040023007552169787e+01 1.669559965541807145e+01
1.882231412857929831e+00 1.035564715539004688e+01 1.521633848234128017e+01
1.893932699341099646e+00 1.031189701882834520e+01 1.396516487888326985e+01
1.905073578172879589e+00 1.026746078599771650e+01 1.279556523366129284e+01
1.915644108745517382e+00 1.022286636486274780e+01 1.170620639690146092e+01
1.925637225829796684e+00 1.017698942815902008e+01 1.075986055562649923e+01
