2.191799393465098389e-01 1.550982308316407554e+01 3.683535669800713658e+06
2.261060527644502827e-01 1.527796772790690660e+01 3.159442785287490115e+06
2.332637325353359992e-01 1.500463992082476672e+01 2.728530930324061774e+06
2.407028532848346225e-01 1.476207425557789854e+01 2.343497231494628824e+06
2.483757430481007555e-01 1.457248862865047201e+01 2.024954672371109482e+06
2.563305137254452970e-01 1.435782610151159133e+01 1.731082530829011463e+06
2.645607977040014269e-01 1.417909686671668013e+01 1.493654587208953686e+06
2.730718724641486572e-01 1.400530864957726251e+01 1.287297366167176981e+06
2.818697400564486588e-01 1.384069216428803273e+01 1.103479093620018568e+06
2.909609417151172717e-01 1.369019098261012068e+01 9.500401946466837544e+05
3.003411685883956572e-01 1.355777390235331836e+01 8.188416009583444102e+05
3.100135049605402537e-01 1.342021665814639242e+01 7.049211142794035841e+05
3.200040762136861505e-01 1.330121378574444968e+01 6.072768171744985739e+05
3.302966986670318739e-01 1.319184778342710374e+01 5.229215710665925872e+05
3.409266634715511501e-01 1.308019852051762477e+01 4.504634624787808862e+05
3.518239808093050480e-01 1.299376209994877662e+01 3.882115963472425356e+05
3.630793533020795216e-01 1.288453264036865775e+01 3.352090102725342149e+05
3.746400955982726599e-01 1.280491693017581589e+01 2.886818643883579061e+05
3.865437622967643483e-01 1.272559638545434169e+01 2.494323805785824952e+05
3.987695907578006627e-01 1.265590790515309116e+01 2.150046582149399910e+05
4.113393325938878298e-01 1.258273221958087973e+01 1.855397741883003328e+05
4.242396978801696861e-01 1.251747167337215494e+01 1.605228691672409768e+05
4.374673991582319621e-01 1.245958876855945618e+01 1.383780481942482293e+05
4.510502646868372878e-01 1.240162179260110875e+01 1.198483671558655478e+05
4.649700143419741027e-01 1.235110819139976890e+01 1.034517613708559074e+05
4.792143821575525764e-01 1.229590972569964080e+01 8.963455582386696187e+04
4.937901429502264405e-01 1.225171864413895229e+01 7.771000965039477160e+04
5.087042932449014065e-01 1.220937122879194092e+01 6.722588844597509888e+04
5.239605329994496685e-01 1.216959654768429466e+01 5.828780064336600481e+04
5.395516408217234661e-01 1.213061167392882034e+01 5.054215077089009719e+04
5.554783722140456126e-01 1.209436285938563316e+01 4.378896455111823161e+04
5.717102337214414742e-01 1.206111091722660333e+01 3.804100328705197899e+04
5.880732199964062712e-01 1.202963911904408434e+01 3.305612022794215591e+04
6.033692535563737191e-01 1.200091056718299676e+01 2.877621297191991835e+04
6.176749113794078871e-01 1.197205195620671603e+01 2.579840566724386372e+04
6.313048737639020969e-01 1.194301613819547647e+01 2.301237899599325465e+04
6.444387359921517344e-01 1.191609041303103211e+01 2.057217878906326951e+04
6.572491553555849242e-01 1.188562227048417697e+01 1.848559057751382352e+04
6.698572185974115412e-01 1.185314110502609353e+01 1.658736289907543687e+04
6.823609155328352882e-01 1.182087288893189658e+01 1.497002097107971531e+04
6.948354043212592313e-01 1.178819282518567846e+01 1.334361691497388711e+04
7.073725948674159936e-01 1.175268461617393001e+01 1.199837086782851657e+04
7.199833803899774454e-01 1.171857037498102194e+01 1.089150242579697442e+04
7.327564716126400146e-01 1.168220020446373475e+01 9.788371191286276371e+03
7.457317948568094046e-01 1.164347697301489148e+01 8.790422739048779476e+03
7.589441873970456109e-01 1.160823313825405556e+01 7.882299460108952189e+03
7.724288742511801198e-01 1.156972035850538028e+01 7.067477897324374680e+03
7.862108580929125790e-01 1.153186333147744769e+01 6.326813294506679995e+03
8.003273558827103118e-01 1.149361791700245305e+01 5.649940674652251801e+03
8.147891926909891502e-01 1.145448639379191036e+01 5.039709242651592831e+03
8.296200698199063250e-01 1.141557939871856853e+01 4.496764161483632961e+03
8.448442342271450523e-01 1.138199673198169037e+01 4.002755454121069306e+03
8.604724123846385631e-01 1.133821662163011013e+01 3.557482884129266949e+03
8.765099195179867353e-01 1.129950054841111395e+01 3.137341285399971184e+03
8.929777326785252045e-01 1.126078677513134352e+01 2.785349583403771248e+03
9.098683924829636949e-01 1.122312561875404846e+01 2.484020326791935531e+03
9.271851180402312931e-01 1.118688628311829092e+01 2.197508609593670826e+03
9.449480700674346423e-01 1.114993789274164904e+01 1.946648287262456279e+03
9.631403938226662520e-01 1.111216200179153191e+01 1.717956194269928574e+03
9.817590676814421657e-01 1.107667973042016563e+01 1.515785219808007469e+03
1.000810980452434329e+00 1.104230798831291338e+01 1.336231844822076027e+03
1.020273122216254658e+00 1.100906479057616671e+01 1.171346707627550359e+03
1.040141765833692444e+00 1.097627322288560414e+01 1.038427498868473776e+03
1.060410715682944982e+00 1.094135405559728547e+01 9.146291242489616025e+02
1.081055144523812794e+00 1.090761507351623649e+01 8.056707494448953639e+02
1.102065513792796159e+00 1.087622270792597412e+01 7.085435631211755663e+02
1.123419690636263235e+00 1.084077137352654852e+01 6.200446300083887081e+02
1.145097884696431034e+00 1.080868082014303688e+01 5.488901030212513206e+02
1.167089387185337390e+00 1.078082984150749724e+01 4.832662357104636612e+02
1.189361715261285424e+00 1.075045335310773176e+01 4.252979692643972953e+02
1.211889902919140338e+00 1.071713357609405293e+01 3.747861423426379588e+02
1.234643902856936037e+00 1.068871515018202700e+01 3.299990580088864931e+02
1.257598469503311778e+00 1.065978441366193863e+01 2.904483630427580465e+02
1.280726171138608871e+00 1.063169026708649945e+01 2.560223643338539432e+02
1.304000835532922009e+00 1.060318300297855743e+01 2.257191684579745470e+02
1.327387462211337965e+00 1.057579030765957917e+01 1.991786341390992447e+02
1.350851399887001980e+00 1.054740747322981775e+01 1.759068592232949015e+02
1.374362833932463390e+00 1.052017765237596159e+01 1.553303389330479547e+02
1.397892176070253401e+00 1.049319198908135853e+01 1.373469481583287859e+02
1.421401163794784095e+00 1.046628561710838667e+01 1.214472271428313235e+02
1.444857933934733607e+00 1.043887107494822075e+01 1.076107805169819471e+02
1.468227099694335624e+00 1.041182242605119157e+01 9.545912307685132703e+01
1.491480057546437976e+00 1.038531726471484440e+01 8.463747401491778533e+01
1.514576729148305878e+00 1.035872463543367061e+01 7.512021686828700240e+01
1.537490760563409387e+00 1.033131921795001062e+01 6.681745151067082134e+01
1.560182277890953761e+00 1.030464779425928512e+01 5.944881096128762010e+01
1.582623315204865211e+00 1.027734847460705758e+01 5.299655438826199827e+01
1.604782572953485698e+00 1.025079295089982701e+01 4.724195760302927027e+01
1.626624212616335496e+00 1.022309982369874426e+01 4.219944824537347472e+01
1.648127222909401945e+00 1.019601973094592928e+01 3.773657715994428941e+01
1.669257033661909695e+00 1.016696968410505164e+01 3.367002048884249632e+01
1.689987772105925545e+00 1.013938401429355274e+01 3.029582947545302574e+01
1.710256577312810222e+00 1.011073524065776219e+01 2.711305711051026535e+01
1.729904288047948269e+00 1.008228085408720531e+01 2.444675097693045274e+01
1.748888470201143353e+00 1.005419292248440577e+01 2.199110529653340862e+01
1.767222433292981121e+00 1.002439029344520272e+01 1.992339018179791665e+01
1.784854622932808388e+00 9.995160716517219157e+00 1.801476624944670490e+01
1.801813840917754206e+00 9.963891801866763487e+00 1.630226297864406604e+01
1.818064521293070834e+00 9.933014650777462151e+00 1.485113306217751195e+01
1.833603143957533321e+00 9.901971600685786967e+00 1.347567980129525544e+01
