2.191799393465098389e-01 1.550982308316407554e+01 3.683535669800713658e+06
2.253981988226097244e-01 1.528652649012005327e+01 3.243831025580190122e+06
2.318235642302928778e-01 1.503949133036610775e+01 2.801745035841059871e+06
2.384580181938503463e-01 1.483135048032965919e+01 2.446407188493869733e+06
2.453109987816228243e-01 1.464136461316497417e+01 2.142343272788792383e+06
2.523711194913781930e-01 1.445782323284539039e+01 1.865355271010689437e+06
2.596540785407327467e-01 1.428486460646343836e+01 1.632426356724549085e+06
2.671632318420444907e-01 1.411914402700920412e+01 1.421888898384390632e+06
2.748856598981598287e-01 1.396506887612622627e+01 1.234373635543087265e+06
2.828726624981455773e-01 1.382421828197809610e+01 1.085376541206184309e+06
2.910834366713026533e-01 1.370064149476099402e+01 9.479451831368416315e+05
2.995249249107521661e-01 1.356548055987605572e+01 8.284590210995451780e+05
3.082070056495554433e-01 1.344320802647776425e+01 7.247955868964230176e+05
3.171535198077035100e-01 1.333352687952340787e+01 6.272418376968476223e+05
3.263280913762434121e-01 1.323074095772119563e+01 5.544566181847124826e+05
3.357665254031574897e-01 1.313375715186291082e+01 4.846628003576788469e+05
3.454605556530710442e-01 1.304404031270298958e+01 4.236315399010976544e+05
3.554294426175565458e-01 1.295558655714180674e+01 3.706571320827576565e+05
3.656357722341825323e-01 1.287395637885324184e+01 3.238391416265239823e+05
3.761006934183639960e-01 1.279524501952976578e+01 2.817525576365790330e+05
3.868624152610155575e-01 1.272369684010736357e+01 2.484466304264112841e+05
3.979050938929629133e-01 1.265997398219615810e+01 2.173791820783963485e+05
4.091715891310316322e-01 1.259675259068667863e+01 1.906842643079215486e+05
4.207192196620822555e-01 1.253620343642325707e+01 1.671374583600487967e+05
4.325553375527876332e-01 1.247839139942524689e+01 1.461889060162133828e+05
4.446811082873605714e-01 1.242682652132983101e+01 1.282211290882944304e+05
4.570452173973899579e-01 1.237686340735124446e+01 1.125744908997426392e+05
4.697113710075934145e-01 1.233004129862051990e+01 9.883061548854905413e+04
4.826193118025618456e-01 1.228527255334739898e+01 8.662517977821518434e+04
4.958383998088689015e-01 1.224475055542048629e+01 7.532516183183262183e+04
5.093030730397412054e-01 1.220663864175367763e+01 6.681942804117380001e+04
5.230507964627769679e-01 1.217173873555178432e+01 5.871975234438915504e+04
5.370714455485501304e-01 1.213611880232085660e+01 5.163983909836586827e+04
5.513637291097746029e-01 1.210357839581120309e+01 4.545572872473197640e+04
5.659284750429910416e-01 1.207134521022213747e+01 3.997252911617578502e+04
5.807136650964650482e-01 1.204500152304115623e+01 3.514974305959389312e+04
5.954107572387681291e-01 1.201665204870962533e+01 3.105666287291697518e+04
6.097902491740727626e-01 1.199097374681783101e+01 2.759200688693895427e+04
6.239039409308918538e-01 1.196598091326534252e+01 2.458002686751476358e+04
6.379614134950646331e-01 1.194126306967736184e+01 2.190527906451761737e+04
6.520320211522518949e-01 1.191588072057228054e+01 1.942131322119099787e+04
6.662193053942222498e-01 1.189200742635402896e+01 1.732519291993978914e+04
6.805062978008606933e-01 1.186630497427027819e+01 1.562833508249666374e+04
6.950266750350103662e-01 1.184213327658806847e+01 1.396747685096782152e+04
7.098033378624499790e-01 1.181806735003555175e+01 1.247216985503479191e+04
7.248789965257206314e-01 1.179362171430930140e+01 1.106599466951323666e+04
7.403332215944109507e-01 1.177016380665737394e+01 9.926129123260046981e+03
7.560407978709899890e-01 1.174525341878813300e+01 8.763484332309066303e+03
7.722846097505612351e-01 1.172269560232624386e+01 7.870165763822784356e+03
7.887623835609770540e-01 1.170007938879692944e+01 7.001803990353012523e+03
8.057774260222319018e-01 1.167899134310305165e+01 6.219649940348189375e+03
8.232392434879408638e-01 1.165635801645816017e+01 5.516961073405958814e+03
8.411849572499208172e-01 1.163437251806998418e+01 4.898658755901099539e+03
8.596179698950886516e-01 1.161377432412134425e+01 4.337211838273326066e+03
8.785488529622141884e-01 1.159161376323140757e+01 3.838862765811734789e+03
8.980016016729953643e-01 1.157705959372375482e+01 3.393155421248606217e+03
9.179547810234252037e-01 1.155684265078458672e+01 3.000969402154295949e+03
9.384441673472361245e-01 1.153930678253955655e+01 2.648749379236088316e+03
9.594651960700786297e-01 1.152174964585785588e+01 2.336371522412186096e+03
9.809937522565087553e-01 1.150619617147704155e+01 2.063026289469208677e+03
1.003065300048373576e+00 1.149228944404148578e+01 1.819235973082017381e+03
1.025652742140035434e+00 1.148124873181753891e+01 1.601386999550365999e+03
1.048759986514137488e+00 1.146419229365933390e+01 1.410077154287799431e+03
1.072372542722052957e+00 1.145218483309468560e+01 1.241506967715815790e+03
1.096495944663190114e+00 1.144244831277465657e+01 1.092621057126065125e+03
1.121097877746537241e+00 1.142989055221226380e+01 9.618010309416467862e+02
1.146189740833680970e+00 1.142091809039760442e+01 8.461807331713474696e+02
1.171731011596225391e+00 1.141081722306503288e+01 7.455418144818274868e+02
1.197724726432049192e+00 1.140573221324794595e+01 6.517787185214100418e+02
1.224139607550870368e+00 1.139425640050695776e+01 5.768068076813586913e+02
1.250961872640445227e+00 1.138621271532158552e+01 5.076821739004880101e+02
1.278166760236778110e+00 1.138316058847313528e+01 4.465613272853192370e+02
1.305728367907706300e+00 1.137250815979865948e+01 3.936868393645939364e+02
1.333626772836630447e+00 1.136717322837994359e+01 3.469926805671906891e+02
1.361832322116072413e+00 1.136182765368510417e+01 3.058175769629602883e+02
1.390312303021451701e+00 1.135919996808614840e+01 2.696238336462591860e+02
1.418990592057853606e+00 1.135395388867588373e+01 2.381180442165182569e+02
1.447492556422539156e+00 1.134675264258517657e+01 2.106263472458441868e+02
1.475752318782198369e+00 1.134364600328940931e+01 1.865993264126284146e+02
1.503769225441254687e+00 1.133710397536654391e+01 1.657246574234784759e+02
1.531492021435918227e+00 1.133125455684286287e+01 1.474967272035308667e+02
1.558927805394016763e+00 1.132527631295469028e+01 1.313260060967366201e+02
1.586069980693180614e+00 1.131884493923028323e+01 1.168143139854128805e+02
1.612891981160159860e+00 1.131115609900969865e+01 1.047460496760088517e+02
1.639369843327701304e+00 1.130390581007151596e+01 9.376832496520025018e+01
1.665540790370447333e+00 1.129381833794500700e+01 8.399425775175599540e+01
1.691318452367504221e+00 1.128462685684399958e+01 7.540346521948156067e+01
1.716712237810020358e+00 1.127397879090592170e+01 6.776896260813329320e+01
1.741729102878552649e+00 1.126290968008641435e+01 6.075532882142489655e+01
1.766360570178951761e+00 1.125073306867448331e+01 5.484778044387390850e+01
1.790555892130816451e+00 1.123795340865153491e+01 4.956851274053666856e+01
1.814313126990690250e+00 1.122429678961961308e+01 4.473820711547428175e+01
1.837626572940700864e+00 1.120986551344169513e+01 4.046382224042478271e+01
1.860491074069696937e+00 1.119472069331858854e+01 3.660332536735933928e+01
1.882861759582732386e+00 1.117835296498284414e+01 3.318665521341553415e+01
1.904775325064908653e+00 1.116194197784754927e+01 3.011413165874949982e+01
1.926157613161389337e+00 1.114397500329053869e+01 2.736371503233143798e+01
1.947137230469803804e+00 1.112622942239040569e+01 2.487191839468804133e+01
1.967417773415155002e+00 1.110728284888501882e+01 2.266894945504792602e+01
1.987204858681047126e+00 1.108640410415800126e+01 2.065903713940511821e+01
