2.191799393465098389e-01 1.550982308316407554e+01 3.683535669800713658e+06
2.249917731628928996e-01 1.530949169329432102e+01 3.274331239264736418e+06
2.309663528396813104e-01 1.507189142706957163e+01 2.856721196836222894e+06
2.371340249733947247e-01 1.487371692858437555e+01 2.520297579868704081e+06
2.434946251342005319e-01 1.469363445976757454e+01 2.220230325721681584e+06
2.500285055295281555e-01 1.452256651393956055e+01 1.962025054824225837e+06
2.567580500485308059e-01 1.434309712471259601e+01 1.720847407097965013e+06
2.636828468337926168e-01 1.419080201127558105e+01 1.513730313500756398e+06
2.708068640979550690e-01 1.404169577375563804e+01 1.337366901262942934e+06
2.781329344271133430e-01 1.390763981898565049e+01 1.175268264955776278e+06
2.856652011640008482e-01 1.377810083843058564e+01 1.036219225496978383e+06
2.934161113651911346e-01 1.365210024995793781e+01 9.138762631465969607e+05
3.013548627734268237e-01 1.353876443588455913e+01 8.045348837215576787e+05
3.095007861078560851e-01 1.343044811348916312e+01 7.095585532826572889e+05
3.178846893878211066e-01 1.333106899093691133e+01 6.255756429043406388e+05
3.264690037231438025e-01 1.322617367345848116e+01 5.520777925743330270e+05
3.352825930054935122e-01 1.313777212526937888e+01 4.873806026559229358e+05
3.443203154397369015e-01 1.305308402604899243e+01 4.296977722827857942e+05
3.535846637318393881e-01 1.296994221841661776e+01 3.792180847380732885e+05
3.630861257018375143e-01 1.289528458082531515e+01 3.349252241440588841e+05
3.727993417098639517e-01 1.282044151078579652e+01 2.952458936081659049e+05
3.827686511626274823e-01 1.275114113030985052e+01 2.608214384296865610e+05
3.929460980305602424e-01 1.268649008265082578e+01 2.305270159446253674e+05
4.033736096516539194e-01 1.262445076439422209e+01 2.036396760240305739e+05
4.140278589140093390e-01 1.256935501487662066e+01 1.803032548189343361e+05
4.249515405070727336e-01 1.251368845865517976e+01 1.590621423651297227e+05
4.360812369172196723e-01 1.246301419327600613e+01 1.406894617024296604e+05
4.474587045071451441e-01 1.241431826967477825e+01 1.244556705113762873e+05
4.590906479345513436e-01 1.236889925283959890e+01 1.101967149625685561e+05
4.709369914835317972e-01 1.232593483904062381e+01 9.736025358839138062e+04
4.830126431651364793e-01 1.228542557021918036e+01 8.647362559452695132e+04
4.953595613310834977e-01 1.224603362842410981e+01 7.553899742076946131e+04
5.079253669447254538e-01 1.221079861390679788e+01 6.769215904803796730e+04
5.207362536477249115e-01 1.217728407802724711e+01 6.002972505865889980e+04
5.337856288486746426e-01 1.214264681149730940e+01 5.322644411042887077e+04
5.470715734885940318e-01 1.211210763500681153e+01 4.714123574668735091e+04
5.605958932883555734e-01 1.207935269131952616e+01 4.185195444221123034e+04
5.743213571198196865e-01 1.205757883325542323e+01 3.719379857556341449e+04
5.882820633813403699e-01 1.202993689039601044e+01 3.267941520086074524e+04
6.023918736263068618e-01 1.200536658250407207e+01 2.933649564102524528e+04
6.167332464796116964e-01 1.198024206759641075e+01 2.610046515951489710e+04
6.313760028866202134e-01 1.195817212182879352e+01 2.321635774535280507e+04
6.463755249908545997e-01 1.193592723558560564e+01 2.060071449803305586e+04
6.617126254292823306e-01 1.191570671548218385e+01 1.829406313289637910e+04
6.775462453968487120e-01 1.189579867148714598e+01 1.624945661946156179e+04
6.938234514741916659e-01 1.187739692332344354e+01 1.440787437968127415e+04
7.105725111122290771e-01 1.185915167049696350e+01 1.276308203326374496e+04
7.278855239888997186e-01 1.184408378917896876e+01 1.128534646053288270e+04
7.457578785539278332e-01 1.182806525825366784e+01 9.986866599577426314e+03
7.642053157019386145e-01 1.181278483894717368e+01 8.822349286087004657e+03
7.832569291804513112e-01 1.180257979516351163e+01 7.774381353046049298e+03
8.029188485745014647e-01 1.179111499518035444e+01 6.848480267655085299e+03
8.232252109282177654e-01 1.178267833122314023e+01 6.028420662794545024e+03
8.441720589895763682e-01 1.177624712508453086e+01 5.300308136989521699e+03
8.657961496264123813e-01 1.176757124404447552e+01 4.658585591830315025e+03
8.880846206642247775e-01 1.176452661954161094e+01 4.090227636004637134e+03
9.110245434104168316e-01 1.175811558106908983e+01 3.562770581338362717e+03
9.346570300915391094e-01 1.175800727343381702e+01 3.150017115684629516e+03
9.589682336271698748e-01 1.175708968204016891e+01 2.762255066515725503e+03
9.836141346620840276e-01 1.175837219060709771e+01 2.422333623155441273e+03
1.008268669808951579e+00 1.175946128099628929e+01 2.135673482671854799e+03
1.032959123361075315e+00 1.176173365911432711e+01 1.880067969926259366e+03
1.057699201452596549e+00 1.176302136711428581e+01 1.661013815416839179e+03
1.082496498046491507e+00 1.176697312061059897e+01 1.469403839555392096e+03
1.107356549053543082e+00 1.177007545279929523e+01 1.302675463770884562e+03
1.132291806675933099e+00 1.177493326322429112e+01 1.155937262868065318e+03
1.157340354250557146e+00 1.177289420994615377e+01 1.027129032395059312e+03
1.182454009359347413e+00 1.177661139039343219e+01 9.131390776593700593e+02
1.207677165976873468e+00 1.177738997376756380e+01 8.099929723528020986e+02
1.232988198538035984e+00 1.177901682337690481e+01 7.247198636627376800e+02
1.258378170396336371e+00 1.178133754109481224e+01 6.456621449479611101e+02
1.283882573528327464e+00 1.178344913765433510e+01 5.767749389575080841e+02
1.309454113577303236e+00 1.178400653681809196e+01 5.137235123166872199e+02
1.335106909130215902e+00 1.178369505620735147e+01 4.594378549571587769e+02
1.360826102889389100e+00 1.178324289399282421e+01 4.109408660113114138e+02
1.386608297815912660e+00 1.178524700735121655e+01 3.674319054359751249e+02
1.412437824457302593e+00 1.178357630602647177e+01 3.293623015427544374e+02
1.438316741331455484e+00 1.178053387966696874e+01 2.949169245021131474e+02
1.464228272330551306e+00 1.177942800481910091e+01 2.643639952920945007e+02
1.490128081527850812e+00 1.177739881260553467e+01 2.370602710770697286e+02
1.516192006954925064e+00 1.177410602045687860e+01 2.127140307138687945e+02
1.541945167639471981e+00 1.177096276744334702e+01 1.911695263601281454e+02
1.567807385573239731e+00 1.176851690258649441e+01 1.718695300633904139e+02
1.593622954078651510e+00 1.176424885311694091e+01 1.546965674993321613e+02
1.619370446669709862e+00 1.175873088110093256e+01 1.391870086665732913e+02
1.645031646680248594e+00 1.175364093314384029e+01 1.254402553858968190e+02
1.670593693110283606e+00 1.174758927160140054e+01 1.129435780999641139e+02
1.696029839178530008e+00 1.174181017659184434e+01 1.018619794176687918e+02
1.721449202036368087e+00 1.173560024553682446e+01 9.191113991955161566e+01
1.746455424875465567e+00 1.172795004773050920e+01 8.306225272311148444e+01
1.771401934530661970e+00 1.171985070042184951e+01 7.504986946430551598e+01
1.796152926014344953e+00 1.171072544096781165e+01 6.790783346790151143e+01
1.820676651737228369e+00 1.170161699421575641e+01 6.148147828149824790e+01
1.844964032952455923e+00 1.169156602734577177e+01 5.566988190512416423e+01
1.868978956971186767e+00 1.168118131867577247e+01 5.027538291801914028e+01
1.892715612542498205e+00 1.166987202538854973e+01 4.570049850432774718e+01
1.916288586934018490e+00 1.165878839546552292e+01 4.154530875689961533e+01
1.939278264766718607e+00 1.164567072652095980e+01 3.782749271932291180e+01
1.962063209429929733e+00 1.163281631830140483e+01 3.441959763847884091e+01
1.984483408601798171e+00 1.161924322495882578e+01 3.135593187630515999e+01
