2.191799393465098389e-01 1.550982308316407554e+01 3.683535669800713658e+06
2.260852518306540881e-01 1.525058695900765571e+01 3.180685766935253982e+06
2.332194874662469330e-01 1.501997145466880035e+01 2.749661717818230856e+06
2.406345753140872179e-01 1.476727894826102094e+01 2.354078176091283094e+06
2.482794743141130134e-01 1.455865410759835754e+01 2.017795650147545151e+06
2.562064451177624713e-01 1.436555079740949203e+01 1.742299530253775418e+06
2.644074459764371166e-01 1.418253186409280531e+01 1.497154383365937276e+06
2.728952273053200650e-01 1.400474917464547531e+01 1.273922380822491599e+06
2.816509362944014105e-01 1.384828213074102798e+01 1.110164162247668486e+06
2.907066291223555088e-01 1.369780098682024594e+01 9.530804004914682591e+05
3.000557478679461432e-01 1.355854225133970381e+01 8.134843246346515371e+05
3.096826534240573747e-01 1.342838143892487501e+01 7.079321705035096966e+05
3.196327440016265564e-01 1.331114304320572472e+01 6.035965822299199644e+05
3.298810896283257410e-01 1.319395150051821020e+01 5.263088102406878024e+05
3.404420262172260792e-01 1.308573519345938863e+01 4.530102124507856788e+05
3.513251381326393807e-01 1.299017622292832108e+01 3.916337599531004089e+05
3.625114966159898033e-01 1.289704847464434856e+01 3.379531671826001257e+05
3.740184459802624040e-01 1.281128773320243219e+01 2.891875187021367601e+05
3.858798325960119402e-01 1.272978519526444252e+01 2.516618699087028217e+05
3.980575091617809536e-01 1.265545942739801966e+01 2.170236594137851207e+05
4.105748602504332156e-01 1.258407519829942700e+01 1.875852450596826966e+05
4.233946862855939575e-01 1.252083185400360854e+01 1.617845514937871194e+05
4.365722908616166409e-01 1.246070365107507527e+01 1.400510058316602372e+05
4.500905588516712630e-01 1.240338458213777706e+01 1.215737508865835262e+05
4.639385109315309341e-01 1.235160980486485727e+01 1.049016768839277356e+05
4.781130911159391927e-01 1.230122036860927537e+01 9.061189996779282228e+04
4.926201517720568690e-01 1.225598297118903623e+01 7.856853602187325305e+04
5.074598071969665947e-01 1.221199984219682122e+01 6.801803227485243406e+04
5.226415925711450639e-01 1.217200081097681874e+01 5.894638658097878942e+04
5.381561585466059228e-01 1.213280639591992127e+01 5.117380708945206425e+04
5.540037464407798762e-01 1.209850917041386964e+01 4.436104926329011505e+04
5.701861261590824848e-01 1.206450305942188628e+01 3.816975405242443230e+04
5.866270601554544051e-01 1.203439875702325601e+01 3.345577138967946667e+04
6.030298345571722951e-01 1.200241101477392469e+01 2.916120632762356763e+04
6.194503889780790251e-01 1.197481470891898248e+01 2.548290295893000803e+04
6.359902405871816766e-01 1.194789838935699144e+01 2.232292030211785095e+04
6.528033223562295095e-01 1.192170891475538497e+01 1.954276034104688006e+04
6.699597312065390664e-01 1.189667298915903970e+01 1.710137221169509212e+04
6.875473603178362536e-01 1.187236679453551069e+01 1.494523456561992316e+04
7.056522117651656822e-01 1.184700968181915748e+01 1.307692298861926611e+04
7.242008424236020536e-01 1.182462172100907694e+01 1.142258852883319196e+04
7.433734067056068096e-01 1.180284984601839682e+01 9.944965795379317569e+03
7.631701573772577962e-01 1.178137265677823464e+01 8.656670817784215615e+03
7.836269457812714556e-01 1.176095689300758984e+01 7.545413214562937355e+03
8.047746670375267586e-01 1.174472650025493614e+01 6.542843579280983249e+03
8.266358113216007997e-01 1.172748124695650951e+01 5.683418689228396033e+03
8.492327846526003254e-01 1.171088268932649790e+01 4.925997885972607037e+03
8.724614028349788608e-01 1.169693026391024304e+01 4.268961476433174539e+03
8.962534344971094802e-01 1.168402381179139304e+01 3.699572606996189734e+03
9.206234570552842555e-01 1.167232528960324345e+01 3.203673932201110802e+03
9.455837555384525306e-01 1.166191266246723401e+01 2.776600689415632132e+03
9.706790275048899908e-01 1.165043200937670953e+01 2.409738652083718534e+03
9.954349949431819944e-01 1.164802086875727127e+01 2.101259005984837131e+03
1.019944196299503281e+00 1.163399235767491824e+01 1.835594356318775226e+03
1.044158492974762042e+00 1.162412718826951341e+01 1.612430127773289087e+03
1.068210948590916143e+00 1.161384379357684793e+01 1.415805314408982895e+03
1.092070194160023711e+00 1.160267424365719258e+01 1.242805390838978155e+03
1.115793284983226830e+00 1.159169903994233053e+01 1.100918338857346953e+03
1.139411414556392721e+00 1.157728789689294580e+01 9.737504743970232539e+02
1.162916459902585631e+00 1.156537874871122540e+01 8.612263539009459237e+02
1.186338702740343809e+00 1.155009609669653692e+01 7.626456070031258605e+02
1.209686614634233104e+00 1.153575993981593051e+01 6.758716071387684678e+02
1.232964066087632427e+00 1.152332319845516828e+01 6.001899365284815531e+02
1.256171589804037314e+00 1.150486224324941809e+01 5.326066939118634309e+02
1.279254299535048212e+00 1.148575377208570458e+01 4.737226551034748923e+02
1.302269915075028317e+00 1.146731676267448741e+01 4.215703487204245903e+02
1.325242978903059532e+00 1.144743038456197226e+01 3.753074651608390582e+02
1.348197656461938232e+00 1.142850767112432564e+01 3.339627987445704207e+02
1.370983837672544059e+00 1.140696295096757140e+01 2.982856098063342642e+02
1.393732257888368631e+00 1.138813226376829135e+01 2.657071412051903394e+02
1.416475572284020545e+00 1.136413995508787167e+01 2.373386136032009688e+02
1.438867144882004956e+00 1.134121647744186667e+01 2.118403954014494559e+02
1.461264674074439274e+00 1.131731641530527099e+01 1.885284109372740318e+02
1.483476607204814224e+00 1.129169660763521854e+01 1.692953185928740254e+02
1.505669560586698985e+00 1.126724628709910370e+01 1.508202152268336533e+02
1.527466601085859299e+00 1.124051413844529179e+01 1.356104031935742569e+02
1.549173440492706222e+00 1.121415973793302889e+01 1.215441637930650103e+02
1.570652553271763230e+00 1.118597746624917910e+01 1.089310988183325293e+02
1.591916534390052984e+00 1.115889937321445835e+01 9.769638634799946431e+01
1.613022138036668718e+00 1.112999021827672408e+01 8.773824098389384574e+01
1.633662715915780161e+00 1.110012254157842193e+01 7.887114522532867511e+01
1.654090776271393004e+00 1.106937871455216893e+01 7.094379851859525843e+01
1.674228667065730702e+00 1.103908737129816764e+01 6.386831892477716366e+01
1.694007480831730472e+00 1.100702844577146777e+01 5.757211360624923913e+01
1.713457757758835909e+00 1.097608377215038900e+01 5.189345758416953203e+01
1.732523473771576894e+00 1.094290334280028532e+01 4.682119765071571749e+01
1.751192223158041017e+00 1.090954789964551530e+01 4.232777446320674386e+01
1.769463767210996075e+00 1.087617593440396391e+01 3.825699773893915534e+01
1.787284097657609871e+00 1.084072581180413053e+01 3.463741901166812198e+01
1.804769085873891843e+00 1.080646694275885089e+01 3.140326655065997841e+01
1.821616961608123697e+00 1.077029688675200880e+01 2.848496387341641523e+01
1.838066442771323139e+00 1.073379004165930617e+01 2.587791131511182385e+01
1.854032356474535570e+00 1.069731444001600096e+01 2.350774933800166977e+01
1.869481351287854975e+00 1.065923462694218848e+01 2.143077683297062563e+01
1.884416035114368615e+00 1.062213716970530619e+01 1.951492963816592408e+01
1.898826030568622869e+00 1.058345612544643899e+01 1.781718429780290336e+01
1.912688538580690878e+00 1.054436867832472302e+01 1.627368918542685705e+01
1.926012666599708822e+00 1.050538548648850323e+01 1.483275188736002370e+01
1.938765158883093642e+00 1.046531863544259799e+01 1.361890454608381695e+01
1.950954514080237345e+00 1.042460495295189915e+01 1.249986042079190263e+01
