2.191799393465098389e-01 1.550982308316407554e+01 3.683535669800713658e+06
2.260389431101892943e-01 1.523921487468485836e+01 3.166495866197596304e+06
2.331204481286558439e-01 1.499246248091051648e+01 2.737152072366766632e+06
2.404683898625683824e-01 1.478064596221607196e+01 2.357009214960123878e+06
2.480683228708513710e-01 1.455843837129193474e+01 2.027226804232066264e+06
2.559346067797017565e-01 1.436966795823751930e+01 1.746553605237651384e+06
2.640684075101796813e-01 1.418270838767503150e+01 1.503659283169873990e+06
2.724792640916525177e-01 1.401193568820547419e+01 1.299266337576698745e+06
2.811690249695004695e-01 1.385219941869699589e+01 1.118771004082826898e+06
2.901466914367210603e-01 1.370740055682930780e+01 9.628800972244509030e+05
2.994047775221480023e-01 1.356718629581673241e+01 8.295544680487950100e+05
3.089595784970075032e-01 1.343550190695117053e+01 7.159057690889706137e+05
3.188107757989908642e-01 1.332171089909246220e+01 6.173487037737879436e+05
3.289661045000753514e-01 1.320027245035146812e+01 5.334041423817533068e+05
3.394243857916041662e-01 1.309551150240284123e+01 4.600199382793108234e+05
3.501976841362658965e-01 1.300045759852365457e+01 3.965567015919486876e+05
3.612838774768774575e-01 1.291009329547722473e+01 3.433580748651325121e+05
3.726895496293557430e-01 1.282033009414561064e+01 2.963776300815528375e+05
3.844247933253539529e-01 1.274334285620500040e+01 2.557604279936229868e+05
3.964781936801555218e-01 1.266615948214668208e+01 2.208178181621927943e+05
4.088519646633060334e-01 1.259793415600168132e+01 1.909389673911209975e+05
4.215471600591734203e-01 1.253152459021424825e+01 1.650848223155225860e+05
4.345942631295946490e-01 1.247263448439373512e+01 1.430962837387126056e+05
4.479694905171970332e-01 1.241459240624537053e+01 1.224284200749445154e+05
4.616701547567448882e-01 1.236063127854513688e+01 1.072071806562269485e+05
4.756909857109122286e-01 1.230918427506000690e+01 9.305705584785822430e+04
4.900483500770303480e-01 1.226534501652118436e+01 8.049599953003389237e+04
5.047231983320576987e-01 1.222096107836218870e+01 6.985656117785586684e+04
5.197400815331945090e-01 1.217929827286317490e+01 6.055118864346092596e+04
5.350863101425297197e-01 1.214027948178804017e+01 5.254763669329397817e+04
5.507595988667994824e-01 1.210662743114446904e+01 4.563505159852127690e+04
5.667639434472082627e-01 1.206948132718361499e+01 3.965940643878580886e+04
5.830264961731306261e-01 1.203822643486805610e+01 3.454920938825311168e+04
5.986223222846158709e-01 1.201000495781830146e+01 3.027619517871772041e+04
6.131741105454073804e-01 1.198371086732053925e+01 2.674414857254952585e+04
6.270353665605689075e-01 1.195485471374652597e+01 2.384554367193225698e+04
6.404074117607131411e-01 1.192627311693150816e+01 2.133103559548147314e+04
6.534574721963681831e-01 1.189663995230057481e+01 1.911763313441763603e+04
6.662952489524258670e-01 1.186424492183213886e+01 1.718466814310525297e+04
6.790259887241911763e-01 1.183493911087155581e+01 1.543156587972359011e+04
6.918363488781470449e-01 1.180210818076524149e+01 1.379535227771054997e+04
7.044856266437913295e-01 1.177054666547809703e+01 1.246982770888888808e+04
7.173490856762018142e-01 1.173532895722752301e+01 1.121446210750633327e+04
7.303633301244175646e-01 1.170099451772597376e+01 1.008297055016625927e+04
7.435854773925641981e-01 1.166572162181951455e+01 9.035343113376271504e+03
7.570469899378231560e-01 1.162946840330781484e+01 8.103379768712520672e+03
7.707828797488164296e-01 1.159527941960396724e+01 7.248011327479831380e+03
7.848185868642757468e-01 1.155655470742036606e+01 6.495328654711121089e+03
7.991987783437241033e-01 1.151774286347783161e+01 5.797599773147827364e+03
8.139374106531056530e-01 1.148514743645787028e+01 5.170349262179905054e+03
8.290406069961333557e-01 1.144698250201054712e+01 4.617817398502711512e+03
8.445462922174036269e-01 1.141577136736517772e+01 4.105612382654220710e+03
8.604573738761153168e-01 1.137315624048258300e+01 3.649236555048357786e+03
8.767865018484304329e-01 1.133609263651772459e+01 3.235141130175931721e+03
8.935513645220175549e-01 1.130100523005032720e+01 2.870699110919167197e+03
9.107501957260961678e-01 1.126535212007797249e+01 2.542591685457346102e+03
9.283846046475018321e-01 1.122879152765608168e+01 2.250974921759165227e+03
9.464633153597961090e-01 1.119347648377770454e+01 1.992576852656204665e+03
9.649880156772518980e-01 1.115999268525340327e+01 1.758994834434926361e+03
9.839483118477746482e-01 1.112458031356900889e+01 1.551143334587779009e+03
1.003335678235334871e+00 1.109247493965855291e+01 1.368090883150502350e+03
1.023162366027558390e+00 1.105997627539167283e+01 1.206345650199155898e+03
1.043397697957502146e+00 1.102773638147190916e+01 1.063146099161263237e+03
1.064042793052926594e+00 1.099647868526538552e+01 9.299587499146608707e+02
1.085078998795365290e+00 1.096561875441791045e+01 8.240517318834650951e+02
1.106484425185310538e+00 1.093507738108233518e+01 7.255996823386276446e+02
1.128250857068968438e+00 1.090438895655071327e+01 6.387163446436544518e+02
1.150357389100807870e+00 1.087525543105419068e+01 5.619126781599766218e+02
1.172778756699681679e+00 1.084828118020469745e+01 4.952125983303464523e+02
1.195500548189810441e+00 1.082055198708258992e+01 4.354001281540877812e+02
1.218486251636000883e+00 1.079228345276983880e+01 3.811935527172529987e+02
1.241714461057440655e+00 1.076392576718758320e+01 3.375534711620175585e+02
1.265158975220092685e+00 1.073676662909685398e+01 2.976008006332495484e+02
1.288787900123479879e+00 1.071100604546701085e+01 2.619882849109416156e+02
1.312576061888091727e+00 1.068590377821400139e+01 2.309253964172768292e+02
1.336489274116437809e+00 1.065871717861258894e+01 2.040035443311038819e+02
1.360498248318381620e+00 1.063384649525623971e+01 1.793335153184842170e+02
1.384570766175021062e+00 1.060920638346441258e+01 1.582714783178698212e+02
1.408539970506683670e+00 1.058433107991882238e+01 1.407116117681465823e+02
1.432289325021339765e+00 1.055946962484146745e+01 1.245149140043501319e+02
1.455762193500956148e+00 1.053435329042847890e+01 1.105853033901184261e+02
1.478959695727441570e+00 1.050884791380954475e+01 9.827333527668351110e+01
1.501843702397601454e+00 1.048327551355333220e+01 8.750671558563841756e+01
1.524428602212106298e+00 1.045772566935058911e+01 7.796523581166509587e+01
1.546616851654731617e+00 1.043228797128598195e+01 6.965369424793372843e+01
1.568429427235451534e+00 1.040534659384022120e+01 6.226591919003016073e+01
1.589868823445643731e+00 1.037911790813231683e+01 5.553403946900139232e+01
1.610901669573593598e+00 1.035135893263524132e+01 4.996847674186784616e+01
1.631505868007075311e+00 1.032435190123772628e+01 4.485161025008005709e+01
1.651648054149037481e+00 1.029582186145213818e+01 4.033708742203492648e+01
1.671334500025682290e+00 1.026686236779224437e+01 3.618808825931502327e+01
1.690527963558622337e+00 1.023814036701835128e+01 3.272895636833328581e+01
1.709294150466998286e+00 1.020923326541411669e+01 2.953421924216637251e+01
1.727491431291363400e+00 1.017895291612097886e+01 2.660976646630739495e+01
1.745163775758330260e+00 1.014778712783491521e+01 2.416585910247922797e+01
1.762313929525581857e+00 1.011647703442761603e+01 2.190309751818280048e+01
1.778896163092136273e+00 1.008482478510918234e+01 1.987390355023737598e+01
1.794878846698141572e+00 1.005281247311270398e+01 1.806915262098370434e+01
1.810373561108030049e+00 1.002037418592465912e+01 1.645282305600396455e+01
1.825267263595398370e+00 9.987403531644330812e+00 1.499597163459075588e+01
