2.191799393465098389e-01 1.550982308316407554e+01 3.683535669800713658e+06
2.264680831727358956e-01 1.524631870255792165e+01 3.153859056998943444e+06
2.340261328626053183e-01 1.498945303408338070e+01 2.699284003037098795e+06
2.418888143156756321e-01 1.473593277382303945e+01 2.289078512299333699e+06
2.500214229251215836e-01 1.451347517856986080e+01 1.949920500101877842e+06
2.584626965715574598e-01 1.431677177121002309e+01 1.674680656338950153e+06
2.672092517168815906e-01 1.411631905539374010e+01 1.423909212542912224e+06
2.762688269093924731e-01 1.394251249466994658e+01 1.215036896961553488e+06
2.856497930600889190e-01 1.377565740862577037e+01 1.037149908981953748e+06
2.953432630852020901e-01 1.362599771112339475e+01 8.852174440401811153e+05
3.053756312306012410e-01 1.348570377887281779e+01 7.581915824058428407e+05
3.157400518981733351e-01 1.335365625118344468e+01 6.473130538865060080e+05
3.264425505379919268e-01 1.322783102775952102e+01 5.525575833388998872e+05
3.374978529277376516e-01 1.311495199235601028e+01 4.682038707872597734e+05
3.488908042837849388e-01 1.301132441794641714e+01 4.037197640593012911e+05
3.606505645469683108e-01 1.291212779643944053e+01 3.461706606778812129e+05
3.727593244190681165e-01 1.282041868314098387e+01 2.959788499355235836e+05
3.852420238062901348e-01 1.273283052366019774e+01 2.532647384347959887e+05
3.980867617647779744e-01 1.265717820381163961e+01 2.169296170002636500e+05
4.112975322625113672e-01 1.258458217862943052e+01 1.857897570245985407e+05
4.248968191395473548e-01 1.250975827729402923e+01 1.591879100080758799e+05
4.388274124582108304e-01 1.245342166872247702e+01 1.366880944567129191e+05
4.531615814081353388e-01 1.239211183051271448e+01 1.172751134726669115e+05
4.678874100417925175e-01 1.233582427110932933e+01 9.963036816021516279e+04
4.829388784159037162e-01 1.228648715189531160e+01 8.647421876812039409e+04
4.983978130351650604e-01 1.223834092443357235e+01 7.412291554992923921e+04
5.142168026840923112e-01 1.219222224632183860e+01 6.372475357852115121e+04
5.304119150213011391e-01 1.215061951892582215e+01 5.487950707533845707e+04
5.469773030211383391e-01 1.211596102551083831e+01 4.714942278525558504e+04
5.639142631330735789e-01 1.207856450764020018e+01 4.063212971862366248e+04
5.811686713018776596e-01 1.204257261780716348e+01 3.504481884894338145e+04
5.984856489679566405e-01 1.201099835446387942e+01 3.032267464118063799e+04
6.157106564378906910e-01 1.198116310370198967e+01 2.627345896374387303e+04
6.330293241573111684e-01 1.195369405125566686e+01 2.282857984329421015e+04
6.505237170262997415e-01 1.192475214473014589e+01 1.988276471732599020e+04
6.683817419705309071e-01 1.189709231219771723e+01 1.730609521407444845e+04
6.867122121698139292e-01 1.187061486310312475e+01 1.503538749557207484e+04
7.054703964281697770e-01 1.184193036720163761e+01 1.309315466439960073e+04
7.247449109513695031e-01 1.181760491493040277e+01 1.132907368775762916e+04
7.447580014282675354e-01 1.179682193559001036e+01 9.824003787152663790e+03
7.653025586942289182e-01 1.177323673942394500e+01 8.507731551498665794e+03
7.866182349172169408e-01 1.175180439009636579e+01 7.357987926976350536e+03
8.086829223215857843e-01 1.173114732872132571e+01 6.346938220635791367e+03
8.315393183528122512e-01 1.171364533040441991e+01 5.478326197749092898e+03
8.551627010560060027e-01 1.169570307431083656e+01 4.710643614540692397e+03
8.796127333972431073e-01 1.168065316385613350e+01 4.052511664802933410e+03
9.049138157087464052e-01 1.166699399422144623e+01 3.479262853910654485e+03
9.310666368944893190e-01 1.165052345122296629e+01 2.986834199710432586e+03
9.580670361236327537e-01 1.164415097556246259e+01 2.558147963170040839e+03
9.859248004093930096e-01 1.163164038376875276e+01 2.191605060378291000e+03
1.014646877459346674e+00 1.162376852278704753e+01 1.877244560252020392e+03
1.044218767503113376e+00 1.162027698286853550e+01 1.606750790895427144e+03
1.074638876764956841e+00 1.161212922718363671e+01 1.373966743762818851e+03
1.105879644207885093e+00 1.160986820269544850e+01 1.167442826989046580e+03
1.137927041404468209e+00 1.160673016923930589e+01 1.004938136590447243e+03
1.170766176427141092e+00 1.160719047828953876e+01 8.582213068900739472e+02
1.204359400257476898e+00 1.160740442586547516e+01 7.345785427114320782e+02
1.238682779881887130e+00 1.160804567716601454e+01 6.283507359645958559e+02
1.273698486661907880e+00 1.160989428028625881e+01 5.375811349831610642e+02
1.309368068226088644e+00 1.161404912659780742e+01 4.603175421190154566e+02
1.345647351822713000e+00 1.162044950679759658e+01 3.921059112923899193e+02
1.382497752896058918e+00 1.162442395496088032e+01 3.374362620718193853e+02
1.419863022967606803e+00 1.163100182013158346e+01 2.896178806954812330e+02
1.457690579707431544e+00 1.163598312654243827e+01 2.487338193766993015e+02
1.495722861504818368e+00 1.164317505674736175e+01 2.137051896256485009e+02
1.531194242756984236e+00 1.164978018840939811e+01 1.857096728326192476e+02
1.563520680329218315e+00 1.165015619966712279e+01 1.634015776876581469e+02
1.592997081356799072e+00 1.164679153716526372e+01 1.448948969585985083e+02
1.619907061959919625e+00 1.164137860228406751e+01 1.288713230834093793e+02
1.644503804848608475e+00 1.162972307697351049e+01 1.165191371752752190e+02
1.667006201296611367e+00 1.161534187960933728e+01 1.054583494476699173e+02
1.687571017156930253e+00 1.159699480537934058e+01 9.590803609209920921e+01
1.706374514283858446e+00 1.157530478904623017e+01 8.756139247747084653e+01
1.723715147336662756e+00 1.155112470971376482e+01 8.011080716866233331e+01
1.740352857357846839e+00 1.152354966888560739e+01 7.300331978920740994e+01
1.756603332534767636e+00 1.149192275197851387e+01 6.709847705190541944e+01
1.772496987760921794e+00 1.145967817275596801e+01 6.138055245820862638e+01
1.788038493794735340e+00 1.142431977574772617e+01 5.612843555921017469e+01
1.803229870719273764e+00 1.138747566504216380e+01 5.130022458852010203e+01
1.818115230956401929e+00 1.134978764562543674e+01 4.690764114913325500e+01
1.832628401684702091e+00 1.131026571193407193e+01 4.281345866384508270e+01
1.846798376136930875e+00 1.126982110574047269e+01 3.912340537295342102e+01
1.860572206385152860e+00 1.122681928903627480e+01 3.577356367961077410e+01
1.874039568075203555e+00 1.118378434848198921e+01 3.258859693504840749e+01
1.887070837598292528e+00 1.113900686378839389e+01 2.993504359149653027e+01
1.899699166527179184e+00 1.109435110153858695e+01 2.735462452878136475e+01
1.911905498059227826e+00 1.104762964823923532e+01 2.498637522580225934e+01
1.923660319592316315e+00 1.100121422830053319e+01 2.294094152471311787e+01
1.934984236480016051e+00 1.095370968194916195e+01 2.103750349695662436e+01
1.945835301800861172e+00 1.090559471473938480e+01 1.928254195466458754e+01
1.956248491479785967e+00 1.085583418620599971e+01 1.765934128994802421e+01
1.966152257389422342e+00 1.080698906075566690e+01 1.627516468827354146e+01
1.975560522482551429e+00 1.075638298800809167e+01 1.491542974234049090e+01
1.984455490530126820e+00 1.070581973165300482e+01 1.376665425549224686e+01
1.992857413121450705e+00 1.065472777025168405e+01 1.263938794740650273e+01
2.000736407934178729e+00 1.060360731465554807e+01 1.169489306438685006e+01
2.008080207204050449e+00 1.055115392987041112e+01 1.079654224734276546e+01
2.014900621511704681e+00 1.049947743922673027e+01 9.952650443234880129e+00
2.021195812372546197e+00 1.044686982298331301e+01 9.210385400162271807e+00
2.026923514667366089e+00 1.039383427479356214e+01 8.558964020894682889e+00
