2.191799393465098389e-01 1.550982308316407554e+01 3.683535669800713658e+06
2.247043792934379780e-01 1.528577263941982523e+01 3.259375038411896676e+06
2.303618656838195555e-01 1.509299475623870634e+01 2.896739793051874731e+06
2.362040204002134325e-01 1.490575470353352117e+01 2.570615212882027961e+06
2.422126652127092883e-01 1.476612955267939853e+01 2.269469449130840600e+06
2.483765870168175016e-01 1.455903673147008348e+01 2.012807535573306493e+06
2.547192987081910998e-01 1.440061493455731423e+01 1.790629357058466412e+06
2.612360491764681436e-01 1.427069375728673961e+01 1.583947537349054823e+06
2.679338294382237473e-01 1.410003493337719327e+01 1.405448903206312098e+06
2.748106555610932977e-01 1.397217396271113898e+01 1.247324147061861120e+06
2.818720402609707354e-01 1.384165724537264452e+01 1.105683434320450062e+06
2.891212427372723548e-01 1.372114965983037216e+01 9.789008560706402641e+05
2.965477061171894468e-01 1.360895563524148244e+01 8.681226721705220407e+05
3.041722807805362083e-01 1.350082867605780024e+01 7.734696441454264568e+05
3.120056177159884481e-01 1.339755389262185403e+01 6.778092366539986106e+05
3.200087789676540617e-01 1.330089156612926793e+01 6.056476178716564318e+05
3.282211349591903637e-01 1.321120799233270660e+01 5.384019463463170687e+05
3.366237761577662857e-01 1.312312627503111706e+01 4.788401018808883964e+05
3.452360362850301900e-01 1.306205860671132513e+01 4.244382816212928155e+05
3.540588982300274523e-01 1.296237642626714148e+01 3.777467648842440685e+05
3.630863988056206026e-01 1.289423052991867813e+01 3.349566643039844930e+05
3.723072912474859053e-01 1.282517159357476899e+01 2.971996828494585352e+05
3.817664290222220203e-01 1.275699665180664333e+01 2.643039120410280302e+05
3.914017429659004677e-01 1.269938072285883557e+01 2.349554154156156874e+05
4.012851231680080732e-01 1.263082944932265406e+01 2.089183604855323501e+05
4.113486250760104435e-01 1.258440838122414362e+01 1.858532071385566669e+05
4.216407468673185610e-01 1.252924057674623448e+01 1.653512587286104099e+05
4.321448828447900792e-01 1.248384914886825392e+01 1.467821643361605820e+05
4.428668514525603284e-01 1.243494679082590437e+01 1.305915329663974117e+05
4.538080180058716717e-01 1.238901079471782296e+01 1.161642604914095573e+05
4.649828104129463680e-01 1.234855586959585061e+01 1.034565209514034941e+05
4.763505854000400497e-01 1.230738388863760591e+01 9.230427895954661653e+04
4.879443601564403266e-01 1.227042428534319285e+01 8.221028490587127453e+04
4.997283806458832078e-01 1.223278946344948359e+01 7.338148365215535159e+04
5.117466529142936649e-01 1.220045578112547879e+01 6.488776922600360558e+04
5.239769814559568362e-01 1.216905519801160906e+01 5.819107899624814308e+04
5.364245795285133012e-01 1.213781828954947350e+01 5.190813438543093798e+04
5.490851723162074594e-01 1.211015499584356014e+01 4.641088272862169106e+04
5.619614936132777405e-01 1.208219964569300231e+01 4.134410806279722601e+04
5.750149511008122438e-01 1.205492732816222201e+01 3.696687640282763459e+04
5.882382444863542004e-01 1.202832651045953050e+01 3.279140237936707854e+04
6.014404003534179477e-01 1.200545405801145193e+01 2.954665823997958796e+04
6.146775163366230421e-01 1.198519150205890149e+01 2.652292735794479086e+04
6.280333354725839978e-01 1.196127107854484706e+01 2.380811521806988458e+04
6.414634090328139582e-01 1.194011068901706984e+01 2.136241130231399075e+04
6.551469957017059809e-01 1.191973473354516067e+01 1.920371074830124780e+04
6.690880182111330621e-01 1.189796237275915658e+01 1.726960965061759271e+04
6.832996126246430046e-01 1.187947911273910684e+01 1.545111410692993377e+04
6.978430161146874644e-01 1.186016896736977166e+01 1.384123832436521479e+04
7.128067008913208102e-01 1.184128874955137967e+01 1.241325179761230356e+04
7.279946262319083594e-01 1.182419698354487636e+01 1.112783039449423450e+04
7.436451236167817003e-01 1.180654456589046042e+01 9.963966881130720139e+03
7.597132308741669782e-01 1.179047138709457165e+01 8.844909752574583763e+03
7.762224385267050275e-01 1.177491445019696137e+01 7.960286862056762402e+03
7.931776823205575200e-01 1.176031811511582603e+01 7.108442272959975526e+03
8.106070021257641978e-01 1.174672189204044592e+01 6.338820193913010371e+03
8.285194948344393184e-01 1.173436479883957873e+01 5.656830488816486650e+03
8.469180192789913519e-01 1.172199923907880859e+01 5.034533059182797842e+03
8.658195476335375229e-01 1.171252639290679554e+01 4.476320989216603266e+03
8.852234173697350883e-01 1.170300451500678740e+01 3.982519847871542879e+03
9.051489187642041134e-01 1.169041453904874395e+01 3.543228371803495065e+03
9.256067461851383849e-01 1.168429825756857277e+01 3.149684959249185795e+03
9.465732659179888486e-01 1.167594667582948453e+01 2.792155159881028339e+03
9.680608784838511394e-01 1.167241868166004615e+01 2.477437155035335763e+03
9.900921751204596610e-01 1.166730845427098728e+01 2.198406849850415256e+03
1.012632003210688358e+00 1.166343898416887370e+01 1.935706726649191523e+03
1.035705365373510434e+00 1.166062231641086910e+01 1.729138005729504130e+03
1.059294490924503451e+00 1.165928161078183756e+01 1.534332640850526559e+03
1.083397920127348257e+00 1.165931399530913559e+01 1.357832819814881077e+03
1.108003731727065455e+00 1.165798258795898690e+01 1.195746134808373654e+03
1.133105479541018257e+00 1.166054087633410319e+01 1.065032953800220412e+03
1.158701553630040904e+00 1.166141129255680831e+01 9.443489627854526134e+02
1.184759964338865990e+00 1.166561124323262533e+01 8.363574411917412590e+02
1.211289838835081234e+00 1.166806716999300342e+01 7.416961494955714898e+02
1.238251241724047658e+00 1.167080501883988930e+01 6.575741032975624876e+02
1.265398907704165632e+00 1.167578327170744146e+01 5.837574175027659749e+02
1.292614324815394955e+00 1.168360330690069304e+01 5.186796716385922537e+02
1.319916876595089050e+00 1.168780946453097691e+01 4.618786269999650926e+02
1.347293500356096629e+00 1.168922602165278946e+01 4.110878321247911913e+02
1.374700329771191054e+00 1.169835116825377597e+01 3.665966910657894573e+02
1.402161672436638362e+00 1.170092481535858830e+01 3.275508686816747286e+02
1.429663067555494882e+00 1.170437621167990194e+01 2.927673173820877537e+02
1.457137357872756667e+00 1.170738513830819016e+01 2.621792313061868072e+02
1.484641080857321827e+00 1.171260879510669639e+01 2.345709937126254374e+02
1.512143961102274448e+00 1.171669774580664836e+01 2.103075119941885305e+02
1.539610150284623780e+00 1.172060165039965085e+01 1.886345956152999008e+02
1.567081093572073813e+00 1.172286920066968463e+01 1.694694796401974486e+02
1.594426583192493307e+00 1.172657155130631068e+01 1.522765463939336428e+02
1.621744044736098900e+00 1.172881507297503667e+01 1.369503515861975131e+02
1.648954853867343751e+00 1.173040017046976580e+01 1.232577006040658745e+02
1.676057367733362780e+00 1.173093599162956302e+01 1.112360478901005507e+02
1.703033173648722753e+00 1.173255057375186716e+01 1.002549548338625840e+02
1.729867820611788343e+00 1.173451558799676597e+01 9.006803604642639982e+01
1.756558299928455469e+00 1.173354375858641419e+01 8.178034872165251556e+01
1.783031241161392000e+00 1.173157117841385677e+01 7.359344085766468879e+01
1.809315032962623970e+00 1.173000058670829837e+01 6.695565173468486364e+01
1.835399486359339694e+00 1.172783542888613262e+01 6.064987561427835772e+01
1.861228909523743535e+00 1.172599060845731422e+01 5.496883407719327153e+01
1.886800304966079533e+00 1.172240259690466679e+01 4.987637195549407920e+01
1.912106903475183861e+00 1.171879755850000215e+01 4.535622655690409744e+01
