2.191799393465098389e-01 1.550982308316407554e+01 3.683535669800713658e+06
2.260894302798185651e-01 1.524220820321112235e+01 3.164980482094302308e+06
2.332289312370240675e-01 1.499998311796349881e+01 2.721824672985414043e+06
2.406490072851509843e-01 1.476392990102822189e+01 2.342327522090150043e+06
2.483005476824054758e-01 1.455479678939797950e+01 2.018913660340820672e+06
2.562340160034226599e-01 1.435816103300159519e+01 1.735250538293112069e+06
2.644404845887240452e-01 1.417263382073355338e+01 1.494542385876402957e+06
2.729275322539424509e-01 1.399480214605996586e+01 1.286003409513692604e+06
2.816985644953036161e-01 1.384330147868519489e+01 1.107144823947833618e+06
2.907621927518936888e-01 1.369691256061715734e+01 9.541168466775615234e+05
3.001122653395320028e-01 1.355264653527694918e+01 8.194771056878844975e+05
3.097530655145085965e-01 1.342359296354936404e+01 7.083743671865778742e+05
3.197092645505145159e-01 1.330798262797630649e+01 6.090738272209936986e+05
3.299714255660177731e-01 1.320242703396083250e+01 5.247840686474292306e+05
3.405435861618147375e-01 1.308589196085705098e+01 4.528093993606719305e+05
3.514414947574991954e-01 1.298785271539255248e+01 3.901811700523773907e+05
3.626382552099987056e-01 1.289784387535586063e+01 3.368821920831318712e+05
3.741636247542305949e-01 1.280920150108016387e+01 2.907092278078909148e+05
3.860251696995988246e-01 1.273221639642867942e+01 2.505346023505908379e+05
3.982120033485522237e-01 1.265804180096991871e+01 2.169105559119278041e+05
4.107482475513019593e-01 1.258437417056999585e+01 1.870503117596247175e+05
4.235779194977883355e-01 1.251986267792765872e+01 1.615449913553865917e+05
4.367693505906261597e-01 1.246025760977527952e+01 1.382386940880075272e+05
4.502995314797219040e-01 1.240255695106584888e+01 1.207646991677791957e+05
4.641623879309323963e-01 1.234945143316336846e+01 1.044953575325047277e+05
4.783522123026612283e-01 1.230045803411479355e+01 9.043519005124998512e+04
4.928745465319179786e-01 1.225343316179680819e+01 7.832175500451475091e+04
5.077306637877143647e-01 1.221222483109345447e+01 6.765283989472832764e+04
5.229277781331254094e-01 1.217102443722295391e+01 5.880353770094636275e+04
5.384595348680348836e-01 1.213283771634318775e+01 5.091920472784212325e+04
5.543243052261077608e-01 1.209739247881493007e+01 4.423820509025767387e+04
5.705225457172088399e-01 1.206130400777187717e+01 3.839193483700027718e+04
5.869320707119937142e-01 1.203119143430038740e+01 3.337480023875180632e+04
6.031713950180774830e-01 1.200301110014871142e+01 2.915196389790324974e+04
6.191981029115805057e-01 1.197310213165463999e+01 2.548081532639550278e+04
6.352085007864871624e-01 1.194836356161865965e+01 2.227719332304956333e+04
6.513277159224010182e-01 1.192050374630575682e+01 1.972251704940175478e+04
6.676614213799936248e-01 1.189494651935843628e+01 1.732148788907556082e+04
6.842637104246139801e-01 1.186676846603771551e+01 1.526221794031579338e+04
7.012583992354655127e-01 1.184187302447498880e+01 1.337656184706268868e+04
7.186048557520352542e-01 1.181648193801045288e+01 1.176659823799389414e+04
7.364795586846322184e-01 1.179210574746469753e+01 1.032073771074839897e+04
7.547819899777937769e-01 1.176639723400573345e+01 9.043163412925838202e+03
7.736844065497376910e-01 1.174560494567175084e+01 7.917274101719123792e+03
7.931533531460044362e-01 1.172324473299345904e+01 6.922209946623272117e+03
8.132231092031729780e-01 1.169900932021250917e+01 6.043960605612061954e+03
8.339338209597563223e-01 1.168025848790121657e+01 5.270945605351605991e+03
8.553044277964840791e-01 1.165802701390665064e+01 4.592389192595323038e+03
8.773519010993260370e-01 1.164038033565201680e+01 3.995565991535559533e+03
9.000733985268920545e-01 1.162529101369710460e+01 3.447918724263915919e+03
9.235044537837835410e-01 1.160880037798283482e+01 3.016146986719770211e+03
9.476406186925144803e-01 1.159325777338698416e+01 2.621168382345910231e+03
9.724691068126636306e-01 1.158000137867812640e+01 2.270617169085204296e+03
9.980231571231831245e-01 1.156726525616068812e+01 1.967543164339873101e+03
1.024271755446000798e+00 1.155940196364380768e+01 1.703197765574715731e+03
1.051228740297458275e+00 1.154625515188906881e+01 1.474334032738012866e+03
1.078865487816713209e+00 1.153777042792268226e+01 1.277134057823562898e+03
1.107177154651943995e+00 1.153059019222019010e+01 1.103880032394155023e+03
1.136151411685497381e+00 1.152421303336693015e+01 9.550315479334715292e+02
1.165766364693796353e+00 1.151776043117375004e+01 8.261396207336615589e+02
1.195998936850428906e+00 1.151316175369538364e+01 7.140593957100694524e+02
1.226823640786527392e+00 1.150897233233974859e+01 6.185389659086931715e+02
1.258208069914748872e+00 1.150917965931169284e+01 5.349095422147214549e+02
1.290132822404407520e+00 1.150571406115180473e+01 4.629749574339123797e+02
1.322554570441949684e+00 1.150304032424978118e+01 4.009445565102726619e+02
1.355433563790776175e+00 1.150185054838634535e+01 3.474793882264855256e+02
1.388747519826338817e+00 1.150204150185605734e+01 3.012555464119711814e+02
1.422435957101298776e+00 1.150253598596450644e+01 2.613710693071801643e+02
1.456464671716179993e+00 1.150533112407832803e+01 2.268879232682918143e+02
1.490188890709338132e+00 1.150311557264824458e+01 1.976116855223903599e+02
1.523047960884103880e+00 1.150262209158239912e+01 1.728703382915520592e+02
1.555023351094551476e+00 1.150182093462564659e+01 1.519135336765612578e+02
1.586129354517954893e+00 1.149997787073069766e+01 1.338744042865371853e+02
1.616394239009514955e+00 1.149597985935429278e+01 1.181703155850882894e+02
1.645833613763632020e+00 1.148914888009457336e+01 1.050130671932055293e+02
1.674502363160086604e+00 1.148247434357495500e+01 9.328625515509010313e+01
1.702346421374341778e+00 1.147370063601494294e+01 8.317099913553798274e+01
1.729380138907238518e+00 1.146339422013803855e+01 7.429339601876583288e+01
1.755651919536400429e+00 1.145124358555364630e+01 6.648302048544999820e+01
1.781169658695032298e+00 1.143683398413812036e+01 5.966088728808811226e+01
1.805923035877783134e+00 1.142123498329399744e+01 5.364428454259852685e+01
1.829922972139660375e+00 1.140433237492615959e+01 4.823783079053784206e+01
1.853184874899810097e+00 1.138649757737011292e+01 4.330751567571755345e+01
1.875670326818813294e+00 1.136612422012766643e+01 3.910773402858165326e+01
1.897431907388149819e+00 1.134434145714842401e+01 3.552932706551974462e+01
1.918462656227492236e+00 1.132193912406308911e+01 3.221157067645437166e+01
1.938723300184970855e+00 1.129758489487204187e+01 2.920165155357945252e+01
1.958265286702200125e+00 1.127215029652651879e+01 2.643407027945865195e+01
1.977081303988475369e+00 1.124536899302870196e+01 2.404776265178152173e+01
1.995343200239451331e+00 1.121752404714229101e+01 2.199044421834010166e+01
2.012473143937531628e+00 1.118723582321487342e+01 2.004546483899201803e+01
2.029112533250357231e+00 1.115720205944018772e+01 1.827465247105204682e+01
2.044949432088789543e+00 1.112490594934026156e+01 1.678605884886813016e+01
2.060103615483102946e+00 1.109246791293420387e+01 1.536661416411287107e+01
2.074560486886171340e+00 1.105896417384912844e+01 1.404213796450464535e+01
2.088243388133816048e+00 1.102394351347353663e+01 1.295093544879675385e+01
2.101427296086769481e+00 1.098879284146651791e+01 1.186212650599927976e+01
2.113518074681564496e+00 1.095091912848883631e+01 1.094146436964949487e+01
2.125091819005094695e+00 1.091391812954836915e+01 1.009246400912349095e+01
2.135973806981054324e+00 1.087520317165687445e+01 9.324953194265862777e+00
