2.191799393465098389e-01 1.550982308316407554e+01 3.683535669800713658e+06
2.252660845190063987e-01 1.527659507651653037e+01 3.220776634116188157e+06
2.315545691042051601e-01 1.504804662820712480e+01 2.819063256241976749e+06
2.380411968258375199e-01 1.485430808272041503e+01 2.477027006113461219e+06
2.447400493498503027e-01 1.465609280234160039e+01 2.165512092369891703e+06
2.516343301152499934e-01 1.449600881400377617e+01 1.889000650349375326e+06
2.587514557453652886e-01 1.432929202983270578e+01 1.640159528320634970e+06
2.660665016090756341e-01 1.413465802505932700e+01 1.454434671666827751e+06
2.736109760256412726e-01 1.399554790051271347e+01 1.270266643409293378e+06
2.813775650130094785e-01 1.385355123320916348e+01 1.112765897501746658e+06
2.893724676190565503e-01 1.371587251635232008e+01 9.748577696723731933e+05
2.975883815610801952e-01 1.359437559662933737e+01 8.540291363434984814e+05
3.060411457852596495e-01 1.347262135212534950e+01 7.489361476893944200e+05
3.147299848320936899e-01 1.336643220190654269e+01 6.555740388880963437e+05
3.236634729987369341e-01 1.326500200796930073e+01 5.761458443049533525e+05
3.328284711065830903e-01 1.316522698583766982e+01 5.048127567399849650e+05
3.422394054861161994e-01 1.306800606739334825e+01 4.429246826407135813e+05
3.519171581615182509e-01 1.298393054266015589e+01 3.877111141272620298e+05
3.618206858376680213e-01 1.290182646588395343e+01 3.407558605770494323e+05
3.719846867487094921e-01 1.282546840970842084e+01 2.956428111857720069e+05
3.824176530876526869e-01 1.275268336442448458e+01 2.619190383853624226e+05
3.930832053554261796e-01 1.268638961183980562e+01 2.300162519204427663e+05
4.040156756014795514e-01 1.262540794120147858e+01 2.021619051019257167e+05
4.152208273527723259e-01 1.256056689628641365e+01 1.774805957768383378e+05
4.266834852234064335e-01 1.250522358481195440e+01 1.561260382272180868e+05
4.383933027014685901e-01 1.245405187290630877e+01 1.370841170084150799e+05
4.503959328931958495e-01 1.240387225227080314e+01 1.206861500550557976e+05
4.626531857430104533e-01 1.235604338366899668e+01 1.048846943999463547e+05
4.751549218836638167e-01 1.231097331989183097e+01 9.328694006082395208e+04
4.879350140187353468e-01 1.227036819233007847e+01 8.225009310805609857e+04
5.009515084116754613e-01 1.222924202336265687e+01 7.234344320098220487e+04
5.142467629136264762e-01 1.219350231234929183e+01 6.383619908722599212e+04
5.278059540715278608e-01 1.215669815226109662e+01 5.615116255466260191e+04
5.416261595401977713e-01 1.212469429229214413e+01 4.953382421302532748e+04
5.557070179788141662e-01 1.209673397487398994e+01 4.364182259324010374e+04
5.700501111173975621e-01 1.206441774989599836e+01 3.856500759223945352e+04
5.845654599526048933e-01 1.203646219399192496e+01 3.406527045472031750e+04
5.986961743242699141e-01 1.201041496847583723e+01 2.992672064320417849e+04
6.123560647913710575e-01 1.198560574406063495e+01 2.702296552501590122e+04
6.256791408380490971e-01 1.196066071672180620e+01 2.418813547421529438e+04
6.387874877568922027e-01 1.193621382121883201e+01 2.171349629591657504e+04
6.518224642099469390e-01 1.191072813636234073e+01 1.953194750423885125e+04
6.648275236266566468e-01 1.188498482770588893e+01 1.755043988469537726e+04
6.778837387181033680e-01 1.186039302735063927e+01 1.585053973354802292e+04
6.910316380481160703e-01 1.183554271470789843e+01 1.415231683380863797e+04
7.043358209018411031e-01 1.180983840056020640e+01 1.274028512462094113e+04
7.178397343108623430e-01 1.178108960993101384e+01 1.155942543839668360e+04
7.315479140585735562e-01 1.175788819715103273e+01 1.038912090791437549e+04
7.455212486992605081e-01 1.172860524042534536e+01 9.338453259929514388e+03
7.597870129629004099e-01 1.170508893543882678e+01 8.388479116562355557e+03
7.743625412549177689e-01 1.167809671766978674e+01 7.526676782047939014e+03
7.892823681122559387e-01 1.165368821970002244e+01 6.749603493021502800e+03
8.045522058126800546e-01 1.162454910749585402e+01 6.044507086325725140e+03
8.201965400852239130e-01 1.160018807061696222e+01 5.409190176157857422e+03
8.362288519780624041e-01 1.157603981265993376e+01 4.798203566140531620e+03
8.526595518770059279e-01 1.155089634075233818e+01 4.325571775759779484e+03
8.695086894694588064e-01 1.152422468544722811e+01 3.855460719862000133e+03
8.868312162153084710e-01 1.150272782621967593e+01 3.437298548680647855e+03
9.044896746576077673e-01 1.148360294420803029e+01 3.063691439186150092e+03
9.226292965114889499e-01 1.145730542440173139e+01 2.705677246101768105e+03
9.412023249164653826e-01 1.143423254959899538e+01 2.406011364161046913e+03
9.602278026820594281e-01 1.141278871427416597e+01 2.154636288282005808e+03
9.796930083154112845e-01 1.139085421837976675e+01 1.915440032153141374e+03
9.995889623068521246e-01 1.137404509046944945e+01 1.699025153596249538e+03
1.019938589264649753e+00 1.135150124718899534e+01 1.509601806573793283e+03
1.040704876578711691e+00 1.133268522359172614e+01 1.338276407597590605e+03
1.061907818985038165e+00 1.131372362793999287e+01 1.187266073703205620e+03
1.083526573539172588e+00 1.129657104150723868e+01 1.051231050982760735e+03
1.105550822746827144e+00 1.128025900006774229e+01 9.324944610714652526e+02
1.127963953544981468e+00 1.126696096828853477e+01 8.263925885564187865e+02
1.150767784355763323e+00 1.124976055740730452e+01 7.313788812169601670e+02
1.173927741143720116e+00 1.123248494323827451e+01 6.489922863287121118e+02
1.197452051313804500e+00 1.121727284166876260e+01 5.753023965358574969e+02
1.221298540851653014e+00 1.120201476482308500e+01 5.075333895559973030e+02
1.245466167334008389e+00 1.118847521443374760e+01 4.518492521153832513e+02
1.269926074445213438e+00 1.117527813728979602e+01 4.007882583415567410e+02
1.294659672545443119e+00 1.116195052934448562e+01 3.554611646526300319e+02
1.319644006467682651e+00 1.115016793368357639e+01 3.153583492568288875e+02
1.344848581530583953e+00 1.113697348238867235e+01 2.799006807009749878e+02
1.370263125823533601e+00 1.112546358813351155e+01 2.485485556571331927e+02
1.395854082966735854e+00 1.111309218351632033e+01 2.208012436346208176e+02
1.421585129101339717e+00 1.110324162235445478e+01 1.962311906559434931e+02
1.447453686921349458e+00 1.109057848114446188e+01 1.746775962898520618e+02
1.473405562847762917e+00 1.108067421966905108e+01 1.553725192710779481e+02
1.499425205756258483e+00 1.106822428344393749e+01 1.380748598319307519e+02
1.525484698943260220e+00 1.105792354174178449e+01 1.228280823788092846e+02
1.551552314033112223e+00 1.104700093369536518e+01 1.099853809046997242e+02
1.577597559923568760e+00 1.103587568547674280e+01 9.773318987096935473e+01
1.603593907300268517e+00 1.102464747875729500e+01 8.773176427520400011e+01
1.629505691091456043e+00 1.101290439048748304e+01 7.844958167501623336e+01
1.655309742943968931e+00 1.100247453776720619e+01 6.994599664308137221e+01
1.680975303555369837e+00 1.099011959365074986e+01 6.280940060190491181e+01
1.706461346223334452e+00 1.097853214899117624e+01 5.638361955067350806e+01
1.731616847180692087e+00 1.096617443391985347e+01 5.061370363432183694e+01
1.756381122678566609e+00 1.095354298968493723e+01 4.551280086404697300e+01
1.780726290689999436e+00 1.094093872051069383e+01 4.100663547002911002e+01
1.804615358016437909e+00 1.092752824136726808e+01 3.699723452594014361e+01
1.828059892107733786e+00 1.091354983537339329e+01 3.327419900280271037e+01
1.851047318619283066e+00 1.089992385119625062e+01 3.022268745389064648e+01
1.873564126315783396e+00 1.088511128678389284e+01 2.735246226296223426e+01
