2.191799393465098389e-01 1.550982308316407554e+01 3.683535669800713658e+06
2.252856390021819311e-01 1.528647370563008145e+01 3.216406877481622621e+06
2.315941323557230147e-01 1.504592021806425173e+01 2.817126750378269237e+06
2.381025340866535778e-01 1.484227835698036024e+01 2.468986894813814200e+06
2.448323637071909697e-01 1.465164917434312208e+01 2.139562490011208691e+06
2.517419668661898258e-01 1.446791508741879895e+01 1.889337013608188834e+06
2.588763097574268701e-01 1.429762472651490945e+01 1.652191229255981278e+06
2.662269765081797246e-01 1.413810268283166671e+01 1.449053872678411426e+06
2.737990756797074599e-01 1.398813303359174398e+01 1.268544859817143995e+06
2.815960557788873553e-01 1.384562014998733126e+01 1.108795404420573264e+06
2.896219477791177055e-01 1.371153022748452521e+01 9.719198037961708615e+05
2.978738806878546974e-01 1.359033782747700769e+01 8.504977420041405130e+05
3.063567535522121466e-01 1.346835303168873033e+01 7.450504789091153070e+05
3.150800974932940202e-01 1.335921687531445734e+01 6.534518725349560846e+05
3.240466247365084151e-01 1.326082253484640106e+01 5.731858852566148853e+05
3.332584748533333752e-01 1.315607929334777992e+01 5.012949319538002601e+05
3.427253152094549282e-01 1.306495397064268360e+01 4.397318091541474569e+05
3.524156081468761692e-01 1.297943766477015792e+01 3.850691502481956850e+05
3.623730311662543557e-01 1.290280910034315376e+01 3.386698470601574518e+05
3.725831515996297361e-01 1.281949812446656800e+01 2.966348243314676220e+05
3.830658996293764829e-01 1.274882211897000062e+01 2.596022232881483505e+05
3.937867577152550647e-01 1.268415728165881617e+01 2.264046416197073704e+05
4.047821200872140923e-01 1.261994748832879054e+01 2.008653582022894989e+05
4.160333794749592751e-01 1.255870063795761382e+01 1.758977716099444951e+05
4.275373832345765734e-01 1.250405071406284208e+01 1.547463742239610583e+05
4.393049122653134297e-01 1.244922577063196911e+01 1.357884599329807679e+05
4.513606147363971033e-01 1.239922891427324458e+01 1.194605290184710175e+05
4.636810776726970618e-01 1.235164709851397369e+01 1.041104662791817391e+05
4.762463465029077581e-01 1.230722515432650255e+01 9.260927048701474268e+04
4.890840548991656767e-01 1.226638069166408940e+01 8.122764373678425909e+04
5.021681906946906526e-01 1.222242062034703913e+01 7.149204930151673034e+04
5.155301457543127741e-01 1.218980680997608879e+01 6.298069491012230719e+04
5.291565079990966369e-01 1.215502257810895159e+01 5.548513525486252183e+04
5.430452409462681596e-01 1.212190689692851997e+01 4.891796855888594291e+04
5.571962558692519218e-01 1.209034315155284212e+01 4.311381067719208659e+04
5.715807560325808501e-01 1.206090602983664439e+01 3.803738589368406974e+04
5.861855334283917474e-01 1.203236030812313295e+01 3.359918987025028036e+04
6.005956038740319913e-01 1.200680680059441308e+01 2.981118512521211596e+04
6.148314347255552370e-01 1.198165864850085782e+01 2.647827477326675216e+04
6.290298709551841450e-01 1.195584182894629954e+01 2.358573122368910481e+04
6.432270111357675235e-01 1.193492840628286977e+01 2.101828704734147686e+04
6.575529693008232979e-01 1.191033035883472202e+01 1.876231728072640544e+04
6.720773296967791355e-01 1.188717666860143929e+01 1.673874193665515122e+04
6.868022128573318952e-01 1.186344367806982447e+01 1.495387112520200935e+04
7.018654471383419802e-01 1.183696724534925337e+01 1.334468732470094074e+04
7.171760604929731109e-01 1.181696884945999315e+01 1.189065671735843353e+04
7.328776616430575652e-01 1.179527224245996209e+01 1.057979557447491425e+04
7.489679182485808884e-01 1.177350927348377319e+01 9.362996308482090171e+03
7.654760835616822856e-01 1.175224867149145247e+01 8.382506284661458267e+03
7.824123429072288305e-01 1.173465192613666375e+01 7.436581271636976453e+03
7.997727282729814036e-01 1.171301880685289909e+01 6.609764218023872672e+03
8.172759470140295024e-01 1.169432868283187510e+01 5.872743641688841308e+03
8.349053310538232520e-01 1.167470413863034473e+01 5.223051224763136815e+03
8.526649292415174886e-01 1.165614621537520357e+01 4.655567201302123067e+03
8.705778803010283395e-01 1.163838882693030108e+01 4.146358883520424570e+03
8.886829922230387035e-01 1.162234019795355344e+01 3.686907079055888971e+03
9.069800558194797135e-01 1.160367258219675257e+01 3.290669620410108564e+03
9.254973826024383010e-01 1.158535143648004606e+01 2.933451055227213146e+03
9.442243864493816696e-01 1.156788587599003826e+01 2.615967571671831593e+03
9.632213341244323379e-01 1.155045259175898664e+01 2.331838320009984272e+03
9.824453321597496069e-01 1.153643343952778189e+01 2.080860840416170959e+03
1.001925016169054494e+00 1.152010218213133363e+01 1.856400125972784735e+03
1.021664515508338811e+00 1.149955034497211059e+01 1.655648927714450338e+03
1.041664789853695483e+00 1.148489852457960581e+01 1.476355910076549662e+03
1.061924523064845971e+00 1.146602589446265874e+01 1.317345529834711215e+03
1.082440313811063204e+00 1.144893708087883333e+01 1.174623707997470774e+03
1.103228249393943594e+00 1.143292596601340172e+01 1.048088754446935354e+03
1.124266807527894096e+00 1.141743893963258394e+01 9.342579551067165085e+02
1.145547539004155180e+00 1.140123161594442003e+01 8.320858128287036379e+02
1.167070563724946552e+00 1.138825454414634919e+01 7.434347947515586839e+02
1.188833603490509372e+00 1.136811178770077468e+01 6.629583228775352381e+02
1.210811546903767244e+00 1.135415328426390502e+01 5.911445230838492080e+02
1.233014985916637496e+00 1.133741452460390953e+01 5.267227678693120652e+02
1.255415306526969310e+00 1.132155088372311980e+01 4.706006381796096321e+02
1.277992685573383636e+00 1.130518563306761948e+01 4.201131873148872842e+02
1.300750847696814594e+00 1.129081965298993495e+01 3.751389910137061179e+02
1.323658818742254661e+00 1.127403034590381026e+01 3.349749798175491264e+02
1.346690866016673649e+00 1.126014330807962160e+01 2.992207790957094744e+02
1.369847777677514866e+00 1.124181436437935666e+01 2.675448166129488072e+02
1.393110325094928603e+00 1.122658183955648248e+01 2.392245737996162802e+02
1.416441662116178390e+00 1.121011066948617874e+01 2.128943648041675658e+02
1.439843227009552695e+00 1.119318278971255687e+01 1.916266150296355306e+02
1.463270681168786780e+00 1.117788089894532177e+01 1.714872342018766460e+02
1.486762531782970687e+00 1.116188369841497163e+01 1.535763561921371547e+02
1.510149898420587888e+00 1.114559148303302116e+01 1.377131384490559469e+02
1.533562133601175326e+00 1.112845244961020086e+01 1.235112081836235234e+02
1.556906078318717856e+00 1.111182173714596644e+01 1.109243657978174014e+02
1.580163617729973158e+00 1.109468947641996550e+01 9.921488990382141537e+01
1.603365557657790763e+00 1.107723647954801294e+01 8.943959077460912965e+01
1.626357683655644593e+00 1.105933970948012046e+01 8.055828733728216662e+01
1.649242246823715119e+00 1.104098869342509737e+01 7.254469729807776446e+01
1.671952449733679513e+00 1.102315176829625187e+01 6.527075707432841511e+01
1.694460119336850479e+00 1.100464735528470861e+01 5.891066532359779018e+01
1.716744614727847340e+00 1.098599400433781348e+01 5.314942775581170764e+01
1.738787947406664980e+00 1.096689895437114082e+01 4.802154228152301130e+01
1.760558607362182837e+00 1.094722350209107908e+01 4.345098178525662291e+01
1.782039863294508031e+00 1.092747313317277680e+01 3.931072965223281557e+01
1.803211209226112111e+00 1.090758213099479690e+01 3.545553289512786677e+01
1.824083381071585963e+00 1.088723589321315011e+01 3.209300069442402048e+01
1.844538000196352945e+00 1.086539126347734197e+01 2.917686456208570434e+01
