2.191799393465098389e-01 1.550982308316407554e+01 3.683535669800713658e+06
2.247948647196892358e-01 1.530374450387913754e+01 3.267781162374441046e+06
2.305518349965344771e-01 1.509414137459784300e+01 2.893811022027293686e+06
2.364958055391805369e-01 1.489386405837072935e+01 2.544820379781683441e+06
2.426154059422981069e-01 1.473560572842124117e+01 2.275503856938461307e+06
2.488957458316556626e-01 1.455992870038993203e+01 2.006132236279046861e+06
2.553593950603843532e-01 1.438807847900741699e+01 1.762489585481883492e+06
2.620047527134148901e-01 1.422749939556382692e+01 1.560511941633608192e+06
2.688357945089724921e-01 1.408622448461430032e+01 1.381599935533844633e+06
2.758532714926947293e-01 1.395099533693211669e+01 1.223576071277756710e+06
2.830619310124832810e-01 1.381933376840945193e+01 1.084114612320739543e+06
2.904638939385867369e-01 1.369785135122780417e+01 9.586036302319635870e+05
2.980575937456442781e-01 1.358492237174168871e+01 8.468776371233058162e+05
3.058432650972734423e-01 1.348101087450305968e+01 7.510246397159374319e+05
3.138424232707449080e-01 1.337947080802482347e+01 6.635314066158657661e+05
3.220255443702879639e-01 1.328379062434694191e+01 5.895713471013887320e+05
3.304296181300524493e-01 1.318720660938170042e+01 5.220584562375723035e+05
3.390308462871183259e-01 1.310103686451732408e+01 4.629485738191303681e+05
3.478513498008106164e-01 1.301811022119125738e+01 4.056735009339034441e+05
3.568819127398773494e-01 1.294324851149952060e+01 3.635756449396429816e+05
3.661201417719231466e-01 1.287211632211720058e+01 3.228813638355128351e+05
3.755711188226813491e-01 1.280046958880169328e+01 2.860316119290899951e+05
3.852513964751863584e-01 1.273472983539867620e+01 2.530416215082051931e+05
3.951455928135926277e-01 1.267335693408513642e+01 2.244730511046306929e+05
4.052589033322331891e-01 1.261715162209401697e+01 1.980624565516467555e+05
4.156065307126586283e-01 1.256035518237761117e+01 1.770992131076121004e+05
4.261511336592798127e-01 1.250991420139580157e+01 1.567530875289409887e+05
4.369211569353062541e-01 1.246003899278789007e+01 1.395499867085145379e+05
4.479335878767046752e-01 1.241273075634415868e+01 1.237370872411900637e+05
4.591714858897814611e-01 1.236706680607999864e+01 1.099395707021511043e+05
4.706094249901766058e-01 1.232636986322654238e+01 9.783680251705639239e+04
4.822604293273173304e-01 1.228812425014376508e+01 8.716785634323711565e+04
4.941655946577371838e-01 1.225033409866481371e+01 7.734231086198081903e+04
5.062773273983162126e-01 1.221018387373433356e+01 6.828954804107834934e+04
5.186238723529704719e-01 1.218283115545272288e+01 6.052931232559258206e+04
5.311749838006251112e-01 1.215055122838106172e+01 5.447096472721828468e+04
5.439569300450561862e-01 1.212065310433839649e+01 4.851372032191062317e+04
5.569603127609699111e-01 1.209202066205205739e+01 4.321211483365885942e+04
5.701871622263020578e-01 1.206529823332101614e+01 3.819673738239766681e+04
5.835587448908332586e-01 1.203905811497620881e+01 3.430464577373548673e+04
5.966978494137222810e-01 1.202008955081022101e+01 3.072126283974715625e+04
6.094462630249721791e-01 1.199140217399114405e+01 2.767392080307785363e+04
6.219439137538731455e-01 1.196744123675049032e+01 2.470225954485997136e+04
6.342588342628315834e-01 1.194615875839357244e+01 2.254984318645785243e+04
6.465312433623418009e-01 1.192274869859698150e+01 2.040131268204875596e+04
6.589888844924312039e-01 1.189994240943426185e+01 1.828201648264323376e+04
6.718782387161665870e-01 1.187637934867799672e+01 1.666922596143688861e+04
6.852046742177643202e-01 1.185616400619650257e+01 1.500235925841117933e+04
6.990253082188586653e-01 1.183132065230657304e+01 1.349875496776686487e+04
7.133495363738184825e-01 1.180915558214066508e+01 1.212351317042633309e+04
7.282305697369199082e-01 1.178792948982027866e+01 1.084549725418390335e+04
7.436078979348409446e-01 1.176403009935248534e+01 9.721735201553152365e+03
7.595868585590367372e-01 1.174813577394822062e+01 8.650835344030716442e+03
7.761277288336916325e-01 1.172839184639448362e+01 7.716728388993523367e+03
7.932647402454064967e-01 1.171179140751571168e+01 6.867992526639948665e+03
8.110459970883971970e-01 1.169551485177273520e+01 6.108932379327136005e+03
8.294325763688641384e-01 1.168177604432124461e+01 5.407130435023811515e+03
8.484196757217687956e-01 1.166561531490513204e+01 4.803588561385837238e+03
8.679031700038341013e-01 1.165710747502884459e+01 4.254925953669036062e+03
8.875792997206943813e-01 1.164195613184183387e+01 3.778395065376352704e+03
9.074814465546577891e-01 1.164059389207522521e+01 3.356223784479595906e+03
9.276088645879313477e-01 1.162169158126465618e+01 2.966070582319292953e+03
9.479935482398589297e-01 1.161373437976325640e+01 2.655290494503806713e+03
9.685914936230931582e-01 1.160494699197943724e+01 2.364419910092630744e+03
9.894576718755888622e-01 1.159733031044978624e+01 2.105791247287816077e+03
1.010591351820398165e+00 1.159380577867667661e+01 1.875934815066970486e+03
1.031987560390060343e+00 1.158400495979756606e+01 1.670804559851633257e+03
1.053635805325242591e+00 1.157679281500634971e+01 1.493087455270663213e+03
1.075563215108250148e+00 1.157014779750422484e+01 1.329960298529797001e+03
1.097711476571534339e+00 1.156437060987779653e+01 1.187398508894386168e+03
1.120165430689523456e+00 1.156037971369394413e+01 1.060451136466191883e+03
1.142855728192132325e+00 1.155388736255153148e+01 9.461516097026373018e+02
1.165774274882141581e+00 1.154829796175026857e+01 8.456341156363356504e+02
1.188955892504778733e+00 1.154315827943326767e+01 7.554080707111468200e+02
1.212356542797392134e+00 1.153785413958807915e+01 6.758538744849872728e+02
1.235991023476033845e+00 1.153452728989585019e+01 6.039265492601898586e+02
1.259843821060132596e+00 1.153315148663913448e+01 5.394939367153195917e+02
1.283911915425961059e+00 1.152745324432246044e+01 4.833937503638392172e+02
1.308150495071442432e+00 1.152437491110617884e+01 4.324399682421084208e+02
1.332570976058365941e+00 1.151727118481418977e+01 3.872994104819452446e+02
1.357163465909108080e+00 1.151309257936236108e+01 3.467144935254877396e+02
1.381898719669774733e+00 1.150946022332088603e+01 3.109928748336504327e+02
1.406779107467992063e+00 1.150405668546659577e+01 2.786443486987598703e+02
1.431772978498053739e+00 1.149925280331039090e+01 2.498888106266581985e+02
1.456869303319472619e+00 1.149495009092403919e+01 2.242744017598276116e+02
1.482040745764023670e+00 1.149090206061416986e+01 2.015072889664427009e+02
1.507263467756132513e+00 1.148537077862941480e+01 1.809945203178870656e+02
1.532541040777365859e+00 1.148047624832063818e+01 1.620693753199754781e+02
1.557841386347726287e+00 1.147637922804574551e+01 1.462684363044393763e+02
1.583231614382996089e+00 1.147172017299839730e+01 1.316081852991910353e+02
1.608509328406548367e+00 1.146655766458052028e+01 1.189014714004207036e+02
1.633666135041868195e+00 1.145921875825863978e+01 1.064277358037237491e+02
1.658837769601429590e+00 1.145290102746917427e+01 9.646241743022773107e+01
1.683927736567846445e+00 1.144673090133623639e+01 8.714539645539396417e+01
1.708913662895700236e+00 1.144005342375626100e+01 7.869409637807868307e+01
1.733783431648712403e+00 1.143352770305680899e+01 7.107719800816731492e+01
1.758484781739844127e+00 1.142564697309749455e+01 6.399510716378712516e+01
1.783032019063141016e+00 1.141769308844737196e+01 5.793150181672712051e+01
1.807387086161579948e+00 1.140968704026465552e+01 5.270090286573305605e+01
1.831506952643809250e+00 1.140127672226538813e+01 4.782428085943980278e+01
