2.191799393465098389e-01 1.550982308316407554e+01 3.683535669800713658e+06
2.279654071963797546e-01 1.517363335210719910e+01 3.043611887844701763e+06
2.371534340673956687e-01 1.491858427465422743e+01 2.510752709389497526e+06
2.467675380752810954e-01 1.459066134858596619e+01 2.080484019514184911e+06
2.568012554376726819e-01 1.434508683617568359e+01 1.718045644493181724e+06
2.672760755960746359e-01 1.411969367428854660e+01 1.419119473045329330e+06
2.782034200931054468e-01 1.390604854190620010e+01 1.172990879245704506e+06
2.895924660467382172e-01 1.371481307872911160e+01 9.716701492181483191e+05
3.014571905564398802e-01 1.353245563170008836e+01 8.046992083434622036e+05
3.137889158548624047e-01 1.337499911430488098e+01 6.652952581990265753e+05
3.266068252327151700e-01 1.323452124850563649e+01 5.523543183302483521e+05
3.399298170845664879e-01 1.309559217556109090e+01 4.563584441208762000e+05
3.537619819746309902e-01 1.296621449407636106e+01 3.784547208895315416e+05
3.681084761305470909e-01 1.285550311760844622e+01 3.141060323625485180e+05
3.829891172911756292e-01 1.274862530254914006e+01 2.607568332212269888e+05
3.983741136486759760e-01 1.265497225268600801e+01 2.162074239735444717e+05
4.143009272475955407e-01 1.256690033297998355e+01 1.781536024183565169e+05
4.307683292284524290e-01 1.248696101154247451e+01 1.492996844877982803e+05
4.477852457087808102e-01 1.241306244336991149e+01 1.241784556301398843e+05
4.653361040391321146e-01 1.234733068092874753e+01 1.031990532510020566e+05
4.833978342804355344e-01 1.228492240115425638e+01 8.584015597006985627e+04
5.020252552959975079e-01 1.222628338235461243e+01 7.165936212090420304e+04
5.211836966544627359e-01 1.217500831601300781e+01 5.974487095386365399e+04
5.408795981687087862e-01 1.212693778171667702e+01 4.987221562974972039e+04
5.611107256546379318e-01 1.208159859054935659e+01 4.169656728226045379e+04
5.818213804034165770e-01 1.204110417850892567e+01 3.456793572319317173e+04
6.023036694781023215e-01 1.200433620643609700e+01 2.939649307679614503e+04
6.222314608846054584e-01 1.196811369796633961e+01 2.489623662277845870e+04
6.419663412418780135e-01 1.193314138529808410e+01 2.109570186001513503e+04
6.617706464618378082e-01 1.189914237052789758e+01 1.810454162722295223e+04
6.818500898580637237e-01 1.186295285623271667e+01 1.548610720036719249e+04
7.023455719666573671e-01 1.182975395069249736e+01 1.321159049957060961e+04
7.233787512329874492e-01 1.179658947652557366e+01 1.125168499744266592e+04
7.450629160502433290e-01 1.176560346579776528e+01 9.565726397875994735e+03
7.674794376340469126e-01 1.172924657677282134e+01 8.142608210955670984e+03
7.907112539287944886e-01 1.169732613256826781e+01 6.919960855227542197e+03
8.148179918262677957e-01 1.166479826928572017e+01 5.847427431110701036e+03
8.398163853452311756e-01 1.163654577184218830e+01 4.947572301147214603e+03
8.657881184571494249e-01 1.160751800604381145e+01 4.174646956813078759e+03
8.927637251432961607e-01 1.158022159039050258e+01 3.514987372111918376e+03
9.207551925201111764e-01 1.155664351267922463e+01 2.951787442936639764e+03
9.497846831919035671e-01 1.153154655816562801e+01 2.476304224734722538e+03
9.798368318634286256e-01 1.150982232027149266e+01 2.076831540702420170e+03
1.010951330290035699e+00 1.148858819802572029e+01 1.740519254444367789e+03
1.043075185671328731e+00 1.146959987543835169e+01 1.449766785896026477e+03
1.076213828323395072e+00 1.145215229502470677e+01 1.218443771883592035e+03
1.110333226652282734e+00 1.143700348337130634e+01 1.017769208673175058e+03
1.145415870064581121e+00 1.142191760365618336e+01 8.514629613567599336e+02
1.181397460341006012e+00 1.140932945982607016e+01 7.112687659909868216e+02
1.218247115776358802e+00 1.140046039077009254e+01 5.946252434474956772e+02
1.255906589770996451e+00 1.138828577767054107e+01 4.972616126148485591e+02
1.294309107491022015e+00 1.137767302104655620e+01 4.156702948936441544e+02
1.333401883011803291e+00 1.137066849988956463e+01 3.464153878818893872e+02
1.373091420254172190e+00 1.136598823636185962e+01 2.914671798432475498e+02
1.413308760320664437e+00 1.135770545555847910e+01 2.445626724706094421e+02
1.453518815278003418e+00 1.135088985354939695e+01 2.058120849903325507e+02
1.491376898961406239e+00 1.134173356937483845e+01 1.749990702260016064e+02
1.526717582558769104e+00 1.133379757407233512e+01 1.501702926264638336e+02
1.559702635717051589e+00 1.131873285848208610e+01 1.300454744804259235e+02
1.590526344520498014e+00 1.130151101481951059e+01 1.133841098027851757e+02
1.619340135879645537e+00 1.128110152709240310e+01 9.926202521466193218e+01
1.646276173959202227e+00 1.125665240025599800e+01 8.752291237949222591e+01
1.671447113359554537e+00 1.122890165933114837e+01 7.745789347632280908e+01
1.694964093658536841e+00 1.119811026186001612e+01 6.879793372346530589e+01
1.716927513233569957e+00 1.116365621241113004e+01 6.136741094146270115e+01
1.737415178180396369e+00 1.112705147200159672e+01 5.484036813668360821e+01
1.756489977206347364e+00 1.108755722707742919e+01 4.915767788820082274e+01
1.774230651434266948e+00 1.104457193857162878e+01 4.423160451320440245e+01
1.790694521222696567e+00 1.099981850152402352e+01 3.980695913660386509e+01
1.805934305961831132e+00 1.095230631730579063e+01 3.597480928658147548e+01
1.820001974509535492e+00 1.090276660118005125e+01 3.254894403237995704e+01
1.832909119065608605e+00 1.085019649110981277e+01 2.953235296307314073e+01
1.844735690752676627e+00 1.079718528543669365e+01 2.683892148613056250e+01
1.855499405434879678e+00 1.074170134187833980e+01 2.435567462038267195e+01
1.865243859173971508e+00 1.068386932230621866e+01 2.228805460710606567e+01
1.873991306399598766e+00 1.062467429412857278e+01 2.035640183345372023e+01
1.881779098522855076e+00 1.056365801724142095e+01 1.862699334648339189e+01
1.888632717579984410e+00 1.050167966029547806e+01 1.707943806123181574e+01
1.894579574649965181e+00 1.043866624286167877e+01 1.568410460592395417e+01
1.899669089336637695e+00 1.037449978091386349e+01 1.437917186948386750e+01
1.903854620980478307e+00 1.030920341551513530e+01 1.329682907453420526e+01
1.907230991684097265e+00 1.024331672384655967e+01 1.223426345787256331e+01
1.909996742058424735e+00 1.017683842906667202e+01 1.131764007316987275e+01
1.911755060719428467e+00 1.010878683501717212e+01 1.050047576822322704e+01
1.912628201533103756e+00 1.003977395621047819e+01 9.738534565073710070e+00
1.912931189508883856e+00 9.970805338118346128e+00 9.021251561821477694e+00
1.912666229649564897e+00 9.902236607986431238e+00 8.418253601814745579e+00
1.911414200341472913e+00 9.831748641133742694e+00 7.846719596838679145e+00
1.909650155153238549e+00 9.761955011734812615e+00 7.310040907619085537e+00
1.907237283485381685e+00 9.691842464122515821e+00 6.855539037915073131e+00
1.904216505001475213e+00 9.621705476032975213e+00 6.426865848029064132e+00
1.900604962009484034e+00 9.551940992820767917e+00 6.016495380189833320e+00
1.896410938792501666e+00 9.481807179699485388e+00 5.655590534002493897e+00
1.891690081067657792e+00 9.412057554289100736e+00 5.347247319653266828e+00
1.886435111428802935e+00 9.342583164649321148e+00 5.029540134820730479e+00
1.880672749757932749e+00 9.272857031969119035e+00 4.759946105435074237e+00
1.874565727005640836e+00 9.204697710128620258e+00 4.509334155187650239e+00
1.867737999701320373e+00 9.135257012141693167e+00 4.271523253941333920e+00
1.860627749222463434e+00 9.067098826131234190e+00 4.073616357734183069e+00
1.853103005669921810e+00 8.999528883817749403e+00 3.865466694003214965e+00
