2.191799393465098389e-01 1.550982308316407554e+01 3.683535669800713658e+06
2.260942542566178326e-01 1.526785870623395702e+01 3.187042943635621574e+06
2.332396324252318798e-01 1.499764747805073029e+01 2.723045982346882578e+06
2.406654005421653419e-01 1.476629632536519665e+01 2.341696602555651218e+06
2.483314428481998570e-01 1.457020686361719086e+01 2.014794651605617022e+06
2.562619213300966758e-01 1.436178833969766622e+01 1.740610978476169519e+06
2.644763342376645343e-01 1.417159117658618861e+01 1.493643245884034783e+06
2.729699899700148147e-01 1.400160105216286510e+01 1.286425308341144584e+06
2.817488899200321084e-01 1.384752789632265291e+01 1.108418474304535892e+06
2.908204598334361290e-01 1.369505091364794502e+01 9.528143981580394320e+05
3.001786964155167547e-01 1.355681148766373489e+01 8.197671591908907285e+05
3.098324340684112110e-01 1.342703792519764505e+01 7.077309378692479804e+05
3.197953709173864678e-01 1.330882433576523027e+01 6.098729624450731790e+05
3.300666800663918377e-01 1.318723688465779276e+01 5.254414134885718813e+05
3.406518540434208542e-01 1.308313772905854044e+01 4.526800613873485127e+05
3.515680722209266196e-01 1.298940343135369879e+01 3.900568820949392975e+05
3.627709341109979224e-01 1.289751060239586344e+01 3.358951549953998765e+05
3.743033686671852212e-01 1.280758758925853158e+01 2.903983898875752348e+05
3.861776647444709609e-01 1.272861730625714571e+01 2.503054216387899942e+05
3.983764829870632962e-01 1.265395464519762037e+01 2.138177436493327259e+05
4.109296893696378072e-01 1.258587946210654351e+01 1.865478408475546166e+05
4.237721082151962859e-01 1.251850741715140458e+01 1.612551766032981686e+05
4.369718180486096282e-01 1.245976677228751228e+01 1.391968956780234003e+05
4.505200323497030590e-01 1.240270352998778236e+01 1.204249499467015703e+05
4.643995484139593066e-01 1.235023381118452690e+01 1.040555729615722812e+05
4.786056621379511933e-01 1.230258443319284289e+01 9.007262911161337979e+04
4.931433177558273706e-01 1.225369738764345939e+01 7.812591020419898268e+04
5.080164588773090628e-01 1.221097236273132758e+01 6.768374369567337271e+04
5.232308494153824485e-01 1.216987551913536691e+01 5.855846302411627403e+04
5.387797225300844373e-01 1.213334084287209791e+01 5.081782959224893420e+04
5.546629792310133755e-01 1.209588583573212439e+01 4.406017974477901589e+04
5.708564002130588344e-01 1.206304337328322518e+01 3.830598841491450730e+04
5.873606578519152688e-01 1.203128562432388016e+01 3.324518012879237358e+04
6.039961453642593847e-01 1.200225112929601501e+01 2.894730324459721305e+04
6.209066192657510808e-01 1.197326109658488313e+01 2.521794092400996669e+04
6.381603017028029123e-01 1.194667572008997958e+01 2.196818198101278540e+04
6.558425610239235759e-01 1.192212490069396935e+01 1.895443657798192726e+04
6.740272382216407898e-01 1.190295612026920224e+01 1.665842506947888978e+04
6.928022592183695760e-01 1.187388692612282171e+01 1.449304807447742314e+04
7.122465701358089429e-01 1.185267223328330033e+01 1.255781961505311301e+04
7.323946774946590299e-01 1.183268261521624609e+01 1.088700951467533196e+04
7.532111079935333020e-01 1.181386229565885593e+01 9.446270091748878258e+03
7.748390633794336457e-01 1.179683580922469410e+01 8.158529131679957572e+03
7.972715552888115509e-01 1.178287237724959091e+01 7.035231709639337168e+03
8.205353053180943768e-01 1.176962410855750818e+01 6.017270660686122937e+03
8.446530193377245199e-01 1.176036145805786148e+01 5.228931999271279892e+03
8.696402143804258245e-01 1.175007878203274281e+01 4.499713290679719648e+03
8.955140961453676995e-01 1.174113887740498896e+01 3.863659168672888427e+03
9.222973072754918622e-01 1.173543008419064826e+01 3.322295456442223895e+03
9.499778903754874104e-01 1.173219015157724243e+01 2.847646420075364858e+03
9.785834108490459871e-01 1.173065207849427694e+01 2.421933961788033685e+03
1.007636438248785682e+00 1.172811601369642354e+01 2.095553283059794012e+03
1.035904690361250768e+00 1.173007795868268488e+01 1.811165839263912630e+03
1.063423843225625776e+00 1.172977655328684321e+01 1.578022425757327937e+03
1.090265131226480833e+00 1.172768508129582798e+01 1.377924520284869232e+03
1.116515961318731209e+00 1.172595146365964247e+01 1.210299560405817829e+03
1.142232357133116993e+00 1.172203741772793784e+01 1.064348696995328964e+03
1.167457948155188552e+00 1.171621832439740984e+01 9.397483289390009986e+02
1.192262983611546368e+00 1.171013748430631551e+01 8.315469638529478971e+02
1.216672025579933258e+00 1.170303322358966902e+01 7.373083386461620421e+02
1.240705077626152564e+00 1.169186839226238028e+01 6.557810148060237907e+02
1.264426046627290967e+00 1.168081712286100604e+01 5.832998178687122390e+02
1.287797358148953908e+00 1.166865962962141090e+01 5.197476958624539520e+02
1.310883345208725625e+00 1.165665774371411523e+01 4.637114468090263699e+02
1.333698593761650564e+00 1.163987086881969191e+01 4.145590681321112925e+02
1.356241609853248598e+00 1.162111765824072762e+01 3.710820986780602198e+02
1.378528029856037840e+00 1.160335466116225156e+01 3.321682583577638184e+02
1.400556765253655245e+00 1.158454194284271210e+01 2.975714915682129913e+02
1.422333874031084022e+00 1.156384651880883929e+01 2.668876513983804557e+02
1.443860841535953954e+00 1.154173080459609757e+01 2.396320585759164885e+02
1.465135346910121816e+00 1.151830070084472268e+01 2.153401539897436692e+02
1.486158748883571690e+00 1.149383158813571271e+01 1.924958861059515698e+02
1.506922545055686902e+00 1.146928970012641535e+01 1.739722244244250362e+02
1.527418343826939973e+00 1.144225901703211257e+01 1.565760075105633859e+02
1.547643637213731882e+00 1.141508241327540496e+01 1.411254036057442249e+02
1.567589720159342948e+00 1.138627042849537929e+01 1.273145933138195858e+02
1.587240543061477549e+00 1.135666218707933162e+01 1.141529827943801934e+02
1.606736361522201673e+00 1.132651160750282315e+01 1.033455387831374281e+02
1.625659197423164004e+00 1.129496964288472505e+01 9.355430493888667343e+01
1.644348590930663434e+00 1.126222681103064183e+01 8.466244476251405615e+01
1.662723930656467397e+00 1.122862555322344491e+01 7.658446723475925921e+01
1.680753085453958739e+00 1.119402296964894816e+01 6.929600512600454465e+01
1.698412530864658709e+00 1.115969430891019343e+01 6.255524382309052811e+01
1.715701148844237078e+00 1.112305119931679265e+01 5.702759193925925274e+01
1.732600744120473824e+00 1.108656673636871481e+01 5.166836067883021855e+01
1.749089177054307553e+00 1.104939309047463958e+01 4.693384627574450718e+01
1.765168801384989772e+00 1.101100972674656120e+01 4.268550825737635535e+01
1.780817729608002109e+00 1.097259519821331608e+01 3.883763029507320397e+01
1.796030422941845339e+00 1.093325807825782547e+01 3.533945163291743796e+01
1.810796876961229929e+00 1.089277186872598868e+01 3.223020247377163372e+01
1.825088839377396077e+00 1.085188949643691814e+01 2.941388769827813121e+01
1.838910496018454577e+00 1.081006932777365037e+01 2.685442448934866633e+01
1.852249989378013550e+00 1.076831228770089588e+01 2.455805208990939192e+01
1.865095601136608661e+00 1.072592622748450530e+01 2.241521130622891533e+01
1.877448707411667916e+00 1.068301652901875975e+01 2.051878755799037179e+01
1.889268821092176642e+00 1.063889264202845553e+01 1.883671420659195306e+01
1.900589912020777428e+00 1.059409663179663497e+01 1.734932451832187539e+01
1.911385274987176253e+00 1.054994825261347202e+01 1.589353677109825114e+01
1.921660009477974773e+00 1.050483587300549004e+01 1.467649387763860602e+01
1.931402569783930767e+00 1.045912746275283745e+01 1.352110408521054552e+01
