2.191799393465098389e-01 1.550982308316407554e+01 3.683535669800713658e+06
2.264607786612696239e-01 1.524245166418264219e+01 3.152092634347545449e+06
2.340115065062468025e-01 1.498066526636538498e+01 2.694658659573170356e+06
2.418654356904069436e-01 1.473361967062696820e+01 2.288001522224422544e+06
2.499899577343611679e-01 1.451252509401049373e+01 1.956406478236052906e+06
2.584205535026332101e-01 1.431002112247126590e+01 1.671475090554915136e+06
2.671579304045202385e-01 1.411677243338244736e+01 1.422742396805520169e+06
2.762066182431470174e-01 1.394166096073907113e+01 1.217203617520335596e+06
2.855764302294473422e-01 1.378452240744726964e+01 1.037729760759611265e+06
2.952571351071735517e-01 1.362585743889967382e+01 8.783867485454634298e+05
3.052773976220397589e-01 1.348253885956445153e+01 7.583792365384377772e+05
3.156274086501697496e-01 1.335020768835019034e+01 6.481124587014960125e+05
3.263149720993671066e-01 1.323012370674614857e+01 5.540806630034339614e+05
3.373505327626010186e-01 1.311654141809952989e+01 4.734738862119726837e+05
3.487349853507318853e-01 1.301093863395338879e+01 4.052385502641309286e+05
3.604751694522905781e-01 1.291413137159450386e+01 3.459206362017672509e+05
3.725697394928479400e-01 1.282348796560575366e+01 2.967614240165262017e+05
3.850358082865563136e-01 1.273829659998606267e+01 2.534925536402900179e+05
3.978827341729269662e-01 1.265639342872971440e+01 2.175850908803661296e+05
4.110753402492193231e-01 1.258121018271499203e+01 1.864442140494128980e+05
4.246343810985218625e-01 1.251590842526451297e+01 1.598252169412281073e+05
4.385413079968460415e-01 1.245072841316093637e+01 1.368400811555345135e+05
4.528533970146493837e-01 1.239420541944672394e+01 1.174606569177344936e+05
4.675528729487677948e-01 1.233750281411639627e+01 1.010898575350325118e+05
4.825852586537605626e-01 1.228960110114394944e+01 8.660800904510234250e+04
4.980209560761644783e-01 1.223762664143334256e+01 7.460323779793162248e+04
5.138165567229666664e-01 1.219557657345697343e+01 6.414582587158244132e+04
5.299858212140382552e-01 1.215406404144297881e+01 5.511406250758003443e+04
5.465252049477132834e-01 1.211322121608537294e+01 4.738648795869362220e+04
5.634356324921836467e-01 1.207433504829667825e+01 4.078613247421307460e+04
5.806644382539664084e-01 1.204419783830867274e+01 3.516181806473624601e+04
5.976130277585830486e-01 1.201237487645263968e+01 3.050088323183722969e+04
6.138277631492475850e-01 1.198303972866236755e+01 2.666377185437103981e+04
6.295871055389590243e-01 1.195066854640391263e+01 2.343114855014503701e+04
6.450945503926650559e-01 1.192337018823043060e+01 2.065960671513215493e+04
6.605080732989011549e-01 1.189339597134591742e+01 1.802421158722875407e+04
6.759289064115243661e-01 1.186265136334731451e+01 1.607296613774626530e+04
6.915165688298172686e-01 1.183311389617040810e+01 1.419455597647252762e+04
7.072312257355822807e-01 1.180114896685904391e+01 1.254038994452564111e+04
7.232609851277936874e-01 1.176987943171545226e+01 1.107130865855786033e+04
7.396178394535495304e-01 1.173920652804726394e+01 9.758562025353674471e+03
7.563548438183027578e-01 1.170764328488731287e+01 8.584786070013433346e+03
7.735356941375700623e-01 1.167634278024449479e+01 7.557675781995423677e+03
7.911670444944681746e-01 1.164459458652029156e+01 6.585757175846800237e+03
8.093038024324238355e-01 1.161180152088135387e+01 5.822660694620243703e+03
8.279674555223188737e-01 1.158373460148805378e+01 5.102034863232286625e+03
8.471847664128911992e-01 1.155054634173810157e+01 4.460897541149337485e+03
8.669810305923035809e-01 1.152323926185415992e+01 3.901878634355867234e+03
8.873720495296582023e-01 1.149374148179079391e+01 3.402250934457918902e+03
9.083658524018964897e-01 1.146571184424871070e+01 2.969037397105021682e+03
9.299714310496108860e-01 1.143781221526521463e+01 2.585572401756349791e+03
9.521929149055291530e-01 1.141474246421867278e+01 2.248662539663615462e+03
9.750374235255662159e-01 1.138578004736399585e+01 1.952966325328548237e+03
9.984984831522121240e-01 1.136340586550623932e+01 1.697484301087398762e+03
1.022575274366254172e+00 1.133643773556137546e+01 1.472994363662840897e+03
1.047247505536039069e+00 1.131350624659122772e+01 1.277019357646458047e+03
1.072515023721080318e+00 1.129087178885500187e+01 1.108055201807690992e+03
1.098350763170934830e+00 1.126978342650578391e+01 9.602250246016969868e+02
1.124193088379386252e+00 1.124931485847493740e+01 8.344656296001695637e+02
1.149753172394407663e+00 1.123299370214409265e+01 7.269007808626095084e+02
1.175049920430791150e+00 1.121205104200578972e+01 6.353842002577085850e+02
1.200049307081376915e+00 1.118902324404836968e+01 5.564026631543769099e+02
1.224784634730348598e+00 1.116832209410998011e+01 4.889011402206267576e+02
1.249300606336682495e+00 1.114727133542344362e+01 4.299960697636749956e+02
1.273517269246854822e+00 1.112481641823245404e+01 3.785715451737615922e+02
1.297504694119301805e+00 1.110455948164652717e+01 3.346662349686033622e+02
1.321255402233364684e+00 1.108072704247884310e+01 2.955064434118741588e+02
1.344706912697665180e+00 1.105459492619623241e+01 2.604868701935345143e+02
1.367916686078366473e+00 1.102895040419159400e+01 2.322236397913943335e+02
1.390863672989020694e+00 1.100272707834359487e+01 2.061683170225504398e+02
1.413534057910090125e+00 1.097804951327347212e+01 1.828401412418611756e+02
1.435916393935630309e+00 1.094894044502212083e+01 1.623509208603955472e+02
1.458000607359813738e+00 1.092411604763957200e+01 1.451460551599757309e+02
1.479783297539402076e+00 1.089084419574474971e+01 1.293223929818373392e+02
1.501238547081164887e+00 1.086075236785116260e+01 1.151612267469186719e+02
1.522358043545766870e+00 1.083026682086134507e+01 1.031078598162262097e+02
1.543123879838933732e+00 1.079782163667744221e+01 9.187398372703242444e+01
1.563526463794062682e+00 1.076560208074735314e+01 8.256281716129875292e+01
1.583547507434819535e+00 1.073237618260221993e+01 7.398201719882914063e+01
1.603167614174477063e+00 1.069851590465182056e+01 6.643312130419906225e+01
1.622371384679113904e+00 1.066318796034143723e+01 5.962450367305589793e+01
1.641276119135238298e+00 1.062838595779341588e+01 5.364367512561511830e+01
1.659587850073136472e+00 1.059223094235690077e+01 4.826818393549626052e+01
1.677367980977718220e+00 1.055461051486938118e+01 4.346964346961839709e+01
1.694732544875677149e+00 1.051701982653053591e+01 3.923302140703188456e+01
1.711631701274206607e+00 1.047812784001475528e+01 3.543549756655075811e+01
1.728126508290514174e+00 1.044035358974405092e+01 3.201255381549258772e+01
1.743994502454601303e+00 1.040030247395462482e+01 2.898257079903465794e+01
1.759324775283265918e+00 1.035995120493292276e+01 2.628796490554216803e+01
1.774018097700351682e+00 1.031869226817425655e+01 2.385870123068458071e+01
1.788246746063268500e+00 1.027728652460688963e+01 2.168987512483365521e+01
1.801923909269155910e+00 1.023501506213291812e+01 1.972930027529872632e+01
1.815010197956647975e+00 1.019212051491582471e+01 1.791696975283031534e+01
1.827619731674849701e+00 1.014944050239344442e+01 1.636149774010286961e+01
1.839456697568773391e+00 1.010544970847157131e+01 1.496888777695477124e+01
1.850786308770583144e+00 1.006141811013566034e+01 1.369871380864781329e+01
1.861515697711521700e+00 1.001686319230166333e+01 1.251336135225063906e+01
1.871642910746404320e+00 9.971836405043919882e+00 1.148343806857304372e+01
1.881263200903996902e+00 9.927062060823372391e+00 1.054213834171339137e+01
1.890100901678932299e+00 9.881000596978676498e+00 9.697166818688552681e+00
