2.191799393465098389e-01 1.550982308316407554e+01 3.683535669800713658e+06
2.256762126779808530e-01 1.525661345581756656e+01 3.202990790644668508e+06
2.323925433583744482e-01 1.502375415729565233e+01 2.771401588143982459e+06
2.393380398306352852e-01 1.480641008654054147e+01 2.402024004497910384e+06
2.465166015024197188e-01 1.460611169166856449e+01 2.088309873496215325e+06
2.539276460082576237e-01 1.441315307182856564e+01 1.814796911972844973e+06
2.615814053978416931e-01 1.423922991710373509e+01 1.572532001636610366e+06
2.694813920194392143e-01 1.407417360472311785e+01 1.365592690351441735e+06
2.776322738186746686e-01 1.392088071339220079e+01 1.189091683613745729e+06
2.860408164723143853e-01 1.377135216045507349e+01 1.029663438302447787e+06
2.947003928574425391e-01 1.363519783050086609e+01 8.953120963228490436e+05
3.036221204379996319e-01 1.350623461658139668e+01 7.769694960409867344e+05
3.128297511219667038e-01 1.338388003139601956e+01 6.751833877237871056e+05
3.222764885429501014e-01 1.327543630092282534e+01 5.878435525686325273e+05
3.320158443840227624e-01 1.317052595362297573e+01 5.108551322658447898e+05
3.420506775804506017e-01 1.307144988300009381e+01 4.440135918068182073e+05
3.523236405946310046e-01 1.297946764421060983e+01 3.856738709487068118e+05
3.629314068148035144e-01 1.289666171497408520e+01 3.354886014174687443e+05
3.737680675788708218e-01 1.281630617371921765e+01 2.917932886425800389e+05
3.849319670935341109e-01 1.273730691224045408e+01 2.544362373198790301e+05
3.963845508211849000e-01 1.266488476651915107e+01 2.211353253980415175e+05
4.081234415957806227e-01 1.259879068808050206e+01 1.926824998489665450e+05
4.201536438379875338e-01 1.253658964526110431e+01 1.678446923107262992e+05
4.324946368486838333e-01 1.248022992257434005e+01 1.463847274360506563e+05
4.451437994190429182e-01 1.242508641200924657e+01 1.276434524878769298e+05
4.580669111013596639e-01 1.237347666962286930e+01 1.111351553268931893e+05
4.713083884283795211e-01 1.232664077823274873e+01 9.705325332957798673e+04
4.848247283275514685e-01 1.227874453410011135e+01 8.454434240259448416e+04
4.986536563594247129e-01 1.223813789081407855e+01 7.392255507684321492e+04
5.127759566837121197e-01 1.219853493285018331e+01 6.468650721948803402e+04
5.271971776733507253e-01 1.216135807142340219e+01 5.647041283848235616e+04
5.419144925288155168e-01 1.212393521001263608e+01 4.940314032581460924e+04
5.569280341550778557e-01 1.209208782135937810e+01 4.324924938483614824e+04
5.722067855393815350e-01 1.205982105859272835e+01 3.781183266027303762e+04
5.877051746469693638e-01 1.203064413221771467e+01 3.285422475847212627e+04
6.029045926935990840e-01 1.200542624369011335e+01 2.917723422972825938e+04
6.178597103302404525e-01 1.197576036070948824e+01 2.583818617126213212e+04
6.327207748339088722e-01 1.195071122977929434e+01 2.262865982394005550e+04
6.476090302305212987e-01 1.192463398959059262e+01 2.030605953209137806e+04
6.625930498429816184e-01 1.189612290065623057e+01 1.803002916771714808e+04
6.777831079784366608e-01 1.187351143586331759e+01 1.598755697372723444e+04
6.932043439407375995e-01 1.184982130359172814e+01 1.419811470134295632e+04
7.089336847973609634e-01 1.182352854817822774e+01 1.259597884559956219e+04
7.249970587546372691e-01 1.179973812780508702e+01 1.116030485272943952e+04
7.414581517230137697e-01 1.177491955621716535e+01 9.891639466045793597e+03
7.583397305622968654e-01 1.175145803499083641e+01 8.744641290940699037e+03
7.756787364824835329e-01 1.172851719045391938e+01 7.730888677132438715e+03
7.935065453344741782e-01 1.170678281936009313e+01 6.830662590427931718e+03
8.118372333948778996e-01 1.168387118103713185e+01 6.029227605552888235e+03
8.306984298684109147e-01 1.166285751646407753e+01 5.308459320131388267e+03
8.501010698310492719e-01 1.164326395440263617e+01 4.670607545019387544e+03
8.700710536390974248e-01 1.162301359365164721e+01 4.105989650081447508e+03
8.906136865165753536e-01 1.160573269049612932e+01 3.579666030902859802e+03
9.117434152301258088e-01 1.158640603123926383e+01 3.171194012131345517e+03
9.334663555540784197e-01 1.156792792902981049e+01 2.781732115342214911e+03
9.557752410935922427e-01 1.155327057377219191e+01 2.436324161918258596e+03
9.786900965831542010e-01 1.153955651205579436e+01 2.134877887336316235e+03
1.002191300065720547e+00 1.152554919945083611e+01 1.855219321787710669e+03
1.026302758908398172e+00 1.151673306587125012e+01 1.633429582338332693e+03
1.050988753965149014e+00 1.150052267217989410e+01 1.431234241882355718e+03
1.076251385992341270e+00 1.149349120378697720e+01 1.250049486035917653e+03
1.102091536421215601e+00 1.147993703585045822e+01 1.092392147439109294e+03
1.128385462627673475e+00 1.147040540170238643e+01 9.554830574576913023e+02
1.154655607410917995e+00 1.146219608325448114e+01 8.372693737309871267e+02
1.180840307474799955e+00 1.145365150908183338e+01 7.353944402579872985e+02
1.206903983982039241e+00 1.144869115710188190e+01 6.468307394434355047e+02
1.232889995559611096e+00 1.143700939247603721e+01 5.715552765437286098e+02
1.258763550931188302e+00 1.142808928670262603e+01 5.042159121282297747e+02
1.284558613611982869e+00 1.141983295636909013e+01 4.463408690570698809e+02
1.310243222328781876e+00 1.140909723699567024e+01 3.954479927276195212e+02
1.335835456662859189e+00 1.140204806871076215e+01 3.502347307711871167e+02
1.361306434867974202e+00 1.138916235129559951e+01 3.112364182436658098e+02
1.386667044472839283e+00 1.137711015164199502e+01 2.751271680432092239e+02
1.411888903729926481e+00 1.136538198915320130e+01 2.464129378064070579e+02
1.437024547092623283e+00 1.135409960898496706e+01 2.195116653554063362e+02
1.461913385739890714e+00 1.134158534513528949e+01 1.957650598206294603e+02
1.486689027006265373e+00 1.132659393558971317e+01 1.747928484707532562e+02
1.511287975411093720e+00 1.131174665019296022e+01 1.562633984285147335e+02
1.535683923195275247e+00 1.129734156675877621e+01 1.397452282288833203e+02
1.559880778938427914e+00 1.128225713093389082e+01 1.250917393813935661e+02
1.583841561812266541e+00 1.126486935127075384e+01 1.121044367254819178e+02
1.607728718285789782e+00 1.124852469486429030e+01 1.005441619696666322e+02
1.631043061204547007e+00 1.122963234551774647e+01 9.034792926747904573e+01
1.654228591379072633e+00 1.121087599446231664e+01 8.084035170704716222e+01
1.677219208325557709e+00 1.119203474429113321e+01 7.299628078628308003e+01
1.699704160866774671e+00 1.117142498943185913e+01 6.581785833962624110e+01
1.721965603125159783e+00 1.115096766239951620e+01 5.925230424211115121e+01
1.743852811328522767e+00 1.112925905763530565e+01 5.324325732291338653e+01
1.765384288701698834e+00 1.110686635020287838e+01 4.808685162695024928e+01
1.786658928746257313e+00 1.108470884295788750e+01 4.350980400754039579e+01
1.807274390652761742e+00 1.106061259121143259e+01 3.951024510431229686e+01
1.827710822520780098e+00 1.103657807759757503e+01 3.575566501742832060e+01
1.847486289592385589e+00 1.101117165992812730e+01 3.244051261334045222e+01
1.866916651417965811e+00 1.098518439289267512e+01 2.948808517023914533e+01
1.885996623859797161e+00 1.095933287449126681e+01 2.677625726913013438e+01
1.904480124850474576e+00 1.093302360438341658e+01 2.433087483902265191e+01
1.922375347657178324e+00 1.090526668426341139e+01 2.208671530544574679e+01
1.939850894359660627e+00 1.087696761411584667e+01 2.022593162832181335e+01
1.956815125268064337e+00 1.084808173406720577e+01 1.840383144266604276e+01
1.973249851996976112e+00 1.081793731645257850e+01 1.688466398453236295e+01
