2.191799393465098389e-01 1.550982308316407554e+01 3.683535669800713658e+06
2.269734405151948575e-01 1.521338297355864633e+01 3.104392698951308616e+06
2.350856320086426032e-01 1.493808651628542528e+01 2.624114407406630460e+06
2.435380473548035829e-01 1.468773504758284432e+01 2.211740266463767737e+06
2.523103107960740776e-01 1.445905187955516169e+01 1.871300591544903815e+06
2.614307891665483274e-01 1.424628182058496506e+01 1.576369280897752848e+06
2.709041152669301455e-01 1.403943797397249682e+01 1.333166978877988178e+06
2.807381266218836324e-01 1.386002751293754365e+01 1.126517043643574230e+06
2.909420448937875547e-01 1.369221758310253634e+01 9.513188023061257554e+05
3.015192430706762905e-01 1.353587110067184973e+01 8.030385363327696687e+05
3.124538323108486115e-01 1.339057046883675461e+01 6.795936129632075317e+05
3.237919678992893791e-01 1.325901217594380377e+01 5.736335162094358820e+05
3.355231531451597360e-01 1.313608217948839041e+01 4.852447371720696683e+05
3.476548977747028757e-01 1.301936537188207765e+01 4.069609359926374746e+05
3.601942551113758162e-01 1.291381315229445903e+01 3.479470843952381983e+05
3.731302442003125441e-01 1.281671559253023673e+01 2.943847509507282521e+05
3.864933857375424942e-01 1.272622392761382848e+01 2.494231627489971579e+05
4.002711583435640263e-01 1.264271012109037429e+01 2.113529513511414698e+05
4.144639446285253159e-01 1.256690681032496570e+01 1.789801086295281129e+05
4.290925176478367353e-01 1.249503983796241791e+01 1.518998455916962994e+05
4.441605190093700362e-01 1.242687103296049322e+01 1.291075046428248461e+05
4.596436495175910686e-01 1.236619691098347218e+01 1.092336705224226171e+05
4.755376485040976320e-01 1.231023431971409110e+01 9.298897832609091711e+04
4.918631608180437653e-01 1.225727009940057144e+01 7.910668740901000274e+04
5.086098810743103771e-01 1.220871033737109634e+01 6.724088149692401930e+04
5.257905588620137571e-01 1.216262113110307652e+01 5.725813453174372262e+04
5.433952706239174590e-01 1.212077224054055868e+01 4.876622993516302813e+04
5.614234986654000892e-01 1.208208533135757001e+01 4.157533657376250630e+04
5.798264746214673027e-01 1.204478770521884812e+01 3.545830630200965970e+04
5.980028916701918273e-01 1.201000622655695338e+01 3.043202904051137375e+04
6.153735087957333816e-01 1.197999401141080611e+01 2.634235968683363171e+04
6.321964902550639698e-01 1.194854584982116386e+01 2.293108357109493954e+04
6.488270140910751271e-01 1.191693455505817312e+01 2.001069597115143551e+04
6.653948236492995827e-01 1.188514183118435596e+01 1.749993433175471728e+04
6.820357762879873942e-01 1.185252054818261946e+01 1.529456341567597519e+04
6.989300124482954457e-01 1.181996391356909903e+01 1.339340391925339100e+04
7.163197003180021838e-01 1.178590864766261781e+01 1.170967716738401577e+04
7.342612774649480700e-01 1.175409630412849005e+01 1.018631410661957307e+04
7.528385983737760911e-01 1.172026259027429695e+01 8.859077575172916113e+03
7.720972132123252729e-01 1.168724164140269828e+01 7.617439573812479466e+03
7.920689682911715712e-01 1.165380814776066387e+01 6.653350922541472755e+03
8.128346962887942340e-01 1.162195599323149509e+01 5.708897131214633191e+03
8.343683606616555393e-01 1.159479527740599814e+01 4.949228347480280718e+03
8.567281170913459976e-01 1.156578919798377747e+01 4.258376264528866159e+03
8.799306138486560069e-01 1.153705357296746570e+01 3.662437922575772518e+03
9.039817446885074492e-01 1.151084577264724906e+01 3.145378748702815756e+03
9.288971982070670652e-01 1.148534635334168996e+01 2.690390134745822706e+03
9.546770685962712166e-01 1.146195804664546181e+01 2.299991822468885857e+03
9.812984989874471431e-01 1.144203711037149240e+01 1.964636947768197388e+03
1.007732061065364837e+00 1.142144235752141590e+01 1.686216697055820759e+03
1.033577246951293827e+00 1.139985981707107321e+01 1.455817258164053101e+03
1.058841149532381509e+00 1.137805739746515599e+01 1.262497805326319394e+03
1.083586785551468257e+00 1.135642219744337389e+01 1.098737970662817588e+03
1.107868647745048785e+00 1.133459227049493911e+01 9.586848771861609748e+02
1.131751665390576367e+00 1.131062208980770123e+01 8.339793382413122345e+02
1.155229959627179781e+00 1.129042206594869491e+01 7.364232286954368192e+02
1.178350422943071463e+00 1.126148126566283025e+01 6.478256737875574345e+02
1.201166148049229720e+00 1.123447646131710087e+01 5.702574277111767742e+02
1.223655541834378857e+00 1.120743938249548499e+01 5.028585076601929131e+02
1.245846614382130735e+00 1.117854107374036943e+01 4.446997709276926685e+02
1.267750558312843445e+00 1.114802487549989252e+01 3.913731282940261735e+02
1.289379955751405626e+00 1.111930954219272571e+01 3.481418842216704661e+02
1.310743013346660879e+00 1.108440240104685870e+01 3.084699963950325241e+02
1.331838849659311874e+00 1.105250272808162570e+01 2.736214347175809962e+02
1.352650038383595321e+00 1.101405149027642238e+01 2.431522800576547070e+02
1.373197058389566516e+00 1.097977000836170625e+01 2.161675015412367316e+02
1.393464666051326128e+00 1.094296646160634978e+01 1.920553283801129680e+02
1.413568227438741998e+00 1.090498685582060823e+01 1.710526325866006232e+02
1.433096981378157997e+00 1.086471435753293413e+01 1.525218286575721152e+02
1.452469727090210272e+00 1.082503459156476922e+01 1.358568969764504288e+02
1.471502523829643749e+00 1.078389007237148611e+01 1.212649222588847664e+02
1.490212087628163706e+00 1.074211357395676991e+01 1.083130257837300690e+02
1.508690362307591792e+00 1.069992138241911661e+01 9.676355593576828085e+01
1.526532159533143806e+00 1.065619593212428917e+01 8.630793759168075496e+01
1.544253435757048321e+00 1.061227218038969333e+01 7.722285530361590133e+01
1.561308338695727382e+00 1.056686697884454951e+01 6.958073203194017253e+01
1.578078956078617923e+00 1.052161053079471920e+01 6.245143632804328604e+01
1.594415329363430889e+00 1.047481971794293898e+01 5.613829199312068141e+01
1.610300888467041336e+00 1.042691104335919583e+01 5.041262133410248936e+01
1.625714626627133841e+00 1.037944598420986786e+01 4.538960328432003166e+01
1.640648512508584567e+00 1.033127029754129644e+01 4.090451944105929982e+01
1.655185873369296790e+00 1.028194087126900413e+01 3.680431630596392267e+01
1.669004332668010848e+00 1.023181260951297489e+01 3.332086665526229297e+01
1.682389117692833169e+00 1.018169563756367779e+01 3.014080126422914319e+01
1.695238876825461372e+00 1.013123086447493115e+01 2.720181637917767148e+01
1.707549606176736123e+00 1.007978317208565144e+01 2.473859638064862310e+01
1.719290331182873999e+00 1.002811764906469527e+01 2.242786082881289289e+01
1.730451826954119365e+00 9.975645518254513178e+00 2.033821306351056535e+01
1.741039763379098382e+00 9.923805419684860851e+00 1.854869756564364280e+01
1.751050275488765573e+00 9.871102667950809817e+00 1.687288609291610086e+01
1.760449834010748393e+00 9.817430835863605765e+00 1.540200107558019837e+01
1.769269819387229381e+00 9.763924432458665592e+00 1.404514734516648211e+01
1.777472436283491719e+00 9.710378694941262268e+00 1.291855270268211697e+01
1.785082534880656047e+00 9.656095305846553956e+00 1.184760923137212174e+01
1.792086859033907187e+00 9.601797742097248900e+00 1.087985944108605985e+01
1.798486248747407146e+00 9.547459308285260349e+00 9.979926103300641671e+00
1.804295111465835211e+00 9.493534888812146022e+00 9.185374816487424710e+00
1.809503854915017973e+00 9.437491769853554757e+00 8.476952936886519296e+00
1.814119356791223270e+00 9.383235322323455918e+00 7.829012269968186111e+00
1.818147260970041978e+00 9.328027693431275580e+00 7.267002703038479616e+00
