2.191799393465098389e-01 1.550982308316407554e+01 3.683535669800713658e+06
2.245206175110211755e-01 1.531466025152667854e+01 3.281395274427852593e+06
2.300150826237796209e-01 1.510250735287273471e+01 2.913303648937685415e+06
2.356490152295880047e-01 1.493036621405939002e+01 2.605569780878222547e+06
2.414648150450659780e-01 1.473921487667649366e+01 2.305176447472041007e+06
2.474203789425231947e-01 1.458938654480061814e+01 2.043829119626065250e+06
2.535300991464732867e-01 1.442180511155756939e+01 1.825641971838472411e+06
2.598120017456178044e-01 1.427414526135136796e+01 1.630406266549933702e+06
2.662615959993012149e-01 1.413409063390627196e+01 1.449077186738896417e+06
2.728797384495243450e-01 1.400565964625028492e+01 1.292513655364839826e+06
2.796710877260797923e-01 1.388504421954298351e+01 1.145303253545783460e+06
2.866428564678817348e-01 1.376356472365629457e+01 1.009298738837289158e+06
2.937951195987919539e-01 1.365089192557356768e+01 9.088923868995151715e+05
3.010988854335140963e-01 1.354262194871133573e+01 8.095478037290489301e+05
3.086072122031154885e-01 1.344061848328744624e+01 7.204062774542139377e+05
3.162706986241866636e-01 1.334734004459938461e+01 6.414568449291009456e+05
3.241286375742417625e-01 1.325369464619356563e+01 5.726594891068834113e+05
3.321837677020212376e-01 1.316787785202123828e+01 5.098109755443511531e+05
3.404248405215200557e-01 1.308968273619499456e+01 4.539678276463164366e+05
3.488523650023311884e-01 1.300892473862587018e+01 4.048974892427443410e+05
3.574851512591971647e-01 1.293769394464839806e+01 3.607209805147428415e+05
3.662950259194151514e-01 1.286721919854879026e+01 3.215006129561345442e+05
3.753079961999847280e-01 1.280378814151847422e+01 2.864458705620021792e+05
3.845276417217765585e-01 1.273885770027842312e+01 2.552706714947043802e+05
3.939336911436740474e-01 1.268370869119190303e+01 2.278323496827736381e+05
4.035414984827189744e-01 1.262633514752360675e+01 2.031012506958575977e+05
4.133485727154015410e-01 1.257091685623231214e+01 1.813524255167863448e+05
4.233633059820567368e-01 1.252179841829146589e+01 1.621579532076757459e+05
4.335805607175622356e-01 1.247500618166857045e+01 1.446234231908232614e+05
4.440144761322554201e-01 1.242783467435695322e+01 1.291725002734112495e+05
4.546167828692552204e-01 1.238731203012207338e+01 1.154688320260499459e+05
4.654574534818416987e-01 1.234802329599514081e+01 1.030300533709262818e+05
4.764799022170725373e-01 1.230644453037747432e+01 9.224838616899547924e+04
4.877159264545944950e-01 1.227053309980307816e+01 8.256182050907741359e+04
4.991275748498894549e-01 1.223537751524247952e+01 7.357623051023077278e+04
5.107581973905265249e-01 1.220213608124698013e+01 6.601338432932281285e+04
5.225927747938124979e-01 1.217195869694916155e+01 5.894816536504877149e+04
5.346289773303833925e-01 1.214118592867853508e+01 5.288715354873669276e+04
5.468662884200070629e-01 1.211762767555364917e+01 4.720622101788218424e+04
5.593049576762499919e-01 1.208517503642637969e+01 4.233771626117316191e+04
5.719146298770182435e-01 1.206301332846450691e+01 3.795590536839610286e+04
5.847298781893568442e-01 1.203602957366225290e+01 3.363025100605655462e+04
5.976849496993708044e-01 1.201337814330095100e+01 3.051302248593743934e+04
6.107425202585105017e-01 1.199054408540776961e+01 2.742756378705682073e+04
6.240410776795349834e-01 1.196970435354750606e+01 2.461897899640029209e+04
6.375893554522261697e-01 1.194722815217535938e+01 2.207726716454627240e+04
6.514425332401865276e-01 1.192658545315171459e+01 1.982344410167574097e+04
6.656257046140880984e-01 1.191036731720943642e+01 1.777387193852948985e+04
6.801185378239915647e-01 1.189011961931845462e+01 1.577830385225809187e+04
6.950551071813805271e-01 1.187448710637435489e+01 1.426556685403213123e+04
7.103951349156003570e-01 1.185717781830777895e+01 1.277426976736112556e+04
7.261871585287563713e-01 1.184193197015460086e+01 1.141698866198349970e+04
7.424136668056910970e-01 1.182781247582571638e+01 1.020111222633556645e+04
7.591355325386096586e-01 1.181383744198595664e+01 9.101165235722322905e+03
7.763432337862873345e-01 1.180284683252676992e+01 8.105960941190355697e+03
7.940640028838804598e-01 1.179238286959997595e+01 7.231846205820526848e+03
8.123063095650230325e-01 1.178321698490027636e+01 6.437388746195298154e+03
8.310872288514484785e-01 1.177403014509680546e+01 5.728968439345891966e+03
8.503886178178540201e-01 1.176706485420987391e+01 5.087627566507941992e+03
8.702592684349882424e-01 1.176177043207896489e+01 4.519710184863735776e+03
8.906778212236049486e-01 1.175526970797633552e+01 3.987298030150597697e+03
9.116608797553168442e-01 1.175181984201346452e+01 3.563615185315680719e+03
9.332120399777473763e-01 1.174996846717580290e+01 3.157152866530089341e+03
9.553311382386433515e-01 1.174774756808090714e+01 2.800357393456853970e+03
9.780188120548899411e-01 1.174682076291436061e+01 2.478988228015619825e+03
1.001283879972347801e+00 1.175098036804103785e+01 2.196408159895470817e+03
1.025114449734516153e+00 1.175277540046058355e+01 1.944929512580347819e+03
1.049500015837232292e+00 1.175603558005014726e+01 1.723117959163156911e+03
1.074447071815169963e+00 1.176079799349231436e+01 1.524585833214308650e+03
1.099952682024108119e+00 1.176612793209249652e+01 1.350276058799434395e+03
1.125983346080736469e+00 1.177266024727317983e+01 1.192669391419874046e+03
1.152245888785756955e+00 1.177954257971664731e+01 1.059127566731331626e+03
1.178631447687023215e+00 1.178851947820346169e+01 9.403347397803510148e+02
1.205152554529003384e+00 1.179664352368964053e+01 8.366453405189307659e+02
1.231789885175271992e+00 1.180547824088398023e+01 7.439675100937114394e+02
1.258554894583163275e+00 1.181372878091047340e+01 6.626642252218847489e+02
1.285414017711352885e+00 1.182202232182900659e+01 5.917735702838290308e+02
1.312401978597522723e+00 1.183225474266399857e+01 5.281051139789417448e+02
1.339492030060241978e+00 1.183980002710163681e+01 4.718444827010046083e+02
1.366683689915547673e+00 1.184812013604209469e+01 4.202582829021150701e+02
1.393963715298087269e+00 1.185669328986804238e+01 3.781114623353244042e+02
1.421307435754749271e+00 1.186420967700500206e+01 3.385955955543719256e+02
1.448737954326540178e+00 1.187181881949251228e+01 3.037441516669515522e+02
1.476211730324096916e+00 1.188103686889728294e+01 2.726602884689776829e+02
1.503698933991511000e+00 1.188979907021252913e+01 2.450083717749697030e+02
1.531265257842260974e+00 1.189337543334671743e+01 2.203160793140890235e+02
1.558780199180137771e+00 1.190014400618708024e+01 1.981857891752241585e+02
1.586345363567688294e+00 1.190682857590443433e+01 1.782950431011680053e+02
1.613879031313982360e+00 1.191345541691628895e+01 1.607158165082391577e+02
1.641366614073799912e+00 1.191782897636104188e+01 1.448722024606930177e+02
1.668822037203219200e+00 1.192512725879378976e+01 1.305924610447230236e+02
1.696206326285214505e+00 1.192696450893487281e+01 1.181425969041511905e+02
1.723481585603116484e+00 1.193144757399462108e+01 1.066915995522123382e+02
1.750826568946574291e+00 1.193440180640031123e+01 9.643463772534663292e+01
1.777747074110941128e+00 1.193732695792511223e+01 8.736629374104316526e+01
1.804690520261232667e+00 1.194013694286811855e+01 7.872877940168598343e+01
1.831431092002285821e+00 1.194298048411677904e+01 7.168230339115933702e+01
1.858023832747653037e+00 1.194409242894333367e+01 6.504973115713080745e+01
1.884414104781999555e+00 1.194257173349850198e+01 5.905787914464912092e+01
1.910584316947299799e+00 1.194326949649568981e+01 5.342824642881696917e+01
