2.191799393465098389e-01 1.550982308316407554e+01 3.683535669800713658e+06
2.274907113879007237e-01 1.520742421648335174e+01 3.080760402923186775e+06
2.361705880996171070e-01 1.490154622413256291e+01 2.568884913732200861e+06
2.452200211496234072e-01 1.464600338158964021e+01 2.139902239721765742e+06
2.546474191791358033e-01 1.439802243917831781e+01 1.790003818846742623e+06
2.644708149024848076e-01 1.417172459937007467e+01 1.494781363330983790e+06
2.746954526030530586e-01 1.397157306482070460e+01 1.250153778307175962e+06
2.853342466719763215e-01 1.377819788079465546e+01 1.041954599110963754e+06
2.963836634623760458e-01 1.360446497136302035e+01 8.720523115417021327e+05
3.078814252023433506e-01 1.344622013147565021e+01 7.278212753547631437e+05
3.197826349985647409e-01 1.330331622700868088e+01 6.081822838861790951e+05
3.321413295258383580e-01 1.317604741389757095e+01 5.084335732201581704e+05
3.449476459733230582e-01 1.304457063727014621e+01 4.263158241894152015e+05
3.582187204259538182e-01 1.292922589627284147e+01 3.574521082320205169e+05
3.719470721876158015e-01 1.282472418974843542e+01 2.991724146925997920e+05
3.861534280626205962e-01 1.272815570496297966e+01 2.506043693403432844e+05
4.008290472672576543e-01 1.264243557792077333e+01 2.096444375202757365e+05
4.159877618667001675e-01 1.255899890395635410e+01 1.762467521600208129e+05
4.316178627965063241e-01 1.248259391995243739e+01 1.476554981888977636e+05
4.477505742336047034e-01 1.241148411062366286e+01 1.239907851621908630e+05
4.643623442424862913e-01 1.234962676771317369e+01 1.040826063844429009e+05
4.814392819935454093e-01 1.229261263793028647e+01 8.772649951960238104e+04
4.990064904063574724e-01 1.223546342757849636e+01 7.380409210351185175e+04
5.170580130761543991e-01 1.218656385228361216e+01 6.214214423350518337e+04
5.355941298635099601e-01 1.213994928163270615e+01 5.241193972468982247e+04
5.546097388797029959e-01 1.209647945421244764e+01 4.407973650882529182e+04
5.740714690539278076e-01 1.205676196054766791e+01 3.718780057214736007e+04
5.939800247156895585e-01 1.201983282292874122e+01 3.146507948493204822e+04
6.142895289690172289e-01 1.198265004274291456e+01 2.646616155570743285e+04
6.352759319218143075e-01 1.195329138508967226e+01 2.250132376843000748e+04
6.569484743996353293e-01 1.192065469459650018e+01 1.901639896861472516e+04
6.795037563104296963e-01 1.189471080598149655e+01 1.603028601646951756e+04
7.031146848474399969e-01 1.186779463202115004e+01 1.348862124965275871e+04
7.277517973098497350e-01 1.184571861619187771e+01 1.131999181855615643e+04
7.535798782769405069e-01 1.182163891772431441e+01 9.505553319779808589e+03
7.806228111937645320e-01 1.180741237751486850e+01 7.934136700259015015e+03
8.089449622610811463e-01 1.179303124208913367e+01 6.611793453914137899e+03
8.385743990686680416e-01 1.178150800437155254e+01 5.504597966300158078e+03
8.695680334200585060e-01 1.177341388198611227e+01 4.572630889759066122e+03
9.019410215152475763e-01 1.176700719429131325e+01 3.799112552118997883e+03
9.357093786340328068e-01 1.176725928207005190e+01 3.147920508620330111e+03
9.708960718053686323e-01 1.176568078913874160e+01 2.607160539554858588e+03
1.007481028229831876e+00 1.177047054463084130e+01 2.158346600232333913e+03
1.045479928150097049e+00 1.177762326586086061e+01 1.785065710848660956e+03
1.084366835857132561e+00 1.178696001849371022e+01 1.478792083483873967e+03
1.121334465193152052e+00 1.179607375725825591e+01 1.241161325639798406e+03
1.156202032729848783e+00 1.180530809153212246e+01 1.054570280732488982e+03
1.189265389271539686e+00 1.180543826852926692e+01 9.021809068232615800e+02
1.220737496137878741e+00 1.180444404324655139e+01 7.798736086641281418e+02
1.250787667524846603e+00 1.180149641950267281e+01 6.768936435615038363e+02
1.279575549802119738e+00 1.179215117812770863e+01 5.914857087292856477e+02
1.307254306899839458e+00 1.178325456821995232e+01 5.176894940451492175e+02
1.333808916136009604e+00 1.176819307124693736e+01 4.557129204602931623e+02
1.359471249848696051e+00 1.175018549579207416e+01 4.014495087954690007e+02
1.384256467355949871e+00 1.173204693310233360e+01 3.549596357951955952e+02
1.408223275135519703e+00 1.170762671347921469e+01 3.126975710547558265e+02
1.431447018549355077e+00 1.168393160800103914e+01 2.789519097872269526e+02
1.453929846242688173e+00 1.165416438030154822e+01 2.483234974943491125e+02
1.475751699220112068e+00 1.162163984860020349e+01 2.210028487629438416e+02
1.496915062373985750e+00 1.158950769313246099e+01 1.971730391542047869e+02
1.517452325001294122e+00 1.155233558174654540e+01 1.759010510725466361e+02
1.537382259651848493e+00 1.151426699953753641e+01 1.575819888708284111e+02
1.556718585560812995e+00 1.147556922273754587e+01 1.409352658789893553e+02
1.575474851839622215e+00 1.143221762078912285e+01 1.261766686086008775e+02
1.593655410129275474e+00 1.138865167958179114e+01 1.130321054086633978e+02
1.611261841594676447e+00 1.134254387379349005e+01 1.011149713196517155e+02
1.628304736217847548e+00 1.129528814533740899e+01 9.116355485145261639e+01
1.644775055874083236e+00 1.124560121299711035e+01 8.165122244285331021e+01
1.660682869938208794e+00 1.119546944628954677e+01 7.341860616528101957e+01
1.676018036173803294e+00 1.114336694300050645e+01 6.640814894507376209e+01
1.690773087342796410e+00 1.108990239781150855e+01 5.990806025618647368e+01
1.704950239411689106e+00 1.103483412509698169e+01 5.405499188802078692e+01
1.718540599478515229e+00 1.097970520145203288e+01 4.859936031085592134e+01
1.731545190023146219e+00 1.092271791630173361e+01 4.413847826091199522e+01
1.743943478798353208e+00 1.086464000327508828e+01 3.995229109912909138e+01
1.755757725862535867e+00 1.080576384458699124e+01 3.619275388816048178e+01
1.766924071426910325e+00 1.074503059152002571e+01 3.274512594420094302e+01
1.777531760674510020e+00 1.068529908732029909e+01 2.978142206928464120e+01
1.787456824075325912e+00 1.062314481457673843e+01 2.711496515503721128e+01
1.796783643328178082e+00 1.056121991330780219e+01 2.469954997480201442e+01
1.805486007268819693e+00 1.049752188493410188e+01 2.250466990298280834e+01
1.813546191513318862e+00 1.043375342677557782e+01 2.054862274716981219e+01
1.820990785544315482e+00 1.037012188506761667e+01 1.870070364047725420e+01
1.827806846284994791e+00 1.030567968693575409e+01 1.716111337096734601e+01
1.833958864204965122e+00 1.024082816658389206e+01 1.574061084702299240e+01
1.839506586987482040e+00 1.017495903893019182e+01 1.441875870344798471e+01
1.844394982974940422e+00 1.010902277169120644e+01 1.326042457970200239e+01
1.848672373237157940e+00 1.004302573244812535e+01 1.217949676990081009e+01
1.852317891601772848e+00 9.976518689439037857e+00 1.126337855663597409e+01
1.855358279130925325e+00 9.910670056899247626e+00 1.035354664934827262e+01
1.857779971637014027e+00 9.844155902739055719e+00 9.600532232014595380e+00
1.859596540949444154e+00 9.778223111752776475e+00 8.882710872177463912e+00
1.860828767565789077e+00 9.710540306092676488e+00 8.259837088068104904e+00
1.861463971269665230e+00 9.644037566464303879e+00 7.640418085522306058e+00
1.861536749098000376e+00 9.577730106160137424e+00 7.108513443929005859e+00
1.861044899804120689e+00 9.511662125258290246e+00 6.625936286128931485e+00
1.859996719618370209e+00 9.445310963212687483e+00 6.203442805090250367e+00
1.858418655246332207e+00 9.379790364243159928e+00 5.789029949531655284e+00
1.856314900931676615e+00 9.314246441872787940e+00 5.438661066770576369e+00
1.853707078076823223e+00 9.249135837305761498e+00 5.095785741238955779e+00
