2.191799393465098389e-01 1.550982308316407554e+01 3.683535669800713658e+06
2.247951652610667150e-01 1.528643054274703239e+01 3.256850523993542418e+06
2.305525213920739946e-01 1.508046903671749916e+01 2.880412219922552817e+06
2.364971635902591851e-01 1.490163626428303267e+01 2.555614771155729424e+06
2.426166583911869290e-01 1.472680134625915471e+01 2.259759048348320182e+06
2.488966266142730310e-01 1.454457479287821009e+01 1.993370105794273317e+06
2.553614399911136035e-01 1.438803323680985535e+01 1.762422762512175133e+06
2.620073962985529081e-01 1.422849727322868851e+01 1.563758416999900946e+06
2.688381799800427796e-01 1.408546530633289962e+01 1.380246433322772151e+06
2.758563893106458220e-01 1.395594489244381897e+01 1.225328461987597868e+06
2.830656542241285489e-01 1.382367647222798013e+01 1.081944990277333884e+06
2.904684951087635469e-01 1.369931245991955571e+01 9.577669060622084653e+05
2.980619782062812195e-01 1.358618903296963687e+01 8.470678310738754226e+05
3.058485845751446330e-01 1.348235044541761063e+01 7.509143167735510506e+05
3.138478042187731187e-01 1.337122931412844373e+01 6.652335343030655058e+05
3.220321241163698889e-01 1.327527478989261311e+01 5.897194254979253747e+05
3.304362559616808581e-01 1.318796749530024925e+01 5.223539331140430295e+05
3.390377696366527194e-01 1.310135729292030682e+01 4.632358564926108811e+05
3.478551375902051435e-01 1.301823994965126907e+01 4.101775162874533562e+05
3.568916456377734248e-01 1.294221880060566221e+01 3.629816453223606222e+05
3.661303642172388240e-01 1.286994536356314001e+01 3.219741229428529041e+05
3.755810849607819635e-01 1.279988378591841602e+01 2.852700889602249954e+05
3.852624331933272583e-01 1.273355876878084025e+01 2.533510920368419029e+05
3.951575807873213275e-01 1.267369506982739047e+01 2.248103310597010422e+05
4.052716738833095911e-01 1.261915444996951052e+01 1.976535649973221007e+05
4.156214716417343524e-01 1.256019218167575069e+01 1.767999924049839028e+05
4.261704696054182673e-01 1.250941763270595608e+01 1.553363163285730407e+05
4.369364514495809870e-01 1.245894426799828381e+01 1.396470352366060251e+05
4.479498419376765628e-01 1.241325829494133437e+01 1.237416424734001484e+05
4.591886820539653469e-01 1.236778209926689165e+01 1.101267539070874045e+05
4.706274886857269024e-01 1.232685636082806191e+01 9.775913995145545050e+04
4.822791824168593533e-01 1.228736556105731559e+01 8.684066396339389030e+04
4.941859399460460933e-01 1.224971299136127101e+01 7.726726726025517564e+04
5.062983535419082193e-01 1.221566981366783367e+01 6.843665170047717402e+04
5.186458650650316304e-01 1.218274549609185442e+01 6.065698150593182800e+04
5.311981226495340325e-01 1.215087317108516629e+01 5.446872097933205077e+04
5.439810853741957608e-01 1.211992568953211880e+01 4.854203446710635035e+04
5.569856417646257274e-01 1.209126330248430214e+01 4.321094076121582475e+04
5.702151754200462941e-01 1.206417427948599119e+01 3.808146633117301826e+04
5.836261418290943359e-01 1.203975932738696031e+01 3.427573670239400963e+04
5.970801938601452141e-01 1.201456568098649313e+01 3.065560900749464417e+04
6.106519846851469202e-01 1.199159451891840078e+01 2.740233015605580658e+04
6.243504427725313777e-01 1.196820612281718965e+01 2.452191401039240009e+04
6.382641210848347679e-01 1.194236567986811259e+01 2.196109380372710439e+04
6.524235042019855824e-01 1.192622798248570426e+01 1.961236528758731583e+04
6.668805897850388353e-01 1.190470858782622798e+01 1.756083995890701772e+04
6.816831310783336706e-01 1.188148991311044433e+01 1.569687191727170102e+04
6.968551126335333912e-01 1.186604474327534220e+01 1.402985359553160379e+04
7.124400469502877309e-01 1.184850365714820875e+01 1.249783770393568739e+04
7.284410672403343057e-01 1.183133368250926587e+01 1.117283173909622019e+04
7.449015213527468982e-01 1.181525728474151649e+01 9.864325515628712310e+03
7.618285352989669912e-01 1.180132363801207163e+01 8.852999907807337877e+03
7.792506377620066482e-01 1.178516546897677841e+01 7.897050893033306238e+03
7.971806604361297843e-01 1.177353027700133126e+01 6.996393899604270700e+03
8.156348992005550969e-01 1.176195512006976251e+01 6.206156458589777685e+03
8.346309325748811903e-01 1.175160144133163875e+01 5.511308388581714098e+03
8.541995395860788598e-01 1.174126373403369250e+01 4.883635700430942961e+03
8.742649332409581087e-01 1.173169101293663985e+01 4.332652519550576471e+03
8.949305443938655458e-01 1.172306980634183127e+01 3.830442238509730032e+03
9.161658598432118605e-01 1.171550852889870953e+01 3.392396920377790138e+03
9.379767418665923007e-01 1.171689910087978426e+01 2.998867073823561441e+03
9.603706788542379913e-01 1.170860079521890640e+01 2.649008168437934273e+03
9.833344762445628273e-01 1.170566778141400377e+01 2.339499242341336412e+03
1.006882298412439036e+00 1.170459606611045267e+01 2.054413650695898014e+03
1.031005894810139267e+00 1.170428863279643394e+01 1.824147943162206047e+03
1.055699674387603926e+00 1.170459021446400705e+01 1.612003477651643834e+03
1.080960759487547884e+00 1.170744060622923399e+01 1.422324746936480096e+03
1.106788293552693148e+00 1.171436750850795683e+01 1.254347285830373494e+03
1.133159630837711873e+00 1.171630909968192391e+01 1.098392519395353702e+03
1.160066621827398503e+00 1.171875977164149063e+01 9.760047730884929251e+02
1.187503761581680140e+00 1.172339366943879035e+01 8.564455980452203221e+02
1.215453794738221793e+00 1.172885977618393305e+01 7.607754644198496408e+02
1.243899156882251278e+00 1.173583106433173029e+01 6.709974493789188728e+02
1.272827132080838863e+00 1.174731282590235004e+01 5.920534275754689588e+02
1.302217022970135085e+00 1.175309961886309118e+01 5.229703610317279754e+02
1.332039712304833534e+00 1.176370543834972615e+01 4.623391852548510883e+02
1.362293388545096962e+00 1.177486963973263556e+01 4.085794207522341139e+02
1.392932813824771188e+00 1.178451531807769292e+01 3.612773132399014457e+02
1.423966109449440021e+00 1.179658397668521630e+01 3.195806703805903908e+02
1.455132931346809100e+00 1.180586371674698576e+01 2.830892786898210147e+02
1.486145525247565713e+00 1.181639378238675064e+01 2.513160369270841841e+02
1.516975359981769467e+00 1.182681393168930661e+01 2.233790872086617583e+02
1.547603946449664036e+00 1.183738040574829853e+01 1.992329097059690355e+02
1.578027362823565927e+00 1.184656196947661400e+01 1.777070365986059244e+02
1.608218242857648583e+00 1.185836413360648756e+01 1.588354638143978264e+02
1.638220703962611546e+00 1.186421485982837787e+01 1.415598093650587543e+02
1.667943323964985014e+00 1.187224553537780380e+01 1.274873173498075687e+02
1.697445369871897425e+00 1.187927386729477242e+01 1.145402753282551913e+02
1.726667840010878585e+00 1.188707638069121231e+01 1.028603507826303911e+02
1.755619244837191228e+00 1.189136204182922896e+01 9.257667051078459508e+01
1.784281340598215415e+00 1.189534862877556876e+01 8.346028419702628298e+01
1.812662340273333950e+00 1.189951346862214976e+01 7.522249244536372714e+01
1.840691370715217268e+00 1.190272998432527984e+01 6.799961581108692599e+01
1.868406190513539178e+00 1.190465448582639496e+01 6.147422906283008359e+01
1.895773103684948557e+00 1.190609833461531508e+01 5.562747468158759290e+01
1.922789451607579192e+00 1.190641442741134526e+01 5.041168306810579480e+01
1.949425520652116051e+00 1.190583856882144431e+01 4.574841399358619043e+01
1.975665747210324952e+00 1.190500987511804176e+01 4.152768561437581241e+01
2.001507355278294487e+00 1.190210674001040836e+01 3.775109310878573154e+01
2.026937896979084552e+00 1.189880341850936851e+01 3.436267531820774934e+01
