2.191799393465098389e-01 1.550982308316407554e+01 3.683535669800713658e+06
2.245923555070681588e-01 1.532954486103344749e+01 3.298784164254381787e+06
2.301555612502060311e-01 1.509507876353960398e+01 2.909234799279230647e+06
2.358749574800176885e-01 1.490866270058273102e+01 2.578868981798157562e+06
2.417701725000059032e-01 1.474048673905596729e+01 2.291066928686355241e+06
2.478067827733239636e-01 1.457370678630631566e+01 2.039157357182456879e+06
2.540166006471845650e-01 1.441236684871395290e+01 1.808107105950237019e+06
2.603956372909433381e-01 1.426199231841530057e+01 1.606677427114645019e+06
2.669458530187142631e-01 1.412324718370793697e+01 1.428253281073205639e+06
2.736706281748201852e-01 1.399032608490010787e+01 1.271507736266115215e+06
2.805713838073295996e-01 1.386810389161766466e+01 1.129984683101832401e+06
2.876529222870375935e-01 1.374428302542454183e+01 1.003012738534646342e+06
2.949068817499558848e-01 1.363337466967074718e+01 8.942046282925282139e+05
3.023482884146401761e-01 1.352196966632955366e+01 7.932402990549859824e+05
3.099800465336496891e-01 1.342263609406605873e+01 7.049366756628389703e+05
3.178191555287284698e-01 1.332551001979349614e+01 6.268071974318296416e+05
3.258042243496182544e-01 1.323863350358026558e+01 5.583353517296086065e+05
3.340029795974543414e-01 1.315068982687131971e+01 4.968973719473833335e+05
3.423941125739277669e-01 1.306813905474109205e+01 4.418050384587338776e+05
3.509823414961716903e-01 1.299311959663940641e+01 3.886803386790064396e+05
3.597623802604261734e-01 1.291955158885164501e+01 3.504784706399122369e+05
3.687657219087474569e-01 1.284893590314329970e+01 3.113752274526841356e+05
3.779642197947797322e-01 1.278276461792941454e+01 2.775068818162743701e+05
3.873357952507321400e-01 1.272081899651098702e+01 2.446403882747755561e+05
3.969379824638072374e-01 1.266250083770551349e+01 2.198858271690997353e+05
4.067285834663168509e-01 1.260458746611405267e+01 1.959404285556305258e+05
4.167578098971255196e-01 1.255622746462022477e+01 1.744305382735576422e+05
4.269536665558175126e-01 1.250572351493168810e+01 1.555915147510656097e+05
4.373692384207299999e-01 1.245736139564142064e+01 1.377070363104413846e+05
4.480118301789842716e-01 1.241230351632532347e+01 1.236320715860957862e+05
4.588639489811958128e-01 1.237129322607789739e+01 1.104588253981958842e+05
4.698991840229668759e-01 1.233113025258209383e+01 9.838507517044537235e+04
4.811426062825499006e-01 1.229237331670977085e+01 8.786562422968730971e+04
4.926102095824215210e-01 1.225604971791402775e+01 7.859503589157186798e+04
5.042723272750491148e-01 1.222000551694892145e+01 7.013105565605343145e+04
5.161481665050736689e-01 1.218964009403250159e+01 6.264412682169137406e+04
5.282330188681758631e-01 1.215788057231382879e+01 5.596965533856836555e+04
5.405232321786426208e-01 1.212922911521419955e+01 5.013115850682473683e+04
5.530213239380168400e-01 1.210056271208014245e+01 4.478082847364478948e+04
5.657256599707318756e-01 1.207169983995300910e+01 4.001489712051281822e+04
5.785982357577593715e-01 1.204820658050070570e+01 3.545176092936943314e+04
5.916241640646060507e-01 1.202266028011098875e+01 3.206716604860409279e+04
6.047239352734066209e-01 1.200115324462652744e+01 2.877070972172090842e+04
6.179695630980905907e-01 1.198059203810800000e+01 2.580389190916061125e+04
6.314136144301545350e-01 1.195728719905948445e+01 2.316072410613131797e+04
6.450995170094157016e-01 1.193352030257429952e+01 2.080554034715029775e+04
6.590836656584002640e-01 1.191772554775075044e+01 1.865362738804866603e+04
6.733555863618377879e-01 1.189760031063415369e+01 1.673364076885025133e+04
6.879975680521086545e-01 1.187862438204566828e+01 1.499552427230842477e+04
7.030218384919391106e-01 1.186219531513921055e+01 1.342584744057539865e+04
7.184521504323677643e-01 1.184412650173227988e+01 1.200859226434552147e+04
7.343066736058442290e-01 1.182766774250430686e+01 1.065755505174837890e+04
7.506357557555536353e-01 1.181478385726867941e+01 9.591575948904575853e+03
7.673827530947415765e-01 1.180022249481510244e+01 8.534690437063489298e+03
7.846502771416437039e-01 1.178784422642949181e+01 7.633631523439574266e+03
8.024092468055119554e-01 1.177800111531056437e+01 6.797171923484286708e+03
8.206750574719368085e-01 1.176650253096183363e+01 6.047105278761319823e+03
8.394688540610472094e-01 1.175636277138879038e+01 5.388256689075638860e+03
8.588033517594129140e-01 1.174952725431111489e+01 4.785089685503274268e+03
8.786541430002998698e-01 1.173965547730597692e+01 4.253366923629408120e+03
8.990707457999007612e-01 1.173647528307150623e+01 3.777572465928977181e+03
9.200276989542728323e-01 1.173107734273810543e+01 3.348127727421277086e+03
9.415451429597269106e-01 1.172504187934446485e+01 2.971491278379958658e+03
9.636267598657680677e-01 1.172279240135812906e+01 2.632917689743666415e+03
9.862557289669362515e-01 1.172436513436294980e+01 2.332250428079434187e+03
1.009449997643321106e+00 1.172299262611442039e+01 2.067896476162159161e+03
1.033188129854854864e+00 1.172423262514643127e+01 1.829307329993593157e+03
1.057487063799111393e+00 1.172538730550288477e+01 1.621988795098075570e+03
1.082325084580058272e+00 1.173060974659331457e+01 1.423834108986634646e+03
1.107698211611445771e+00 1.173260515780495616e+01 1.270548997768848039e+03
1.133615873859915801e+00 1.173977217507593451e+01 1.115940656598412943e+03
1.160043879957139312e+00 1.174585409594333818e+01 9.947471413878462272e+02
1.186977840589453992e+00 1.175047572747604008e+01 8.816587814828378669e+02
1.214413072725925469e+00 1.175932186771369992e+01 7.802690745775319101e+02
1.242322390603698867e+00 1.176773403031928034e+01 6.907956631386474555e+02
1.270403099707537509e+00 1.177640282409468497e+01 6.131874328436243786e+02
1.298537790003181147e+00 1.178526897144316798e+01 5.441853365433419185e+02
1.326742169986665720e+00 1.179835877173592174e+01 4.836068429548573704e+02
1.354977520907368449e+00 1.180433432181276387e+01 4.309570195485788986e+02
1.383255827988085995e+00 1.181456127634628217e+01 3.842223945931491471e+02
1.411545492237537225e+00 1.182258680012692942e+01 3.432039488935366194e+02
1.439856386676349187e+00 1.183190360774798222e+01 3.068543152522670994e+02
1.468176239925086390e+00 1.184195599303242652e+01 2.745299461326562209e+02
1.496500041690452143e+00 1.184969806428227201e+01 2.459926336326543606e+02
1.524796697563398640e+00 1.185514692796879643e+01 2.206566445979045170e+02
1.553047228350058706e+00 1.186631254136065294e+01 1.979888985770653846e+02
1.581252581351944464e+00 1.187082961411609894e+01 1.781760020941060816e+02
1.609431228022842442e+00 1.187724224184913879e+01 1.600554393090669123e+02
1.637497023660810846e+00 1.188359872705533427e+01 1.440384880214637064e+02
1.665483093582357910e+00 1.188851660520880138e+01 1.290889760930189425e+02
1.693391199622678256e+00 1.189360825085525697e+01 1.168173923968353165e+02
1.721135429790225269e+00 1.189850718708413702e+01 1.055839349613980573e+02
1.748742292359894313e+00 1.190189089918712817e+01 9.531177880895408805e+01
1.776216580408259027e+00 1.190575183499618994e+01 8.620059305915057735e+01
1.803485453464729771e+00 1.190822505998580283e+01 7.798059898918293698e+01
1.830564043951179443e+00 1.190970887458810701e+01 7.069110705911197101e+01
1.857444350697687208e+00 1.191222444346188780e+01 6.401596541235834081e+01
1.884071769489342518e+00 1.191232319520486627e+01 5.812123420837382071e+01
1.910474863703461201e+00 1.191237853317000805e+01 5.250381839092331404e+01
1.936626570065229203e+00 1.191222438015027763e+01 4.784416776914514458e+01
