2.191799393465098389e-01 1.550982308316407554e+01 3.683535669800713658e+06
2.249660741288226629e-01 1.529016134340379374e+01 3.226404663655317388e+06
2.308939516431036676e-01 1.507020145083075668e+01 2.864046854217771906e+06
2.370295704379042634e-01 1.487713528151356002e+01 2.498761163989734836e+06
2.433419574249192918e-01 1.470509585533876162e+01 2.230668404960570391e+06
2.498336570475672702e-01 1.451728514833074790e+01 1.940330502743917750e+06
2.565145251557145456e-01 1.435521770986364132e+01 1.727137668518350227e+06
2.633914812963544794e-01 1.418971888541425663e+01 1.521593444621971808e+06
2.704641096164553393e-01 1.405618194109617214e+01 1.346792557037508814e+06
2.777356345001816273e-01 1.391495800474437239e+01 1.184817293177907122e+06
2.852117388581318358e-01 1.378317430334214855e+01 1.044838776442865725e+06
2.929000234056824969e-01 1.366353366617240717e+01 9.207077259230569471e+05
3.007776007354185377e-01 1.354631359057961681e+01 8.126562937590091024e+05
3.088691479299846554e-01 1.343478468675710502e+01 7.170989413935501361e+05
3.171796331877925756e-01 1.334005249874702059e+01 6.321871622933304170e+05
3.257085807474724426e-01 1.323433845097295602e+01 5.587853675828352571e+05
3.344443360243597452e-01 1.314626878057625170e+01 4.924807144488251070e+05
3.434004813934630751e-01 1.305939312695301169e+01 4.351553603748701280e+05
3.525828766999806740e-01 1.297681466038370957e+01 3.844334366013817489e+05
3.619978700588500908e-01 1.290598836740457145e+01 3.395664128056320478e+05
3.716315321589855336e-01 1.282826196337544644e+01 3.000771408073984203e+05
3.815187885621032504e-01 1.275887482777030968e+01 2.647898952237057965e+05
3.916001135883303563e-01 1.269840128598801066e+01 2.343348634135446919e+05
4.019402007685489719e-01 1.263513618595710497e+01 2.072514271156518080e+05
4.124958374325048971e-01 1.257746392661308299e+01 1.831241117152100778e+05
4.232970729679977340e-01 1.252484180667740432e+01 1.619754087581862696e+05
4.343402291218871336e-01 1.246993673264096714e+01 1.433658435896719166e+05
4.456161642374771303e-01 1.242277072485213196e+01 1.269058274213029945e+05
4.571199319598431843e-01 1.237679486312494070e+01 1.124386673787013424e+05
4.688784913661533937e-01 1.233381782197953491e+01 9.941245683953144180e+04
4.808474079936487233e-01 1.229320978975928114e+01 8.811724279109106283e+04
4.930711903091453130e-01 1.225446656965648096e+01 7.808568803894410667e+04
5.055177445697635052e-01 1.221675501267580977e+01 6.935089636613446055e+04
5.182069704621787842e-01 1.218204133180914539e+01 6.148472990863349696e+04
5.311314395929406240e-01 1.215003422812281642e+01 5.451216570067626162e+04
5.442905678467120367e-01 1.211952585043380282e+01 4.841960652487105108e+04
5.576840323964993296e-01 1.209136072940661322e+01 4.288848941095660120e+04
5.712838802251292147e-01 1.206112051637059324e+01 3.812383452787683200e+04
5.851149060138923774e-01 1.203771706542066511e+01 3.387387099545752426e+04
5.991397520079709826e-01 1.200953612351132449e+01 3.013400606563326073e+04
6.133240003086887215e-01 1.198637156823020433e+01 2.683118604279892315e+04
6.278414900236209961e-01 1.196415518050059745e+01 2.389127588790957088e+04
6.426880113993906907e-01 1.194178515162139398e+01 2.122264953876254367e+04
6.578999740614404068e-01 1.191968341216828442e+01 1.886184820309711358e+04
6.735456561555376309e-01 1.189884852073844712e+01 1.675886741249164334e+04
6.896571330983016779e-01 1.188008814638329724e+01 1.485934213834384718e+04
7.062609639655081928e-01 1.186428799637112874e+01 1.316880581450188583e+04
7.233644286995695172e-01 1.184825184802661013e+01 1.166850366343682981e+04
7.410644544821645141e-01 1.183323871152668083e+01 1.024758570291617798e+04
7.593188675812166943e-01 1.182044675774328013e+01 9.116732517818072665e+03
7.781529624925127564e-01 1.180727649426068027e+01 8.048695544985655033e+03
7.976158640314502390e-01 1.179542222168929300e+01 7.091439191987713457e+03
8.176991781883723442e-01 1.178771876492454140e+01 6.247564164464262831e+03
8.384289699644398297e-01 1.177810172490574203e+01 5.499298548823362580e+03
8.598173508734204828e-01 1.177185645232395395e+01 4.839614996741588584e+03
8.818676344749046825e-01 1.176730393234290339e+01 4.247882891895870671e+03
9.045867915371501589e-01 1.176353450233019338e+01 3.736281159506734639e+03
9.279776159968624594e-01 1.176134975579121367e+01 3.275551442881988351e+03
9.520538875126410838e-01 1.176050492511629386e+01 2.873775723259014285e+03
9.768100765172431643e-01 1.176245133436337831e+01 2.499341146727951582e+03
1.002255791008275887e+00 1.176228209229221733e+01 2.208724227216368035e+03
1.028372802060520952e+00 1.176774479873816759e+01 1.932289718530022583e+03
1.055152549191817224e+00 1.177367411064821567e+01 1.694351703005028867e+03
1.082615869072162562e+00 1.177920026903419171e+01 1.483181380135589961e+03
1.110729167281435892e+00 1.178793690973119190e+01 1.300048714809542162e+03
1.139501668156574388e+00 1.179533489780597222e+01 1.138130233849490196e+03
1.168901552895971641e+00 1.180945044096847418e+01 9.959045904658637482e+02
1.198926203037560034e+00 1.181848126248556419e+01 8.687912443754528340e+02
1.229558021471437224e+00 1.183022115173267430e+01 7.645782243574386712e+02
1.260777070616748263e+00 1.184454989486714105e+01 6.699548576778893221e+02
1.292560209141907279e+00 1.185900057368947813e+01 5.880986518456400063e+02
1.324891091775648899e+00 1.187280721133610228e+01 5.152633378322810813e+02
1.357745762014935131e+00 1.188878328706545418e+01 4.489228625980387619e+02
1.391078975520075200e+00 1.190485360904002654e+01 3.968431342509717865e+02
1.424317418679566849e+00 1.192098353302124991e+01 3.491246956625931261e+02
1.457227186677530373e+00 1.193763551973578174e+01 3.080020211557250605e+02
1.489801721398919421e+00 1.195526797665126928e+01 2.724776084758516390e+02
1.522072703544758543e+00 1.196784136853649549e+01 2.406980746700823772e+02
1.553998104892997389e+00 1.198076237206127459e+01 2.149165058454524058e+02
1.585565519233109288e+00 1.199714306629334182e+01 1.914561988619334727e+02
1.616830864022673397e+00 1.200632062826114144e+01 1.709145745653615336e+02
1.647749533475617811e+00 1.201785735006096090e+01 1.526441591424136561e+02
1.678353451978155109e+00 1.202718158963022610e+01 1.359403386227761530e+02
1.708590633054032804e+00 1.203674951835397700e+01 1.225242603350130679e+02
1.738496957159286760e+00 1.204594945787711247e+01 1.099861726787561054e+02
1.768018323691227689e+00 1.205152583211186190e+01 9.897678694208981653e+01
1.797186690132086540e+00 1.205616928706324487e+01 8.905177988161773328e+01
1.825985435703417314e+00 1.206175156127404868e+01 7.985504918623426818e+01
1.854383325363637480e+00 1.206415332775553928e+01 7.248682679027194808e+01
1.882380659174143211e+00 1.206653874086515899e+01 6.548631940401848794e+01
1.910025195122397879e+00 1.206754128654789859e+01 5.926032609932802586e+01
1.937153067170844123e+00 1.206784592545226076e+01 5.342121840202500493e+01
1.963900811263782575e+00 1.206643231608869549e+01 4.864938858974831248e+01
1.990202728490656492e+00 1.206431504263723475e+01 4.417514991199807639e+01
2.016039847751818215e+00 1.206094955756227272e+01 4.015519640660545519e+01
2.041423586394135903e+00 1.205672155243145482e+01 3.648506666481353733e+01
2.066324266825183997e+00 1.205125740936914980e+01 3.328370052020268588e+01
2.090744503722005376e+00 1.204481715417498222e+01 3.019719374230723119e+01
2.114662007709195102e+00 1.203751652317946963e+01 2.764254126755723817e+01
2.138067613667079314e+00 1.202850360670089813e+01 2.521682130286432866e+01
