2.191799393465098389e-01 1.550982308316407554e+01 3.683535669800713658e+06
2.248020410045990791e-01 1.529344249725838267e+01 3.256635945428918116e+06
2.305658298448785282e-01 1.511405855567603851e+01 2.876501326122264843e+06
2.365175673190481054e-01 1.489125569065389598e+01 2.550347043816108722e+06
2.426454926825163949e-01 1.471597693416180697e+01 2.251087140621850267e+06
2.489344175499540457e-01 1.454319276952976558e+01 1.994838736755786464e+06
2.554069799913450400e-01 1.438703760820395239e+01 1.760972315534478286e+06
2.620617757125615621e-01 1.425680386201471528e+01 1.559217399070129730e+06
2.689026628417114928e-01 1.408570861287088505e+01 1.382839811183411628e+06
2.759304619947085535e-01 1.394819559323315517e+01 1.220803708807424409e+06
2.831500189435358639e-01 1.381725015015797098e+01 1.081220084421550622e+06
2.905642795224927522e-01 1.369213911050058208e+01 9.578410177496129181e+05
2.981696248611282463e-01 1.358001929831015708e+01 8.469752130807101494e+05
3.059671508640880444e-01 1.347584262904988783e+01 7.500966161993922433e+05
3.139762959510972173e-01 1.337474894917908586e+01 6.646022158313749824e+05
3.221762445157535515e-01 1.327641641959357699e+01 5.888657034081006423e+05
3.305915678088324205e-01 1.318920459207216922e+01 5.202744455063677742e+05
3.392099956163767138e-01 1.310308189792598021e+01 4.609773464420831297e+05
3.480408015351499351e-01 1.301626025032681078e+01 4.095284092745963717e+05
3.570928098940001627e-01 1.294036481447693099e+01 3.623205585027695051e+05
3.663417133469810683e-01 1.286827006089816905e+01 3.211531325369321276e+05
3.758141024590589407e-01 1.280094613785055202e+01 2.845480794265629956e+05
3.855104590540534004e-01 1.273164548957031883e+01 2.522760904253796325e+05
3.954243949211027620e-01 1.267064258255956055e+01 2.242800731345240201e+05
4.055536274007119912e-01 1.261242558176886597e+01 1.983672376895634516e+05
4.158979096403599418e-01 1.255196347363226295e+01 1.766571373758508125e+05
4.264846246672616692e-01 1.250644167401599560e+01 1.565911252697398886e+05
4.372748947402822495e-01 1.245720885809359224e+01 1.388394442077860585e+05
4.483118728678786580e-01 1.241380300927993474e+01 1.232159146666021697e+05
4.595684294041733620e-01 1.236816755363829934e+01 1.096797513498259505e+05
4.710286766122477875e-01 1.232678908242287363e+01 9.725099029976541351e+04
4.827018303120572118e-01 1.228817438289283182e+01 8.655830934033401718e+04
4.946300585695925234e-01 1.224840213333652450e+01 7.686124973406015488e+04
5.067644084139759642e-01 1.221277512773530027e+01 6.852969398198844283e+04
5.191256293292498825e-01 1.217998621100899470e+01 6.086687244578681566e+04
5.317114002861162980e-01 1.214787374973853673e+01 5.420645466542401118e+04
5.445186988731594013e-01 1.212003939565953026e+01 4.830233148482523393e+04
5.575476969905718283e-01 1.209100339737979191e+01 4.298590912850374298e+04
5.707752471738564148e-01 1.206437451819579110e+01 3.830679856830500648e+04
5.841974578362045811e-01 1.203703210625505271e+01 3.419210484098243614e+04
5.975131521810135293e-01 1.201378116771981830e+01 3.021713428595143705e+04
6.106789796985000462e-01 1.198942134019511663e+01 2.739631403564615903e+04
6.238014127164569489e-01 1.196430408060804673e+01 2.461576808588685162e+04
6.369180492525480242e-01 1.194500716571611321e+01 2.212431524866996551e+04
6.501327399174849919e-01 1.192331725429598066e+01 1.989616211858536917e+04
6.634980511434660500e-01 1.190150238188648046e+01 1.790133945295173180e+04
6.770883205527554738e-01 1.187993092924707561e+01 1.613627492405738485e+04
6.908104790195304101e-01 1.185851651782826011e+01 1.451346704324200800e+04
7.048733645487716970e-01 1.183697942333207997e+01 1.306325061055501283e+04
7.191791829494686983e-01 1.181827839197923957e+01 1.173515638516466242e+04
7.337802449701055219e-01 1.179585486342584311e+01 1.052938233004964968e+04
7.488206568020635556e-01 1.177742047556721161e+01 9.438731899067386621e+03
7.640863120130191311e-01 1.176169373446676403e+01 8.472049024351643311e+03
7.798134575747691644e-01 1.174067185252164514e+01 7.604276515070057030e+03
7.959200753736970224e-01 1.172295142048055716e+01 6.810205180944359199e+03
8.124526743168201115e-01 1.170491227724294525e+01 6.092294478235506176e+03
8.294105966642403294e-01 1.168972506878585982e+01 5.444623657140518844e+03
8.468214183692117647e-01 1.167273043157818435e+01 4.865534802845181730e+03
8.646601938382931785e-01 1.165776136901397031e+01 4.348885966404999635e+03
8.829744221415791738e-01 1.164222446583857007e+01 3.877216753104150939e+03
9.017464910053754057e-01 1.163015629514497107e+01 3.450580722170611352e+03
9.209956289930043560e-01 1.161808814681619317e+01 3.077122212909177506e+03
9.407080419873055099e-01 1.160632053249258533e+01 2.740252925243397840e+03
9.609051735692066831e-01 1.159399540362444370e+01 2.437739427170361978e+03
9.815759505494799919e-01 1.158438265476168105e+01 2.171924942659288718e+03
1.002727709653950638e+00 1.157846132194751299e+01 1.928095969828015541e+03
1.024352217498359252e+00 1.156888346337167128e+01 1.713754287114624731e+03
1.046448611207589030e+00 1.155868559815373686e+01 1.523121917167342190e+03
1.069014964468496309e+00 1.155464883871961490e+01 1.353477081174880141e+03
1.092039299001016595e+00 1.154547914612581927e+01 1.202051856628297855e+03
1.115508029223639674e+00 1.153911737939560567e+01 1.068067301433356988e+03
1.139424611025020351e+00 1.153437374752559741e+01 9.477875445569502517e+02
1.163771913707318140e+00 1.153140083534156979e+01 8.412586818029925553e+02
1.188537085374940183e+00 1.152953347231442116e+01 7.478791728853657332e+02
1.213709558626767215e+00 1.152457838147771518e+01 6.641298305972200069e+02
1.239271476336483158e+00 1.152217887784163430e+01 5.897192855247333227e+02
1.265210050818115439e+00 1.152089551584668392e+01 5.236939682595470913e+02
1.291498886948116542e+00 1.152193000583682725e+01 4.655230085904169073e+02
1.318125837740032003e+00 1.151903779908733227e+01 4.139211123075918977e+02
1.345076098437154810e+00 1.151982571788161991e+01 3.680034180753777378e+02
1.372319557938877610e+00 1.151894543672859150e+01 3.273537217846293288e+02
1.399848595950700991e+00 1.152064424679885235e+01 2.911058561531095279e+02
1.427479542728308681e+00 1.152084701739911665e+01 2.595307914960416724e+02
1.455111912308842292e+00 1.152362714461054516e+01 2.301040330150499642e+02
1.482716524867800034e+00 1.152194527309776539e+01 2.067130494148071023e+02
1.510312570601221704e+00 1.152385106837938622e+01 1.844858355113765356e+02
1.537832179688328083e+00 1.152333086812470420e+01 1.653675331588935649e+02
1.565246738988036901e+00 1.152500021562589438e+01 1.481894681455987097e+02
1.592572495323765214e+00 1.152489143768666935e+01 1.329188321482981507e+02
1.619818117035537686e+00 1.152456033014582104e+01 1.192376271141550745e+02
1.646902367287525371e+00 1.152437946325960993e+01 1.072214856656422199e+02
1.673843302531878630e+00 1.152177369848445210e+01 9.650292246655293127e+01
1.700625967996626686e+00 1.151997875863770382e+01 8.693120145346702543e+01
1.727184028932490012e+00 1.151777796381053953e+01 7.839859834221277879e+01
1.753587527262707724e+00 1.151552089216416341e+01 7.074255620847748105e+01
1.779729172061377485e+00 1.151231455679748628e+01 6.393559359491236904e+01
1.805670988395498000e+00 1.150861693868923652e+01 5.762984896423549230e+01
1.831273889054017445e+00 1.150380468424964420e+01 5.229281000396012047e+01
1.856634137733902401e+00 1.149972683494771886e+01 4.735475449891662691e+01
1.881700297644491426e+00 1.149370796276532936e+01 4.296219540974664852e+01
