2.191799393465098389e-01 1.550982308316407554e+01 3.683535669800713658e+06
2.281514536886301014e-01 1.517656727385047155e+01 3.047367081732863095e+06
2.375427564887328813e-01 1.486756384229656724e+01 2.499246935412651394e+06
2.473722477546106691e-01 1.461008579162155030e+01 2.069309919946116861e+06
2.576445327074950997e-01 1.432682904655082545e+01 1.693173535844584927e+06
2.683763080395835665e-01 1.409283576357832146e+01 1.395209138036237098e+06
2.795798702794646817e-01 1.388247629540964034e+01 1.148018682115695672e+06
2.912698479665838391e-01 1.368711060109122180e+01 9.448237347655493068e+05
3.034355572284830327e-01 1.351029666187564615e+01 7.803684219183693640e+05
3.161155173291367859e-01 1.334912249154950459e+01 6.440982549894845579e+05
3.293020509231042170e-01 1.320362295735733227e+01 5.306458245829300722e+05
3.430145599083785357e-01 1.306312477045639753e+01 4.382002926077015582e+05
3.572557947010435719e-01 1.293995322925865388e+01 3.619434497493106755e+05
3.720228207245923069e-01 1.282479646689799146e+01 2.986568143197644968e+05
3.873478052617695400e-01 1.272049827444529235e+01 2.469338080972372554e+05
4.032396894319589253e-01 1.262758892011741985e+01 2.020029742412373016e+05
4.196454799942298530e-01 1.254172248872966478e+01 1.687725397544287844e+05
4.366437951271793794e-01 1.246093030608210483e+01 1.398915003969160316e+05
4.541914517377401705e-01 1.238629917131108904e+01 1.160554965158382838e+05
4.723196131135503073e-01 1.232130455993669749e+01 9.590392320847437077e+04
4.909926184248269987e-01 1.226069238623287916e+01 7.909819141196706914e+04
5.102158021455303061e-01 1.220513351133784852e+01 6.624812240888339875e+04
5.300097375233261410e-01 1.215401079545089758e+01 5.512315004261169088e+04
5.503609643216124114e-01 1.210607820545454771e+01 4.581002430417463620e+04
5.712429646754770829e-01 1.206282590403349175e+01 3.807839440913761791e+04
5.923196829979971989e-01 1.202173438042056119e+01 3.191951747111984514e+04
6.120438803246187609e-01 1.198488489808643997e+01 2.704476156091404846e+04
6.308251744573418751e-01 1.194851907741553632e+01 2.317537396702634578e+04
6.490686114749750768e-01 1.191154081732247505e+01 1.990954123855644139e+04
6.670826956746334080e-01 1.187590512836063361e+01 1.715609349862802992e+04
6.850180739233320271e-01 1.183329205576193743e+01 1.483317422010996415e+04
7.031327938775465691e-01 1.179575341702255109e+01 1.281509123399335658e+04
7.215266343112937131e-01 1.175426689530732460e+01 1.106118971310835150e+04
7.403168221630074264e-01 1.171233283830999916e+01 9.537704466119324934e+03
7.595975816817482906e-01 1.167061086333882436e+01 8.207097627510072925e+03
7.794490556481421528e-01 1.162848772004134013e+01 7.056096891338685964e+03
7.999409486109765322e-01 1.158663186331067330e+01 6.042693543065497579e+03
8.211274077969950014e-01 1.154340212124141907e+01 5.172678378329903353e+03
8.430529478591557435e-01 1.150329023375423354e+01 4.387848775757335716e+03
8.657644503614294607e-01 1.146052161640934841e+01 3.763746951080738654e+03
8.892787363891010433e-01 1.142002519446755571e+01 3.198751507972805939e+03
9.136261994627825622e-01 1.137995087135325001e+01 2.716016290936582209e+03
9.388223922268066346e-01 1.134086172345803867e+01 2.299765135180209654e+03
9.648635287418488860e-01 1.130587989778818248e+01 1.945635163699210580e+03
9.917464569466839519e-01 1.126713533023014868e+01 1.645567850340009272e+03
1.019472597145552051e+00 1.123069688260677879e+01 1.391707677952439099e+03
1.048024508437140012e+00 1.119769488741702723e+01 1.172181575769902338e+03
1.077360674039301580e+00 1.116779707410907996e+01 9.876421143207114710e+02
1.107480344180646448e+00 1.113114199943471405e+01 8.268190100102524411e+02
1.138316267919066149e+00 1.110070357479414227e+01 7.004536113431736339e+02
1.169842627707535110e+00 1.107114188623459228e+01 5.900555883262414909e+02
1.202015461877356639e+00 1.104306746649625026e+01 4.970736585842951172e+02
1.234762291489859942e+00 1.101538786729082453e+01 4.184890537634946668e+02
1.268037729088703935e+00 1.098840538480117779e+01 3.530935478837610049e+02
1.301767075053289480e+00 1.096189174935825150e+01 2.975316370256534242e+02
1.335886360717020827e+00 1.093555469616503473e+01 2.511680522933439477e+02
1.370323620206265858e+00 1.091217419084023099e+01 2.115899816405783156e+02
1.405001010337865175e+00 1.088602678251521816e+01 1.797596026359567816e+02
1.439836587928120970e+00 1.086228857408263870e+01 1.521182445034949922e+02
1.474751917123256817e+00 1.083917252885492921e+01 1.289190293753774768e+02
1.509665565808734344e+00 1.081446539688029063e+01 1.095138194216149827e+02
1.544491375192855509e+00 1.079051364098143928e+01 9.317952600962682652e+01
1.579146778513599969e+00 1.076666273731862766e+01 7.908646857895027438e+01
1.613546478572718934e+00 1.074225333572404217e+01 6.747995102357347719e+01
1.647606480380491956e+00 1.071808454922705067e+01 5.773729073032789927e+01
1.681249008912363729e+00 1.069303002744794462e+01 4.947876980940196745e+01
1.714393985634984796e+00 1.066782410593324393e+01 4.269490142987491055e+01
1.741046409364585879e+00 1.064205345469871844e+01 3.757964008341475903e+01
1.762620427867436002e+00 1.061188352793394607e+01 3.347092162176977581e+01
1.781970216414683117e+00 1.057611704505861105e+01 3.009243736989037643e+01
1.799363931641767778e+00 1.053753792414212143e+01 2.705656291264878988e+01
1.814978872228790951e+00 1.049574083810112590e+01 2.444419110086947811e+01
1.828943736431810185e+00 1.045111626338986532e+01 2.223514973194211564e+01
1.841361471306111719e+00 1.040295085950533682e+01 2.015605300295866087e+01
1.852324425363830240e+00 1.035315167226089095e+01 1.838053843306058610e+01
1.861922685578353720e+00 1.030103732798241012e+01 1.684669119627513822e+01
1.870216626159635798e+00 1.024698961952395315e+01 1.544265604706449402e+01
1.877272876926382006e+00 1.019052592690639258e+01 1.415669565494763127e+01
1.883176765205298420e+00 1.013229277752442670e+01 1.303678531172881172e+01
1.887935263489871618e+00 1.007299993164902574e+01 1.204584905335468115e+01
1.891675822691635922e+00 1.001199645290648732e+01 1.109852056197992809e+01
1.894383994366188206e+00 9.949888403196167630e+00 1.027436474465289429e+01
1.896129657192851425e+00 9.886501007373469818e+00 9.534320177003912988e+00
1.896956717780333035e+00 9.823085705177096116e+00 8.867871889721437029e+00
1.896892422516925247e+00 9.756799744514124129e+00 8.276464641152770696e+00
1.896027376772865480e+00 9.691435250599315765e+00 7.705736124956259481e+00
1.894348946432490299e+00 9.624353152779411502e+00 7.214846364841715598e+00
1.891915993639199822e+00 9.557334486958081854e+00 6.776760661290931687e+00
1.888753908385488955e+00 9.490024541724636720e+00 6.344059610646930913e+00
1.884923634045314600e+00 9.421858141399251707e+00 5.967875949410457181e+00
1.880431109527811007e+00 9.354019867289746770e+00 5.618170944658353427e+00
1.875324453349326514e+00 9.285598538084554932e+00 5.304676271884777528e+00
1.869635672228223022e+00 9.217600347091293500e+00 5.018152109940754002e+00
1.863387381908379714e+00 9.149389331686380800e+00 4.767450947408760520e+00
1.856626529750811549e+00 9.081803087245461370e+00 4.509190194899212578e+00
1.849364811171723355e+00 9.014157081450148823e+00 4.294009221189639014e+00
1.841648173369907493e+00 8.946752227862397433e+00 4.100058045555724284e+00
1.833501647244745181e+00 8.879685373796030845e+00 3.903743407772347851e+00
1.824948668898182413e+00 8.812753418507275782e+00 3.734898353226633549e+00
1.816016257192268890e+00 8.746918736643021219e+00 3.572695117611160320e+00
