2.191799393465098389e-01 1.550982308316407554e+01 3.683535669800713658e+06
2.258232837620543498e-01 1.526304310307097722e+01 3.206816308130410034e+06
2.326757075451813261e-01 1.502623700843592580e+01 2.762261518482586835e+06
2.397777099838311887e-01 1.481087722658332417e+01 2.401387328378752805e+06
2.471193444222462288e-01 1.458546733219537828e+01 2.063405146805038908e+06
2.547074321890833715e-01 1.439363806451374295e+01 1.790073896326309536e+06
2.625474940279104441e-01 1.421699868026500724e+01 1.544863946804218693e+06
2.706447370656389073e-01 1.404982369628023520e+01 1.340291119612498209e+06
2.790048211135565670e-01 1.389631137422584217e+01 1.161519592661398696e+06
2.876320711107954731e-01 1.374875667642695909e+01 1.003685040170659660e+06
2.965202403281999022e-01 1.360970100989335663e+01 8.693574620880242437e+05
3.056913693229428852e-01 1.347677851232898405e+01 7.531008589706609491e+05
3.151346216040832315e-01 1.336465005714080689e+01 6.522036551718049450e+05
3.248707033472716943e-01 1.325480218089854212e+01 5.665162786375477444e+05
3.348934587797858797e-01 1.313984790908143019e+01 4.906750796589814126e+05
3.451878505670373798e-01 1.304356201497122747e+01 4.246281435643457226e+05
3.558113640615687689e-01 1.295543611086474378e+01 3.685480924335841555e+05
3.666861378083948741e-01 1.286679030463364448e+01 3.196363140840065316e+05
3.779056939438915630e-01 1.278380388204733720e+01 2.773570519745250931e+05
3.893865058378166988e-01 1.270756909670551593e+01 2.410876635186032508e+05
4.012140851254317742e-01 1.263984667085193259e+01 2.088014946921004157e+05
4.133017755852143593e-01 1.256969344678375933e+01 1.815550239855964901e+05
4.257420242986343917e-01 1.251001061945350301e+01 1.575993327431305661e+05
4.384571473530770591e-01 1.245329538946069903e+01 1.369997122326885583e+05
4.515121150806496453e-01 1.240239689338616458e+01 1.190402076762944926e+05
4.648786405647796216e-01 1.234344767429852219e+01 1.036321288211188512e+05
4.785410883008907601e-01 1.230092460718839220e+01 9.021656725516001461e+04
4.925100836874537480e-01 1.225623859579904362e+01 7.853438406726265384e+04
5.067870441322764874e-01 1.221252604866010572e+01 6.849699719355138950e+04
5.213816586673942766e-01 1.217613949551613217e+01 5.956074731230546604e+04
5.362851888390401944e-01 1.213712039763632333e+01 5.204507111909030209e+04
5.514973303878935029e-01 1.210417516392497284e+01 4.536781153937212366e+04
5.670182462283475111e-01 1.207126542042230177e+01 3.957163298109790048e+04
5.828078875535485093e-01 1.204065096091634324e+01 3.459851973301736871e+04
5.981222777997680096e-01 1.201163677245204120e+01 3.040350700299036180e+04
6.127906950536802233e-01 1.198357113684123654e+01 2.659475975834361452e+04
6.269994074045622812e-01 1.195744796716804892e+01 2.389490757121510251e+04
6.409264612178796616e-01 1.193166318538771797e+01 2.130234255724486502e+04
6.546825135001332896e-01 1.190345748831294337e+01 1.904268935405190859e+04
6.684391049175085753e-01 1.187473221620424546e+01 1.703258611806961562e+04
6.821266730451009952e-01 1.184569449347861081e+01 1.508793115529719944e+04
6.959978393348399406e-01 1.181831075240750195e+01 1.363427676919842452e+04
7.099320617651943000e-01 1.178818740738860171e+01 1.221055487370217816e+04
7.241282737693944815e-01 1.175889291816936932e+01 1.090987948681094167e+04
7.385635534541863390e-01 1.172893442406878783e+01 9.752696534146889462e+03
7.532923766367111140e-01 1.169979111927497684e+01 8.703136420373426517e+03
7.683587137295302405e-01 1.166830378256616285e+01 7.760152167203053978e+03
7.837629253981651667e-01 1.164008183019280196e+01 6.919474307974850490e+03
7.995598590913001180e-01 1.160872167698157220e+01 6.156052029669050171e+03
8.157543903123319895e-01 1.158236512081803227e+01 5.473081452154815452e+03
8.323800675233687940e-01 1.154942094554791510e+01 4.857489514353935192e+03
8.494456824645607584e-01 1.151763509524799467e+01 4.305428810341972166e+03
8.669754408451627592e-01 1.149041680771826357e+01 3.813426508316867057e+03
8.849622986892130561e-01 1.146069026344178710e+01 3.377100165751386612e+03
9.034402113765912512e-01 1.143426984283288839e+01 2.984509141773853571e+03
9.223989198159496805e-01 1.140877361268389123e+01 2.636885426443972847e+03
9.418410074969368884e-01 1.138004602925837361e+01 2.326359208749531717e+03
9.617747014497993741e-01 1.135356572649925511e+01 2.052449635496217979e+03
9.822162894668750033e-01 1.132849994122647708e+01 1.807322081536273799e+03
1.003129096327398884e+00 1.130360915895124840e+01 1.591677395660895854e+03
1.024535078654204456e+00 1.128061239101290880e+01 1.400514988347100825e+03
1.046413802796044346e+00 1.125617332718755215e+01 1.224304407125576745e+03
1.068763891273373012e+00 1.123291837581004771e+01 1.083680987129793039e+03
1.091561174739522189e+00 1.121612996733480117e+01 9.515227098843945441e+02
1.114797810030413450e+00 1.119070714514038478e+01 8.375376893428755238e+02
1.138472135101373572e+00 1.116957529356799306e+01 7.358985530507279691e+02
1.162540165006724635e+00 1.115013328889733124e+01 6.460520364769873822e+02
1.186998315290790584e+00 1.113043115170618336e+01 5.677705462139156225e+02
1.211828074179003956e+00 1.111265819160947999e+01 4.990723314880261228e+02
1.236990904465544050e+00 1.109469569042876280e+01 4.386387268711458205e+02
1.262474235944557543e+00 1.107627502626252891e+01 3.856316090363716853e+02
1.288202051977123563e+00 1.105890833286085240e+01 3.373888426800068601e+02
1.313850672310187262e+00 1.104461806523027256e+01 2.989665982502677934e+02
1.339382718043233833e+00 1.102395138969400890e+01 2.631190978990126155e+02
1.364767501907270475e+00 1.100912927307869005e+01 2.335401959405807304e+02
1.389975122201483337e+00 1.099044582675160697e+01 2.067693605556825105e+02
1.415002077579201378e+00 1.097498098110274611e+01 1.832567722828817978e+02
1.439840203064233437e+00 1.095618830949041822e+01 1.628671471522443710e+02
1.464428839418025152e+00 1.093776704333098060e+01 1.449121164121293077e+02
1.488809804837045503e+00 1.092081481291600120e+01 1.290925382388240621e+02
1.512930679613580853e+00 1.090036934119194534e+01 1.151765112791993175e+02
1.536775671150606204e+00 1.088118392419763758e+01 1.027097367300248720e+02
1.560340613170427826e+00 1.086102456814635531e+01 9.189075445900471095e+01
1.583600047935910027e+00 1.084070474543835871e+01 8.179857197942284586e+01
1.606544625995965481e+00 1.081903435490178111e+01 7.361402898789481242e+01
1.629117369176381835e+00 1.079804713159965424e+01 6.605460821502356339e+01
1.651354834876339606e+00 1.077544970391916124e+01 5.933947160003216226e+01
1.673196033693414408e+00 1.075293735888735647e+01 5.334608665420628881e+01
1.694682463276962148e+00 1.072921302909928798e+01 4.800858779409083610e+01
1.715687629551448712e+00 1.070544322636522594e+01 4.311728478282655885e+01
1.736288193260389745e+00 1.068094363879524167e+01 3.889831218200244933e+01
1.756465066018324084e+00 1.065574840627239261e+01 3.515741242647242615e+01
1.776176678262011643e+00 1.062886000907842643e+01 3.178746704961445246e+01
1.795368548717967805e+00 1.060256979529262544e+01 2.886767103449380656e+01
1.814146196881569306e+00 1.057518518316046041e+01 2.618825705600662701e+01
1.832399762823138545e+00 1.054780093362636784e+01 2.378023922951156166e+01
1.850001829193782976e+00 1.051867884538719800e+01 2.160126338034583782e+01
1.867171550740932773e+00 1.049008479905889679e+01 1.962317575980090467e+01
1.883811353469584615e+00 1.046015403614875794e+01 1.793289128008582622e+01
1.899877922942683650e+00 1.043018795612415417e+01 1.636513090622211664e+01
