2.191799393465098389e-01 1.550982308316407554e+01 3.683535669800713658e+06
2.246658688506259216e-01 1.530041256329219479e+01 3.274924734105043579e+06
2.302813633356540768e-01 1.510144057112971083e+01 2.899540305009640288e+06
2.360765965263083022e-01 1.491100993674785791e+01 2.580994668478388339e+06
2.420405677473154715e-01 1.473378157986169512e+01 2.287234111848933622e+06
2.481550699889150946e-01 1.456127575049822909e+01 2.023008975172761595e+06
2.544456460746041260e-01 1.440106992593736734e+01 1.797279459093421930e+06
2.609096613119654684e-01 1.425243823460099435e+01 1.593565559778430033e+06
2.675470556107766296e-01 1.410710731085756819e+01 1.415558319323358824e+06
2.743672736822544422e-01 1.397830226507550577e+01 1.253801270503482781e+06
2.813661809051546947e-01 1.384955809405338378e+01 1.113733420959037496e+06
2.885494079096463382e-01 1.372853313054473823e+01 9.907666320150573738e+05
2.959088746678395498e-01 1.361281998649061364e+01 8.791673374552641762e+05
3.034629169843101049e-01 1.350738873265832218e+01 7.801157631622339832e+05
3.112324101899913709e-01 1.340647223645967934e+01 6.911071448730356060e+05
3.191436324948752623e-01 1.331444307255022430e+01 6.147867866807067767e+05
3.272810309681496999e-01 1.321862051308032981e+01 5.468917051579563413e+05
3.356010721147307807e-01 1.313398644680790106e+01 4.852182402108824463e+05
3.441269818496531241e-01 1.305259239690562012e+01 4.310809256890684483e+05
3.528549901529053900e-01 1.298104860805938188e+01 3.825274119289297378e+05
3.617904857304807820e-01 1.290449782427810810e+01 3.408342340527165215e+05
3.709208677371927387e-01 1.283285626799934676e+01 3.034469503807736328e+05
3.802636849586888412e-01 1.276713985138657392e+01 2.689852924618383404e+05
3.898146718165310665e-01 1.270467014593837263e+01 2.397536318664586288e+05
3.995719084432439727e-01 1.264876471080332543e+01 2.130926575070075342e+05
4.095529053821534426e-01 1.259320211991944838e+01 1.897758712863817636e+05
4.197201888738006925e-01 1.254139642243207398e+01 1.689207548066531308e+05
4.301184299149677925e-01 1.249038354606402024e+01 1.502083171067971271e+05
4.407185024282214147e-01 1.244391826908790399e+01 1.336800388496389787e+05
4.515521121859448206e-01 1.239763961824272265e+01 1.180438650812108681e+05
4.625943291182671446e-01 1.235926826121678879e+01 1.051152065616008476e+05
4.738345644975649473e-01 1.231497281354943318e+01 9.456450220295412873e+04
4.852800893312073649e-01 1.227842106533590183e+01 8.429317474537712405e+04
4.969514043771259271e-01 1.224466851039188420e+01 7.527272503054376284e+04
5.088301068106204639e-01 1.220869552668882818e+01 6.715717214436964423e+04
5.209236813483860695e-01 1.217450249167767673e+01 5.997595166512885044e+04
5.332296368315975199e-01 1.214457852809458949e+01 5.345510378642026626e+04
5.457465075941523303e-01 1.211493492226647284e+01 4.777599237229993014e+04
5.584746847161790040e-01 1.208826346738504753e+01 4.267283159118460026e+04
5.713850642874266361e-01 1.205969823061928103e+01 3.809751033475012810e+04
5.844865683637703313e-01 1.203734950633445600e+01 3.406923990959401272e+04
5.974806192166641772e-01 1.200948682899338493e+01 3.057869409447046564e+04
6.103477451856692548e-01 1.198885599260676216e+01 2.749232385624568269e+04
6.231891299923534300e-01 1.196595436040659166e+01 2.471404065479575002e+04
6.360075232451118943e-01 1.194649196029076421e+01 2.230401843455407288e+04
6.489480715386368725e-01 1.192455066557322318e+01 2.011444503253177027e+04
6.620042055358847932e-01 1.190348075401636763e+01 1.811822400476024632e+04
6.752508230350985352e-01 1.188229524587993069e+01 1.636944079118781701e+04
6.886989393399297610e-01 1.186293784521157058e+01 1.476688321981801710e+04
7.023987692330624366e-01 1.184330980761180463e+01 1.330386428821119443e+04
7.164281630741675677e-01 1.182225274631380074e+01 1.197936383317521177e+04
7.306656871203914827e-01 1.180265796979459125e+01 1.079058544357864594e+04
7.452758793591849340e-01 1.178536306570972592e+01 9.702050406565527737e+03
7.602278879335065964e-01 1.176595367784257995e+01 8.725052776098580580e+03
7.755449601985449082e-01 1.174848711463429218e+01 7.778486064232536592e+03
7.912462014427110724e-01 1.173088260859062970e+01 7.041235349915493316e+03
8.073633833926664449e-01 1.171209170442384817e+01 6.312886760970323849e+03
8.238259469992804673e-01 1.169796114430819678e+01 5.665066737492054926e+03
8.407426336111699650e-01 1.168157305993036488e+01 5.070819577856419528e+03
8.580883583092665523e-01 1.166717917155572515e+01 4.540593087136343456e+03
8.758769613562082945e-01 1.165340124898654750e+01 4.059548426018327064e+03
8.941021749734829882e-01 1.163893923677103714e+01 3.626834152775404164e+03
9.127902044413371829e-01 1.162730031209640913e+01 3.245495227152647658e+03
9.319241029531499798e-01 1.161511401060269399e+01 2.897932771148215124e+03
9.515249226802127147e-01 1.160445881724922224e+01 2.582678805344845387e+03
9.715694262495193634e-01 1.159437867534988875e+01 2.304717088892279207e+03
9.920773245687730668e-01 1.158498530864065579e+01 2.056260432852820486e+03
1.013051763835265628e+00 1.157861751533157602e+01 1.830915486560504405e+03
1.034471342499980295e+00 1.157242165785177335e+01 1.632183469043019613e+03
1.056342518332086922e+00 1.156197526431071942e+01 1.444782302659653169e+03
1.078656193781048822e+00 1.155664045964120312e+01 1.294880978082786669e+03
1.101306679445860803e+00 1.155417729415725958e+01 1.153665671513960206e+03
1.124228757809462964e+00 1.154626505803453895e+01 1.029316685252046909e+03
1.147411740883503839e+00 1.154224616028613681e+01 9.179192111952784217e+02
1.170838707160530845e+00 1.153813669745953163e+01 8.184604013572038639e+02
1.194541048492552715e+00 1.153565146636143091e+01 7.306097784639910060e+02
1.218438560435408879e+00 1.153210498326935607e+01 6.527136868562698737e+02
1.242591783890066859e+00 1.152912639262141070e+01 5.832912414798989857e+02
1.266953842102388039e+00 1.152943355036186546e+01 5.216115040505437719e+02
1.291519992313454379e+00 1.152584692241922859e+01 4.663337309859928723e+02
1.316280883797779300e+00 1.152481562626043043e+01 4.171874891670490797e+02
1.341261157529885839e+00 1.151974045064743990e+01 3.734449412307192233e+02
1.366295531564483801e+00 1.151765800543748419e+01 3.349826428495484834e+02
1.391563452170477166e+00 1.151418498166366966e+01 3.001064558489493379e+02
1.416932906983882967e+00 1.151586431163212509e+01 2.692611622760463774e+02
1.442418845381586934e+00 1.151139466249045107e+01 2.417838327290445477e+02
1.468036656806536167e+00 1.150981242220472467e+01 2.168012947580175194e+02
1.493682896490041268e+00 1.150996937874564097e+01 1.948071719537739455e+02
1.519399810334196577e+00 1.150516422784940929e+01 1.742286821497833387e+02
1.545194050671367281e+00 1.150385609199331682e+01 1.574063741744683966e+02
1.570995636444900034e+00 1.150007366786506680e+01 1.418228417831416266e+02
1.596789668497367476e+00 1.149728256240328861e+01 1.275979337804632223e+02
1.622585699740368703e+00 1.149527705781562759e+01 1.151127290254547404e+02
1.648344262875623967e+00 1.149160476710378020e+01 1.037693388553785212e+02
1.673928125718367355e+00 1.148780002068409978e+01 9.377901299834060467e+01
1.699636663916336943e+00 1.148507361403829208e+01 8.458585377730192079e+01
1.724999500338720404e+00 1.148055396982122822e+01 7.651823971543352343e+01
1.750354958047314335e+00 1.147591784596819586e+01 6.923141105448480914e+01
1.775553212896800348e+00 1.147168334685905222e+01 6.265710595562639185e+01
1.800679176986005547e+00 1.146660280458868009e+01 5.647816460070060884e+01
