2.191799393465098389e-01 1.550982308316407554e+01 3.683535669800713658e+06
2.261912887906625536e-01 1.524507653165162502e+01 3.170532205354597420e+06
2.334460374750677303e-01 1.500165148486376410e+01 2.723161727718099020e+06
2.409834147951628869e-01 1.475799878826918921e+01 2.326811003881006967e+06
2.487650885326893879e-01 1.454508452337828039e+01 1.996779149008621695e+06
2.568348195151000102e-01 1.434274278165522887e+01 1.716719687392978230e+06
2.651870466354054323e-01 1.416155232651325058e+01 1.476254109192200238e+06
2.738274644285910164e-01 1.398281722637911173e+01 1.266381289802062791e+06
2.827619948434510477e-01 1.382901278391762112e+01 1.088015905277070357e+06
2.920002728396618452e-01 1.368064080617966383e+01 9.335460938222692348e+05
3.015367867968158921e-01 1.353488262345388726e+01 8.049856190588872414e+05
3.113873100654080961e-01 1.340653113644393635e+01 6.893949326852255035e+05
3.215189849103490816e-01 1.329183433359075472e+01 5.931686734522997867e+05
3.319890336413778287e-01 1.317211954030953969e+01 5.103144137284291792e+05
3.427918750066521469e-01 1.306495067933952114e+01 4.398673288202380645e+05
3.539003140010929527e-01 1.296858186311619754e+01 3.779133470322570647e+05
3.653539202336370528e-01 1.287873677881803403e+01 3.249593341003945097e+05
3.771335896193811488e-01 1.278839622769140583e+01 2.799660105846613296e+05
3.892529418529894758e-01 1.271016176973597034e+01 2.408900587694363494e+05
4.017213550825765034e-01 1.263552390756498234e+01 2.077713183257089986e+05
4.145107760392826024e-01 1.256618318819052682e+01 1.791027305728538777e+05
4.276643562197268156e-01 1.250199307300209739e+01 1.543052856920560298e+05
4.411452898467991268e-01 1.243978084433374676e+01 1.333006680754635599e+05
4.549903131710992255e-01 1.238542291731222988e+01 1.150942011383326026e+05
4.691877987867424937e-01 1.233170168442956083e+01 9.923878983504514326e+04
4.836984786233542999e-01 1.228581513524997249e+01 8.557569641838822281e+04
4.985781891250777309e-01 1.223838068904074028e+01 7.403980005219647137e+04
5.137944886760410501e-01 1.219426182621958787e+01 6.408775051017649093e+04
5.293566800846704057e-01 1.215515818124986325e+01 5.537688016532736219e+04
5.452627759084137660e-01 1.211574947434512239e+01 4.797756686027771502e+04
5.615118309386983864e-01 1.208200297044263394e+01 4.153576882431388367e+04
5.780599047000016810e-01 1.205161456973674738e+01 3.593174115996630280e+04
5.948666882439994641e-01 1.201809420217178115e+01 3.119141249167613205e+04
6.118533916448806176e-01 1.198890160345716005e+01 2.714010132783720474e+04
6.291574980493738201e-01 1.195824248089560449e+01 2.359374364474278627e+04
6.468620817407838564e-01 1.193503228495242752e+01 2.048973444096054300e+04
6.650563784002601064e-01 1.190847773306260926e+01 1.782661352116495982e+04
6.838053988195198496e-01 1.188610458501249845e+01 1.534168078270294791e+04
7.031970372812288428e-01 1.186191385326334924e+01 1.341791791306252890e+04
7.232865971021409379e-01 1.184209736739605567e+01 1.151714476873088825e+04
7.441118624230781409e-01 1.182258711286178787e+01 1.004728479518269341e+04
7.656970459755385594e-01 1.180478574579166384e+01 8.670405526626096616e+03
7.881116900353611898e-01 1.178771955972640839e+01 7.479244385532750130e+03
8.113769783823521209e-01 1.177487309705309393e+01 6.432560380859887118e+03
8.354991009443564209e-01 1.176224006796902444e+01 5.531417620612771316e+03
8.605245566486241504e-01 1.175234661666040736e+01 4.747692025641420514e+03
8.864496770333695208e-01 1.174278133122698087e+01 4.077701455105390323e+03
9.133036671202343637e-01 1.173689503025648406e+01 3.491180663117307176e+03
9.410895623726959203e-01 1.173307312249490408e+01 2.990633693335888893e+03
9.698123009713708331e-01 1.173023776071585011e+01 2.556378913901521628e+03
9.994665641089471864e-01 1.172986546178971956e+01 2.186528385523556153e+03
1.030058560036538395e+00 1.173179861239485966e+01 1.868057608825097077e+03
1.061579780389225958e+00 1.173403028171089701e+01 1.586292508138059929e+03
1.094011559698307101e+00 1.173886074165431026e+01 1.365784303079133679e+03
1.127351976858043114e+00 1.174538519259023417e+01 1.165104145840159390e+03
1.161564977473711124e+00 1.175653667021495963e+01 9.949763449680153826e+02
1.196629931119608248e+00 1.176387211029088853e+01 8.507005706533493594e+02
1.232529049536254862e+00 1.177640738876271342e+01 7.263364971966716439e+02
1.269222140494241646e+00 1.178731557751423331e+01 6.213296528283818816e+02
1.306677960898435575e+00 1.180151499952842897e+01 5.287033890242126972e+02
1.344702731023603715e+00 1.181584091505869338e+01 4.548539030388498645e+02
1.381839591716142124e+00 1.183005316742865354e+01 3.912522870303969285e+02
1.417829525380993605e+00 1.184240661973825937e+01 3.393065436732151170e+02
1.452710963626032026e+00 1.185312494146602980e+01 2.955108631455955219e+02
1.486562946479002889e+00 1.186496727523193684e+01 2.586870378348265263e+02
1.519444473682495023e+00 1.187006456274831834e+01 2.272425451220687194e+02
1.551407257259958650e+00 1.187503285757051330e+01 2.003245884785886517e+02
1.582490675450346718e+00 1.187420251139705663e+01 1.773673318565288355e+02
1.612749702863033985e+00 1.187473637561270579e+01 1.571358382922645376e+02
1.642140839266946317e+00 1.187260254823205585e+01 1.389540608548111891e+02
1.670774050753375040e+00 1.186681044250856587e+01 1.244432718458801332e+02
1.698621269670841594e+00 1.186007166089325615e+01 1.110616164322657227e+02
1.725727189422906926e+00 1.185153865322651789e+01 9.935301497546481642e+01
1.752086852091822022e+00 1.184028007034356733e+01 8.914447441996689747e+01
1.777726034148751300e+00 1.182778546526044394e+01 7.955367993187088871e+01
1.802651406914646204e+00 1.181355751238262464e+01 7.189183406751385519e+01
1.826865629749444109e+00 1.179636110869883403e+01 6.474732791751802097e+01
1.850377378546293805e+00 1.177781559322305505e+01 5.839988513763228184e+01
1.873193633696055516e+00 1.175820109847491679e+01 5.273188313664736171e+01
1.895307590451740687e+00 1.173576413418068931e+01 4.768169528713406180e+01
1.916732650243219149e+00 1.171250529817730168e+01 4.316398219407112435e+01
1.937465431491242729e+00 1.168744577582691058e+01 3.912957244078445740e+01
1.957502209357374623e+00 1.166071317019154385e+01 3.549513250115861496e+01
1.976996810105221769e+00 1.163307996516588538e+01 3.226074371874184266e+01
1.995500532273951189e+00 1.160325784792395432e+01 2.936991921297976305e+01
2.013461430299313459e+00 1.157252067554210129e+01 2.665334188307708274e+01
2.030724542198309113e+00 1.154074447594592989e+01 2.440480418075028624e+01
2.047291531058146319e+00 1.150745699734129701e+01 2.229216137116730323e+01
2.063232946323177330e+00 1.147260644412216379e+01 2.036240113845368072e+01
2.078349543549915968e+00 1.143672200885970369e+01 1.866908192142466305e+01
2.093017003194141079e+00 1.140089035373088500e+01 1.710244336144988253e+01
2.106621178683546702e+00 1.136188093513422182e+01 1.569112528362213510e+01
2.119631565190175593e+00 1.132286317968105571e+01 1.442700172751080778e+01
2.127166636502077157e+00 1.129085884128090989e+01 1.358696472801869248e+01
2.127621826871147981e+00 1.125896040890485494e+01 1.317222872265913658e+01
2.124098886574201206e+00 1.123046336194702910e+01 1.295206756041505969e+01
2.117455007422191837e+00 1.120046855736974756e+01 1.290104636058331877e+01
2.109227237571563940e+00 1.117300713913107124e+01 1.293490439169097961e+01
2.099867327353955648e+00 1.114585274776939627e+01 1.298101398673141382e+01
2.089830919467641657e+00 1.112041799642701889e+01 1.318003284307054201e+01
