2.191799393465098389e-01 1.550982308316407554e+01 3.683535669800713658e+06
2.260393939671768992e-01 1.523835105821017954e+01 3.172014175281510688e+06
2.331218707893050190e-01 1.499985902882612621e+01 2.741070102263235953e+06
2.404703057879679085e-01 1.477621082827944754e+01 2.353625282774618827e+06
2.480708553243543280e-01 1.456386043587346535e+01 2.030318884527277900e+06
2.559378846247253869e-01 1.436792552563800740e+01 1.744505534761329647e+06
2.640731972249668602e-01 1.417934134563672011e+01 1.504230625860320870e+06
2.724841900149799767e-01 1.401997960414539790e+01 1.301060701075330609e+06
2.811751789632445653e-01 1.385732058719641735e+01 1.120939549616289558e+06
2.901534571652745753e-01 1.370799274818678271e+01 9.648674166044864105e+05
2.994123491562430961e-01 1.356652120448453758e+01 8.313453405877107289e+05
3.089681647126045205e-01 1.343221521174170974e+01 7.172676511882880004e+05
3.188178293500307237e-01 1.331583981992447008e+01 6.178758952910880325e+05
3.289770458183152169e-01 1.320082333909005001e+01 5.332621646820454625e+05
3.394360200132665040e-01 1.309640208456889887e+01 4.601007423428067705e+05
3.502110700652188990e-01 1.300351656855471383e+01 3.969983695055647404e+05
3.612982316107782310e-01 1.291049237788958948e+01 3.431471031199572608e+05
3.727055613662070277e-01 1.281937362387892598e+01 2.962336464798172237e+05
3.844419109916684119e-01 1.273937879763613168e+01 2.557975306451884680e+05
3.964972434020731518e-01 1.266410282147459299e+01 2.212732428409698477e+05
4.088723885194373020e-01 1.259435770584842551e+01 1.908180837820265733e+05
4.215707177768897584e-01 1.253369214470987103e+01 1.653277908442065818e+05
4.346181387233217230e-01 1.247095837374140537e+01 1.429371311679576174e+05
4.479908188677879100e-01 1.241291808968490251e+01 1.236112419056063518e+05
4.616979078375041956e-01 1.235940668520813368e+01 1.070842275079816463e+05
4.757201585272771149e-01 1.230952066388221766e+01 9.275988036854917300e+04
4.900793058947331970e-01 1.226449549899226277e+01 8.040998052012310654e+04
5.047560538232559457e-01 1.222002639554450809e+01 6.975865741883452574e+04
5.197748776544078853e-01 1.217867921833699896e+01 6.054998253912447399e+04
5.351234035567554725e-01 1.214175249572433657e+01 5.253616805901556654e+04
5.507999055661564336e-01 1.210348112505117513e+01 4.566733010578834364e+04
5.668053023499649568e-01 1.207141782789374673e+01 3.964910751036020520e+04
5.831007601379941674e-01 1.203793576801397869e+01 3.448392238292662660e+04
5.992209585251860871e-01 1.200973591736625323e+01 3.010860050540865268e+04
6.150988460796641411e-01 1.198179009694004016e+01 2.642953317344685274e+04
6.308652306706467039e-01 1.195255410880732505e+01 2.321442827980158472e+04
6.466952768878024838e-01 1.192751181010623185e+01 2.043866686322461464e+04
6.626600553416238659e-01 1.189957581687184529e+01 1.801769339665918233e+04
6.788530972873650926e-01 1.187477804385509828e+01 1.588064913569894634e+04
6.953464320882359884e-01 1.184820065281397383e+01 1.399265635014179134e+04
7.122198259691268074e-01 1.182048617238127619e+01 1.231887651244723929e+04
7.295293415957002647e-01 1.179794893166206116e+01 1.082794735000932269e+04
7.472389804159571547e-01 1.177281960644265624e+01 9.515703137897382476e+03
7.654827790639820995e-01 1.174809072532665866e+01 8.345693677580768053e+03
7.842740294471886031e-01 1.172507232754614037e+01 7.320053226045852171e+03
8.036700997110226563e-01 1.170420193960353039e+01 6.406308828388143411e+03
8.233437090727578900e-01 1.168134463497296416e+01 5.614602281049803423e+03
8.429080696410493623e-01 1.166052511662971014e+01 4.932202991546379053e+03
8.622200358319636049e-01 1.163950131771212781e+01 4.347666151958183036e+03
8.814501389180927626e-01 1.161781408885065581e+01 3.837732593843692484e+03
9.005892132405981521e-01 1.159724518331736043e+01 3.394471258925124403e+03
9.196922571110733857e-01 1.157663787057237670e+01 3.008594181887060131e+03
9.387868227406571675e-01 1.155360286067111453e+01 2.668606197578681531e+03
9.579044378157178796e-01 1.153540384531028096e+01 2.368269027256943446e+03
9.770700304259861690e-01 1.151394069794416097e+01 2.093021429443492252e+03
9.963086003818349967e-01 1.148561478237873246e+01 1.870254340424919519e+03
1.015610424093440045e+00 1.146197570245677078e+01 1.661322634740565945e+03
1.035020418559587707e+00 1.143761534539857116e+01 1.478372737679982720e+03
1.054539517936893711e+00 1.141396555178453731e+01 1.314737319830491515e+03
1.074224829047366159e+00 1.138883437598173032e+01 1.168060876539090259e+03
1.093940156198263569e+00 1.136399074583439095e+01 1.039381863406605589e+03
1.113824378693448303e+00 1.133773726180747765e+01 9.256474433045191290e+02
1.133833250226342626e+00 1.131515636571289640e+01 8.235704852488993311e+02
1.153979253883341771e+00 1.128708004213260452e+01 7.330542488831821402e+02
1.174237715656881731e+00 1.126084482696217748e+01 6.485602671980745981e+02
1.194598776583672972e+00 1.123167040111930604e+01 5.811985602363943144e+02
1.215077542908024721e+00 1.120383299127692744e+01 5.174007702899888272e+02
1.235656715351052481e+00 1.117605624191838487e+01 4.606996576644875745e+02
1.256418812814253272e+00 1.114881470788943929e+01 4.102594604975946595e+02
1.277060215123787312e+00 1.112273718016954227e+01 3.634687417057302810e+02
1.297859675592172080e+00 1.109394665674968650e+01 3.262413925780874138e+02
1.318698200744553573e+00 1.106254533804822771e+01 2.907209766412867680e+02
1.339561908031383419e+00 1.103278790009254706e+01 2.591097754498476320e+02
1.360438071877716482e+00 1.100336369796004909e+01 2.313271806294585815e+02
1.381309011425923439e+00 1.097485583255161501e+01 2.062856193591822773e+02
1.402138256228219415e+00 1.094353848140762508e+01 1.844164173915911249e+02
1.422916889849501931e+00 1.091247756403569902e+01 1.645512128575558108e+02
1.443617293054134887e+00 1.088167261296636212e+01 1.465308986434106657e+02
1.464219350047604395e+00 1.085162085001440602e+01 1.315582859438387686e+02
1.484775819740834502e+00 1.082001415765581775e+01 1.178328600089886180e+02
1.505046775222136590e+00 1.078752703391761436e+01 1.055703032097798797e+02
1.525222576646124484e+00 1.075526686288977274e+01 9.422929713047035705e+01
1.545202047619056884e+00 1.072267064753615884e+01 8.481100723304523115e+01
1.564972261116882146e+00 1.069034805266468524e+01 7.612446281042659280e+01
1.584500443661100544e+00 1.065760908954487540e+01 6.837268310534004456e+01
1.603763379172177483e+00 1.062371027266220302e+01 6.150820497468988179e+01
1.622745490146151548e+00 1.059009505832000286e+01 5.532738817802516706e+01
1.641421998998988441e+00 1.055618069267775283e+01 4.988937913290298098e+01
1.659768071395082645e+00 1.052167217666948140e+01 4.497116699112290661e+01
1.677760934343168975e+00 1.048680858348732059e+01 4.055038903495275804e+01
1.695381436669477715e+00 1.045154225803913484e+01 3.665802195279719911e+01
1.712613983249937633e+00 1.041556660684974034e+01 3.317481559545707626e+01
1.729435312562235705e+00 1.038055884770150783e+01 2.993636559053079793e+01
1.745827835080997481e+00 1.034431641713038985e+01 2.713389369542173313e+01
1.761774605343815026e+00 1.030729247645470004e+01 2.469667452760105775e+01
1.777261464438689487e+00 1.027006300283379581e+01 2.244041868321469835e+01
1.792270694354861416e+00 1.023245802833142015e+01 2.041749253136283215e+01
1.806796045668406236e+00 1.019521785303043337e+01 1.853011778334401072e+01
1.820841438002912316e+00 1.015716558372976763e+01 1.694925172397946866e+01
1.834400245275380481e+00 1.011893380272477039e+01 1.543906640332262725e+01
