2.191799393465098389e-01 1.550982308316407554e+01 3.683535669800713658e+06
2.246693363815312761e-01 1.529208107580959641e+01 3.267443680639029481e+06
2.302885056234741379e-01 1.509368143917902572e+01 2.900730316844247747e+06
2.360880672884334563e-01 1.490880416015792420e+01 2.570864137271703221e+06
2.420562901066915795e-01 1.473511249384833022e+01 2.284493498976639938e+06
2.481792423161512662e-01 1.458845996631436392e+01 2.001646070944955572e+06
2.544713890193107120e-01 1.440066654206516716e+01 1.793853849080519052e+06
2.609395388749277123e-01 1.424954501315795952e+01 1.590724450247636531e+06
2.675819059331026040e-01 1.410859008514668389e+01 1.412497461325139971e+06
2.744076993372385753e-01 1.398012653603554334e+01 1.253142339936942328e+06
2.814123174666252059e-01 1.385197913246883417e+01 1.112104122839945601e+06
2.886014875439344429e-01 1.372642129551711676e+01 9.876023901562382234e+05
2.959785689966227817e-01 1.361365862418417372e+01 8.764167350332855713e+05
3.035262731321655139e-01 1.350826844007755767e+01 7.796470419350793818e+05
3.112809320123890444e-01 1.340456752647751415e+01 6.908449248908467125e+05
3.192197036189522996e-01 1.331614299429973514e+01 6.144199536113013746e+05
3.273697902658735948e-01 1.322052229704003956e+01 5.425028992771644844e+05
3.356947212741675513e-01 1.313245784724399101e+01 4.845195866765851970e+05
3.442286148475336427e-01 1.305219465663769185e+01 4.312830555182561511e+05
3.529670362341199574e-01 1.297703780368177817e+01 3.786536726121688262e+05
3.619088003960773126e-01 1.290483289773645303e+01 3.401556959213060909e+05
3.710478085944088344e-01 1.283291272120437476e+01 3.027256370547260740e+05
3.803990354288204756e-01 1.276625510443997058e+01 2.692564355030175648e+05
3.899600095207568229e-01 1.270591964283651087e+01 2.389967453503178840e+05
3.997286876616958917e-01 1.264812650142854800e+01 2.128530756609094096e+05
4.097194336338624843e-01 1.259221066890450480e+01 1.889799927052754210e+05
4.198952953701597379e-01 1.254059554381700892e+01 1.683650927201706218e+05
4.303035189047078601e-01 1.248836490415691181e+01 1.499297281634168758e+05
4.409143657152604368e-01 1.244116667881348626e+01 1.336345835032308241e+05
4.517551446398427317e-01 1.239791529468901210e+01 1.190771145542110607e+05
4.628143215912964847e-01 1.235653434740255996e+01 1.057860123698301031e+05
4.740643401638939269e-01 1.231452827176793718e+01 9.438829588670926751e+04
4.855228469825133009e-01 1.227828755536062388e+01 8.410749317514798895e+04
4.972051996607116942e-01 1.224015703283491519e+01 7.507361463651082886e+04
5.090964562788714565e-01 1.220815063732552197e+01 6.700541290071880212e+04
5.212029367970614224e-01 1.217621654753446947e+01 5.974474481316001038e+04
5.335218054660298970e-01 1.214563256467673291e+01 5.333591092200845742e+04
5.460513618283263648e-01 1.211534219819402658e+01 4.761691956312150432e+04
5.587931984580134515e-01 1.208831582101499080e+01 4.252009924518451589e+04
5.717168611967079483e-01 1.206070345455669823e+01 3.801312437928437430e+04
5.848604122784527570e-01 1.203607403722057256e+01 3.398875504069538874e+04
5.982109275905598267e-01 1.201207348424005872e+01 3.036884937630745844e+04
6.118545807502221434e-01 1.198917936175640619e+01 2.712202554275824514e+04
6.258161080224012851e-01 1.196736096878683142e+01 2.425793689382704542e+04
6.401552852240226521e-01 1.194792814289982275e+01 2.165691041606940053e+04
6.548958446406368816e-01 1.192422701152627340e+01 1.930748820819514731e+04
6.700930822272548326e-01 1.190834419284150414e+01 1.723728486848639295e+04
6.857431897017773892e-01 1.189050958545201375e+01 1.524274513697530892e+04
7.019138492776739735e-01 1.187559357387020853e+01 1.363102064591473390e+04
7.186033789470136490e-01 1.186084691300022520e+01 1.212002006730660469e+04
7.358383239260275488e-01 1.184686546460580736e+01 1.076469085949457258e+04
7.536432412544114001e-01 1.183272174278960875e+01 9.548509340353642983e+03
7.720438985008728494e-01 1.182340149988669253e+01 8.452967391364818468e+03
7.910320573349813866e-01 1.181565905130942440e+01 7.476690640332956718e+03
8.106445084163389492e-01 1.180517886076135170e+01 6.607803139383215239e+03
8.308778221466257552e-01 1.180003226078766154e+01 5.835784517847677307e+03
8.517541800779000472e-01 1.179630730026785379e+01 5.150096152784794867e+03
8.732708096120040953e-01 1.179345771461452230e+01 4.551019646980775178e+03
8.954470551066228134e-01 1.179205473639409796e+01 4.004795779206836414e+03
9.182784349655498390e-01 1.179200550800603686e+01 3.529351037543583516e+03
9.417672716606002581e-01 1.179216824806417563e+01 3.107389686890703160e+03
9.659246755150872055e-01 1.179653060295987110e+01 2.736642400496047685e+03
9.907434362210244538e-01 1.179963853350887248e+01 2.407982200392975756e+03
1.016229575460550816e+00 1.180829759695930825e+01 2.116827485582820373e+03
1.042364251847719858e+00 1.181945709755643747e+01 1.859376808175886026e+03
1.069168099877442879e+00 1.182426290967950244e+01 1.636377100000173414e+03
1.096612139178081424e+00 1.183455420075729592e+01 1.438972495467900671e+03
1.124694394886356363e+00 1.184525967082244335e+01 1.265597582479246057e+03
1.153405579916435997e+00 1.185800026870079193e+01 1.111894979407650226e+03
1.182740111528211679e+00 1.187425959534884790e+01 9.778369948543946748e+02
1.212412409903202981e+00 1.188681087062799691e+01 8.611798230789049740e+02
1.242035990995783656e+00 1.190329882626619629e+01 7.598935562437027329e+02
1.271635807516270811e+00 1.191735958259677908e+01 6.710750192493243276e+02
1.301162487364962095e+00 1.193181533223853563e+01 5.916328196566871611e+02
1.330651915057002643e+00 1.194648619223842978e+01 5.291962699062809179e+02
1.360087856611628787e+00 1.196450412442106526e+01 4.701110712757421197e+02
1.389504766431455929e+00 1.197392983618974860e+01 4.188455898021539383e+02
1.418860221361380347e+00 1.198898452241788348e+01 3.737887125893857956e+02
1.448170510996734883e+00 1.200386023365587107e+01 3.338227420474439100e+02
1.477433706952301584e+00 1.201412926509119217e+01 2.986692436229644159e+02
1.506632118669552600e+00 1.202868239858932142e+01 2.671809883636179848e+02
1.535751519410957444e+00 1.203713588506780852e+01 2.395030670265517472e+02
1.564784332712513271e+00 1.204814642890898568e+01 2.135255012931787917e+02
1.593730281185179454e+00 1.205812936532062807e+01 1.928802550218135536e+02
1.622578073465828385e+00 1.206724560482763664e+01 1.734462435462778558e+02
1.651313183397264295e+00 1.207810451396947471e+01 1.560109162377464997e+02
1.679910466397520619e+00 1.208373168929106889e+01 1.406550173613736376e+02
1.708410268563635759e+00 1.209038960027790033e+01 1.267030747977561020e+02
1.736807087588017051e+00 1.209987623680736135e+01 1.142050062315074683e+02
1.764820219982484728e+00 1.210223578749416617e+01 1.033105025374653394e+02
1.792732698785691303e+00 1.210854664952837645e+01 9.287194150455850661e+01
1.820468671220441426e+00 1.211121152945384871e+01 8.450024149618711533e+01
1.847986579860176004e+00 1.211519244216291114e+01 7.648172814270012054e+01
1.875264430882843669e+00 1.211764252937650177e+01 6.928958929607257744e+01
1.902300159786091793e+00 1.212136521796409738e+01 6.285925107061801498e+01
1.929251135520119620e+00 1.212079693260019830e+01 5.702337246089125955e+01
1.955543467906305288e+00 1.212023672878621383e+01 5.162485991009384634e+01
1.981717474649297150e+00 1.211977131589641310e+01 4.717450951096576972e+01
2.007576254199745058e+00 1.211791337781530586e+01 4.295331642395206728e+01
2.033103191617133820e+00 1.211608099151957418e+01 3.911157223802148053e+01
