2.191799393465098389e-01 1.550982308316407554e+01 3.683535669800713658e+06
2.256259501105696286e-01 1.527298952213224226e+01 3.210584836189792957e+06
2.322902567036331800e-01 1.506261096357029317e+01 2.770172863426514901e+06
2.391782770920715395e-01 1.481751938589223272e+01 2.407862876322480850e+06
2.462971391058417781e-01 1.461309729079375330e+01 2.096808854830406839e+06
2.536441020538773850e-01 1.445395140400056988e+01 1.819928712440602714e+06
2.612296946593783975e-01 1.424476942827183201e+01 1.583293570564707043e+06
2.690587167622913722e-01 1.407666760578906739e+01 1.375478479278502055e+06
2.771341844123094145e-01 1.395449374208685001e+01 1.195000275278647197e+06
2.854620416271189676e-01 1.378381381922596205e+01 1.039107200235987897e+06
2.940434497149339022e-01 1.364298303952192271e+01 9.056564429021622054e+05
3.028803994470984917e-01 1.351611490628295265e+01 7.863568646442779573e+05
3.119830096353384263e-01 1.340083893159748563e+01 6.847537435342408717e+05
3.213436390869628401e-01 1.329046456732989867e+01 5.963916692317490233e+05
3.309747589691384717e-01 1.318131272645823593e+01 5.174787110462440760e+05
3.409052987769556342e-01 1.308218748779825447e+01 4.509128456410226063e+05
3.510695338273712163e-01 1.298940052456603489e+01 3.924983112155821291e+05
3.615310568316270068e-01 1.290569160453784647e+01 3.419054967118834611e+05
3.722765370742024404e-01 1.282288962302312285e+01 2.982838823294761241e+05
3.833214535736054196e-01 1.274854740737450420e+01 2.593562141148334194e+05
3.946352684260022725e-01 1.267875264925546297e+01 2.255329745817479270e+05
4.062431730213950098e-01 1.261157852129285928e+01 1.969799491577739536e+05
4.181386594726457795e-01 1.254403568400649860e+01 1.717689480804788473e+05
4.303348559936200357e-01 1.248861893109063992e+01 1.481204769961528946e+05
4.428186988456875306e-01 1.243770013834092403e+01 1.305968210610373935e+05
4.556036885618027776e-01 1.238393222425634299e+01 1.141467365546716755e+05
4.686929755726487179e-01 1.233255534778473894e+01 9.964072400607733289e+04
4.820415403212934824e-01 1.228815485899712812e+01 8.714143162904380006e+04
4.957121137407470290e-01 1.224578747243201882e+01 7.616710886267577007e+04
5.096626677444168196e-01 1.220477059770233552e+01 6.659079802120930981e+04
5.239092711933461821e-01 1.216836941107250603e+01 5.840336597148660803e+04
5.384482524129445835e-01 1.213411975582921976e+01 5.092116052130678145e+04
5.532783486600436618e-01 1.209962606317006006e+01 4.467141998578290804e+04
5.684017886243286632e-01 1.206941491133976641e+01 3.905081817223594408e+04
5.837385227240421415e-01 1.203768401773165486e+01 3.434670279058543383e+04
5.987915531853321705e-01 1.201071671650722728e+01 3.021647124381425238e+04
6.134236416030673933e-01 1.198232621762507222e+01 2.679427021599216096e+04
6.278301794293038585e-01 1.195714496623864775e+01 2.376444363302701095e+04
6.420474135089281331e-01 1.193373425714056602e+01 2.116865698554359187e+04
6.562884646831860236e-01 1.190600569875969938e+01 1.888150977922372113e+04
6.705899613711842067e-01 1.188021533682423225e+01 1.683918975708652943e+04
6.850268853281754611e-01 1.185376502147080657e+01 1.503292578696967757e+04
6.997213665124834003e-01 1.182718347316884788e+01 1.339056283228922803e+04
7.145376690936577901e-01 1.180014231298751248e+01 1.194137995149232120e+04
7.297072946558837980e-01 1.177501098240725241e+01 1.065024070802800270e+04
7.452089176032409279e-01 1.174705960175485231e+01 9.488757948304946694e+03
7.610759024167934594e-01 1.172420484002469543e+01 8.434225683324888450e+03
7.773362643037541320e-01 1.169937812898352902e+01 7.495900734173845194e+03
7.940100570347226050e-01 1.167281891724334564e+01 6.656892483603884102e+03
8.111335405275629240e-01 1.164569230582527304e+01 5.896449042955564437e+03
8.288184971654155575e-01 1.162994320275273985e+01 5.174498932558886736e+03
8.467912114562109460e-01 1.159988654963960464e+01 4.627736633480131786e+03
8.653560244804238133e-01 1.157692374550164160e+01 4.088605535663850333e+03
8.844751998985626029e-01 1.155415569934018905e+01 3.612073062396868863e+03
9.040253645702411855e-01 1.153290008249772924e+01 3.186191136722941792e+03
9.241393218122309072e-01 1.151129979730770359e+01 2.813418671858506514e+03
9.447896632593816291e-01 1.149110046188447676e+01 2.475467579373287208e+03
9.659786832852504945e-01 1.147276142453339354e+01 2.179645761840116393e+03
9.876955660787509750e-01 1.145547513049632649e+01 1.915494479548655818e+03
1.009944425580726612e+00 1.143554418364840863e+01 1.686669041534964435e+03
1.032719455200880709e+00 1.141841770611413054e+01 1.482427546876208680e+03
1.056014803462230756e+00 1.140282173752744121e+01 1.302876639372680984e+03
1.079818966862392982e+00 1.138885801867315095e+01 1.142663314372618061e+03
1.104129634304706675e+00 1.137270398293735951e+01 1.004456975130138517e+03
1.128928212802126518e+00 1.135937037626189117e+01 8.802925906912176970e+02
1.154184007056373140e+00 1.135017547526499548e+01 7.739543402830718151e+02
1.179899910337892655e+00 1.133371760446188148e+01 6.794737863434461360e+02
1.206048851404307953e+00 1.132232120152103150e+01 5.960085388889189062e+02
1.232495121939053195e+00 1.131169995729772282e+01 5.233539398733599910e+02
1.258907712867152640e+00 1.130389989029982267e+01 4.578506784726695855e+02
1.285226369029715432e+00 1.129082749585783318e+01 4.061885494185842163e+02
1.311441775408874966e+00 1.128018263857440751e+01 3.589242636278281111e+02
1.337557740908421389e+00 1.126987718974205777e+01 3.156716985825833603e+02
1.363541039471752869e+00 1.125760547789648136e+01 2.813730408567539030e+02
1.389399929180693549e+00 1.124586872040185881e+01 2.497106719742183714e+02
1.415126580197787254e+00 1.123382748305149370e+01 2.218336212407659787e+02
1.440702380909017588e+00 1.122231789337608099e+01 1.975031616278780859e+02
1.466077933373254538e+00 1.121085753682554120e+01 1.754757905873883601e+02
1.491274915842082827e+00 1.119576127190176962e+01 1.567483965698466193e+02
1.516273521542915725e+00 1.118460119005568210e+01 1.399608514543475337e+02
1.541074634296854651e+00 1.116791452356789982e+01 1.243759081364260766e+02
1.565627699957729435e+00 1.115531631290973102e+01 1.117679507715717619e+02
1.589964598208080560e+00 1.113833351436217001e+01 1.001751115071362364e+02
1.613945196392637671e+00 1.112094303341996593e+01 8.979608686074280399e+01
1.637721182637721595e+00 1.110441644687930918e+01 8.057413591547603460e+01
1.661137006813236949e+00 1.108604155066658770e+01 7.209374694231533454e+01
1.684329923234320958e+00 1.106837908213083033e+01 6.483508742593633656e+01
1.707025426239951349e+00 1.104886733880891470e+01 5.864009532742314690e+01
1.729447488034553171e+00 1.102927228126594805e+01 5.286062036670030295e+01
1.751479730537185864e+00 1.100891285752938309e+01 4.769567703516671031e+01
1.773135325839676035e+00 1.098778821897447600e+01 4.308297307446952118e+01
1.794360422633479057e+00 1.096574258462443119e+01 3.895973071911432584e+01
1.815168223505594813e+00 1.094389722447962932e+01 3.513179338203665480e+01
1.835535149425031820e+00 1.092101709761369221e+01 3.182683176837697658e+01
1.855436246490612229e+00 1.089698772796674753e+01 2.898661252977723279e+01
1.874869347753429283e+00 1.087294528746005895e+01 2.632977673441804001e+01
1.893908328662112783e+00 1.084742495079690983e+01 2.386359790617558119e+01
1.912384300335638887e+00 1.082212252187829371e+01 2.177337164515534695e+01
1.930180568444507694e+00 1.079591407006424220e+01 1.980208097085017727e+01
1.947596863950435075e+00 1.076918148632214134e+01 1.813798143438912547e+01
