2.191799393465098389e-01 1.550982308316407554e+01 3.683535669800713658e+06
2.266363880262217967e-01 1.521901812369976170e+01 3.131302706822917331e+06
2.343888887480576610e-01 1.496957436383504536e+01 2.647642198780141771e+06
2.424383380550637068e-01 1.471979353743313013e+01 2.260762932793787681e+06
2.507844671822148652e-01 1.448871195911729437e+01 1.923198117830768228e+06
2.594509873389827526e-01 1.428787158082871755e+01 1.638024852151480038e+06
2.684391252330079469e-01 1.409499077286197455e+01 1.390211564824590925e+06
2.777545603904281180e-01 1.391293904541609372e+01 1.186603984858171316e+06
2.874073059516527029e-01 1.375011893623859649e+01 1.006876188089776901e+06
2.973889804617593224e-01 1.359347389321194122e+01 8.564134345878689783e+05
3.077304347968570220e-01 1.345097144362231667e+01 7.297682614916117163e+05
3.184156554152956509e-01 1.332414792327802644e+01 6.222369260444268584e+05
3.294722319658162091e-01 1.319831999448538795e+01 5.242445071232826449e+05
3.408789408836025436e-01 1.308224436105412103e+01 4.500403052552033332e+05
3.526312606299296104e-01 1.297752814148968881e+01 3.843264628195395344e+05
3.647906092683141366e-01 1.287878975153410011e+01 3.279147044785429607e+05
3.773050838461857737e-01 1.278720439403496734e+01 2.795500268399611814e+05
3.902073854601430525e-01 1.270478961704863963e+01 2.382870941023786727e+05
4.034988761566330462e-01 1.262806552383211312e+01 2.031323022214720841e+05
4.171822214319950706e-01 1.255700762857788710e+01 1.737413742343233025e+05
4.312387390743787074e-01 1.248573008202096446e+01 1.483152353305621364e+05
4.457026589255870808e-01 1.242272388280214024e+01 1.258298562189827499e+05
4.605674944162231332e-01 1.236577525409757605e+01 1.083943520321877440e+05
4.757975222249761216e-01 1.230873351590622278e+01 9.287799233218104928e+04
4.914232950676958867e-01 1.225971486818536249e+01 7.951009208578258404e+04
5.074328152247579160e-01 1.221019387245129373e+01 6.812584272545400017e+04
5.238412127381715244e-01 1.216803957558594895e+01 5.832080822783148324e+04
5.406389846036285807e-01 1.212696283101035633e+01 4.996643882316061354e+04
5.578239694086396527e-01 1.209081435233001578e+01 4.283968756348807801e+04
5.753596359742479960e-01 1.205398307563122984e+01 3.687208255016208568e+04
5.930167479412553622e-01 1.202064099076487658e+01 3.173163996020322520e+04
6.101960005253899144e-01 1.199034353341136594e+01 2.731556054835218310e+04
6.270840328718105816e-01 1.195826493678117153e+01 2.395262181266891639e+04
6.438752930359752380e-01 1.192883371487251942e+01 2.087984971627452251e+04
6.607462613460437506e-01 1.189938025792761245e+01 1.826642154340569323e+04
6.778205960785472772e-01 1.187115864554426636e+01 1.595261918068963860e+04
6.951572031421580089e-01 1.184041514070402634e+01 1.394075719885448234e+04
7.128689022246859075e-01 1.181296141649233711e+01 1.217278779033052706e+04
7.310746538625755298e-01 1.178275350645169084e+01 1.063087903433082283e+04
7.496539959279078236e-01 1.175537805774584044e+01 9.261395534922103252e+03
7.688414100595891698e-01 1.172813187687232350e+01 8.067175889337067019e+03
7.886027206761727637e-01 1.170011011263572165e+01 7.016140953915059072e+03
8.090032035511259823e-01 1.167258921695909279e+01 6.099532873311683943e+03
8.300657174158080354e-01 1.164817010681232112e+01 5.279535914979135669e+03
8.518132183320054063e-01 1.162165456088673210e+01 4.567386357815520569e+03
8.742684102890831976e-01 1.160002171223595546e+01 3.947801989322867485e+03
8.974551036434390561e-01 1.157665093504060572e+01 3.410366454839609560e+03
9.213805136730661705e-01 1.155528893883781727e+01 2.941495097414164775e+03
9.460558125387280581e-01 1.153409555770034522e+01 2.538878879604192662e+03
9.714914227448002704e-01 1.151599805995254577e+01 2.181056058518484406e+03
9.976745525351981003e-01 1.149777603115997948e+01 1.877463845801433536e+03
1.024608295739114494e+00 1.148055273117686781e+01 1.602592219526880854e+03
1.052281783434012130e+00 1.146590231229053458e+01 1.386132208033316829e+03
1.080685120536554411e+00 1.145077249749768455e+01 1.190898910610635767e+03
1.109796972824678818e+00 1.143817783624155915e+01 1.020977453716074137e+03
1.139601987828765317e+00 1.142591173676335181e+01 8.770559090883483577e+02
1.170075405149510583e+00 1.141738729718897538e+01 7.523524152257654123e+02
1.201182596797218283e+00 1.140599676691147657e+01 6.416617078268186560e+02
1.232898129254724306e+00 1.139680871657490435e+01 5.546519909445024723e+02
1.265185659959957576e+00 1.138997690873499558e+01 4.763538242081917247e+02
1.298001424286753025e+00 1.137839336005898438e+01 4.091896384049577478e+02
1.331311181263029386e+00 1.137426698336068753e+01 3.515322812795027971e+02
1.365058399077327733e+00 1.136539641671235934e+01 3.024121455695717486e+02
1.399200196632168769e+00 1.136033249373844889e+01 2.603429087578864483e+02
1.433338995500349933e+00 1.135648990323838703e+01 2.245154343084701338e+02
1.466387983557222219e+00 1.134765915756434929e+01 1.939126137170556490e+02
1.498310343017163815e+00 1.134162190195865350e+01 1.697861841533211020e+02
1.529121332221579532e+00 1.133329150362435023e+01 1.488479433610594072e+02
1.558877807784327274e+00 1.132240788115774599e+01 1.308636836870850004e+02
1.587600347521896937e+00 1.130922464516937609e+01 1.154692439792043928e+02
1.615325074787058446e+00 1.129593545333637294e+01 1.022680098857673414e+02
1.642106239919238986e+00 1.128003135389636924e+01 9.080292482808019372e+01
1.667929142301284307e+00 1.126132290870384800e+01 8.077229013194798313e+01
1.692842939599991547e+00 1.124109860246612591e+01 7.209343192223668950e+01
1.716839581232651346e+00 1.121959545540611991e+01 6.440863529716679636e+01
1.739972760377590077e+00 1.119616697973815000e+01 5.776711871236881990e+01
1.762225695611734144e+00 1.117079360902677010e+01 5.185209218254400554e+01
1.783634252590822644e+00 1.114393909627715118e+01 4.667675043328320328e+01
1.804197969653358546e+00 1.111538030184790848e+01 4.203422314029472062e+01
1.823947895287955312e+00 1.108488404885340550e+01 3.798043049981802000e+01
1.842846179644634041e+00 1.105355444217580363e+01 3.421789731097149456e+01
1.860948345884697153e+00 1.102007667770704735e+01 3.099187430588007430e+01
1.878244416925341165e+00 1.098613238062743136e+01 2.820674159370114609e+01
1.894740024603390527e+00 1.094885077965614428e+01 2.562435252035484368e+01
1.910443962759886150e+00 1.091165061317065188e+01 2.329496488223356465e+01
1.925360935718049005e+00 1.087325704815267002e+01 2.123866972816150422e+01
1.939514811409090100e+00 1.083272075435839099e+01 1.938207472136435783e+01
1.952876868551170153e+00 1.079211970286200462e+01 1.771675290945424663e+01
1.965471016320748499e+00 1.075008552735209122e+01 1.616694977981853043e+01
1.977480930689384575e+00 1.070660596850287405e+01 1.481379161563218716e+01
1.988410203238826002e+00 1.066259265405265566e+01 1.358744547744319497e+01
1.998757392080585671e+00 1.061724693688609555e+01 1.254055974932119000e+01
2.008530041866219751e+00 1.057200909444807557e+01 1.150339852962229159e+01
2.017457703053510798e+00 1.052480295272791899e+01 1.060093369345202419e+01
2.025612151533714655e+00 1.047764105088370101e+01 9.804247799210941139e+00
2.032889206002130855e+00 1.042874480166074491e+01 9.054772401216565569e+00
2.039648399650188182e+00 1.037959092423925256e+01 8.405150297248120239e+00
2.045728074880735381e+00 1.033016275791699989e+01 7.770417493653368091e+00
2.051129637436898356e+00 1.027984125090020484e+01 7.213647872280164464e+00
2.056030734071856436e+00 1.022998911629816909e+01 6.699539137464668670e+00
