2.191799393465098389e-01 1.550982308316407554e+01 3.683535669800713658e+06
2.260343115194076435e-01 1.524477179545033501e+01 3.168131147767381743e+06
2.331108897042635519e-01 1.500341561333339335e+01 2.738105969887014478e+06
2.404530185335098103e-01 1.477719706059356142e+01 2.357469972965165507e+06
2.480481912752881823e-01 1.455723708184275544e+01 2.026190269278373336e+06
2.559079432365095608e-01 1.436903736659852804e+01 1.750098737447779393e+06
2.640357742229297866e-01 1.418250116468920830e+01 1.505987109319472918e+06
2.724393795075336078e-01 1.402017485830752896e+01 1.298563370567441685e+06
2.811225007103208551e-01 1.385802030280942176e+01 1.117890716201901203e+06
2.900917315150727815e-01 1.370646063283541238e+01 9.639257215621225769e+05
2.993422677595752313e-01 1.356687301234314269e+01 8.317624312605971936e+05
3.088890924626673806e-01 1.343276974236472476e+01 7.179063913529459387e+05
3.187321892041491966e-01 1.331448723618659891e+01 6.180392302599282702e+05
3.288780757613070649e-01 1.321075259128985380e+01 5.339685420151699800e+05
3.393254033770087275e-01 1.310063845436416941e+01 4.608909083899603575e+05
3.500882074712600156e-01 1.299985119658957444e+01 3.980403891108456883e+05
3.611797004045068649e-01 1.291017566252176429e+01 3.399541244871427189e+05
3.725587172301147998e-01 1.282292991055229514e+01 2.970827359954001149e+05
3.842822381316015612e-01 1.274192720472777474e+01 2.560037655681337928e+05
3.963221385681062192e-01 1.266685653382620735e+01 2.221653093277189182e+05
4.086846552476798289e-01 1.259558989833679021e+01 1.915886578987822868e+05
4.213690650030514906e-01 1.253442840506914102e+01 1.654576460221157176e+05
4.343987149028768480e-01 1.247177588993092101e+01 1.435339005492920696e+05
4.477559938474205414e-01 1.241221164678451672e+01 1.241842286600202788e+05
4.614492162723798918e-01 1.235903582133701306e+01 1.073999698666051409e+05
4.754544338143537607e-01 1.231048525606155408e+01 9.315900864203234960e+04
4.897900330435074889e-01 1.226322276659983324e+01 8.016147723227439565e+04
5.044561672471599145e-01 1.222057682978202209e+01 6.992135717891865352e+04
5.194663347201392556e-01 1.218054788617351214e+01 6.014490870627853292e+04
5.347869037981870521e-01 1.214110356564176918e+01 5.265656064254666853e+04
5.504434370335697935e-01 1.210650740932675973e+01 4.582569165865069954e+04
5.664386411949251521e-01 1.207232165986918737e+01 3.942817102913419512e+04
5.827066848512020281e-01 1.204080667963388507e+01 3.460229990100698342e+04
5.986728950796511572e-01 1.200999198476040242e+01 3.026648716138654345e+04
6.142233823721440222e-01 1.198316281975004394e+01 2.656693869439879927e+04
6.294744184621705596e-01 1.195519093095115437e+01 2.346612236613449932e+04
6.446057523218025054e-01 1.192788609773057296e+01 2.054706859653125139e+04
6.597629255673079784e-01 1.190048675595776650e+01 1.836157069946003321e+04
6.750070976749186213e-01 1.187293196730758105e+01 1.627584857455945894e+04
6.904438526382991048e-01 1.184453001637152347e+01 1.441212756121681741e+04
7.061124428318259483e-01 1.181787923497850734e+01 1.274719532990489279e+04
7.220955428932128717e-01 1.178780407481570158e+01 1.130152168352772060e+04
7.384329014986864559e-01 1.176245948317107803e+01 9.895069106034874494e+03
7.551702582273133180e-01 1.173580837001712851e+01 8.815966176791504040e+03
7.723396168628591241e-01 1.170923376242638803e+01 7.781534204438627967e+03
7.899756853676294099e-01 1.168137659527640970e+01 6.829474139837039729e+03
8.081186601720464768e-01 1.165544455635273735e+01 6.037575260375066136e+03
8.267760170806266462e-01 1.163036564539193485e+01 5.306180582861834409e+03
8.459788570195815316e-01 1.160453564274809324e+01 4.661732090223518753e+03
8.657404941868342974e-01 1.158050202763619652e+01 4.089783767917097066e+03
8.860936805496021362e-01 1.155676920639286998e+01 3.584004705138777808e+03
9.068726703835114922e-01 1.153430816456672048e+01 3.142318159426650709e+03
9.276647800153922097e-01 1.151322194273305932e+01 2.760303092669835678e+03
9.484465943025920387e-01 1.149032805164182847e+01 2.426287304148677777e+03
9.692190284417235846e-01 1.146979799569833780e+01 2.138360443982975539e+03
9.900275159187522656e-01 1.145160337459440392e+01 1.885793607401724103e+03
1.010884951243089080e+00 1.142749300631084886e+01 1.664695084028777046e+03
1.031809007942127820e+00 1.140523738213236982e+01 1.472303195695591739e+03
1.052778309534506906e+00 1.138406011895533609e+01 1.303087683243647916e+03
1.073836328035128407e+00 1.136628609089842534e+01 1.153737000244834462e+03
1.095005740959787310e+00 1.133908123625599451e+01 1.021606888163652911e+03
1.116239268725923939e+00 1.132078481050349339e+01 9.057468605951753489e+02
1.137553498445657008e+00 1.129450112465449862e+01 8.031981634650894648e+02
1.158974762096746547e+00 1.127210530020267676e+01 7.127235216600611238e+02
1.180595493165879972e+00 1.125090389671111524e+01 6.315344630059973952e+02
1.202053362152861737e+00 1.122318094123727050e+01 5.612912397437636400e+02
1.223710021267902626e+00 1.119918786713907011e+01 4.986679573648820565e+02
1.245424063017248173e+00 1.117399341065110363e+01 4.426934669326306562e+02
1.267316035987684719e+00 1.115309627964159134e+01 3.913648848671707015e+02
1.289022124770669686e+00 1.112456224728351550e+01 3.502467906179415422e+02
1.310854035025671438e+00 1.109924394148058546e+01 3.118156692103939349e+02
1.332776425931744058e+00 1.107530325348310640e+01 2.771735805723571957e+02
1.354557959090928909e+00 1.104723689311670221e+01 2.471837364698949102e+02
1.376380706698847378e+00 1.101992484027761954e+01 2.202613947256178903e+02
1.398165955540207284e+00 1.099327409198503425e+01 1.953543484667024188e+02
1.419888640927704060e+00 1.096777708932573070e+01 1.751611130913614147e+02
1.441634385074842761e+00 1.093896615971065245e+01 1.554431596375069660e+02
1.463076264469477694e+00 1.091070080524539421e+01 1.397050891930555849e+02
1.484483870297383268e+00 1.088170846309242457e+01 1.247920112387434983e+02
1.505767448622874483e+00 1.085411888385223023e+01 1.116913401075771475e+02
1.526816787518493701e+00 1.082384205049416792e+01 9.983812749745779058e+01
1.547786183758580680e+00 1.079445981337884852e+01 8.948847388177756557e+01
1.568382853185375625e+00 1.076446645076521769e+01 8.028134523578266624e+01
1.588811052211834385e+00 1.073359590889492665e+01 7.205948729166796340e+01
1.608978461751788824e+00 1.070271342875381215e+01 6.479282228533917021e+01
1.628939264430314671e+00 1.067213575337493303e+01 5.808225140932722041e+01
1.648420637926193422e+00 1.064010150454928372e+01 5.235998942991787430e+01
1.667651592667699800e+00 1.060861898907247536e+01 4.716654221795729995e+01
1.686543056227977955e+00 1.057570137113646247e+01 4.246755467209425916e+01
1.705034988742281543e+00 1.054220988742720522e+01 3.837279560775059650e+01
1.723139250441711789e+00 1.050959232478223271e+01 3.465818934223086245e+01
1.740889569342920495e+00 1.047509673564711719e+01 3.124671249609305690e+01
1.758153387902833709e+00 1.044109389340592919e+01 2.832083052785709398e+01
1.774956165545440445e+00 1.040611549931202795e+01 2.560703797281971461e+01
1.791282890116888238e+00 1.037099208058988786e+01 2.334412246511702094e+01
1.807090478826119506e+00 1.033583179720868728e+01 2.121989074541070508e+01
1.822450484764855716e+00 1.029958176904141354e+01 1.930667147454398602e+01
1.837297396039963671e+00 1.026344448418316269e+01 1.759543477975910974e+01
1.851657813641803374e+00 1.022660398873653875e+01 1.600192350330754820e+01
1.865423337013476512e+00 1.018975238518567572e+01 1.459127195093576468e+01
