2.191799393465098389e-01 1.550982308316407554e+01 3.683535669800713658e+06
2.245063525402284654e-01 1.531611143706229150e+01 3.291687652814855333e+06
2.299889012331418348e-01 1.516254398829394034e+01 2.975312191923368257e+06
2.356050368367666736e-01 1.492354939528578051e+01 2.598029764828163665e+06
2.414048050739843188e-01 1.474237383742813812e+01 2.309110843367198016e+06
2.473441245912541830e-01 1.457986241353493995e+01 2.034963037227807334e+06
2.534346405847919259e-01 1.442822564604881563e+01 1.832606666372446576e+06
2.596990314829018542e-01 1.428123667860820767e+01 1.630541326587371528e+06
2.661284757061900264e-01 1.414561762438057535e+01 1.454452968040068168e+06
2.727260358008918861e-01 1.400996420206719506e+01 1.290942554103208007e+06
2.794953578583672105e-01 1.388366213804410521e+01 1.149142815229915548e+06
2.864481310472373754e-01 1.376628249286449268e+01 1.013891556753938668e+06
2.935713928096808090e-01 1.365341693297890835e+01 9.114136923708081013e+05
3.008576079157631589e-01 1.354691566226321520e+01 8.033872996612075949e+05
3.083167119525316302e-01 1.344348953456539952e+01 7.227859133172321599e+05
3.159708977432019172e-01 1.335502307147204526e+01 6.444041902650148841e+05
3.238039778008984793e-01 1.326018127446452510e+01 5.744183678348306566e+05
3.318302356675564280e-01 1.317282458146786972e+01 5.120826861328834202e+05
3.400396660056030362e-01 1.308486339183706093e+01 4.564273607977048378e+05
3.484396696313745712e-01 1.301391986988735106e+01 4.067169746620607330e+05
3.570401728378232997e-01 1.294313234592919848e+01 3.622668872463448788e+05
3.658216121847467361e-01 1.287397973647705030e+01 3.228097297723864322e+05
3.747969281169331035e-01 1.280666876129869003e+01 2.886452288568016957e+05
3.839828356794707798e-01 1.274461138321036913e+01 2.572110410621858900e+05
3.933506959088935995e-01 1.268694221895441032e+01 2.296276466962337436e+05
4.029459801116325735e-01 1.262924745181499375e+01 2.045023315023923060e+05
4.127043025689543509e-01 1.257483943165692075e+01 1.827492532882565574e+05
4.226631321253390139e-01 1.252560192701576902e+01 1.631159215374350897e+05
4.328439093476169064e-01 1.247808639926714314e+01 1.448202015133765526e+05
4.432195582343910756e-01 1.243128843595991029e+01 1.302502674048049666e+05
4.537958244912856931e-01 1.239210533539864656e+01 1.162707429116519925e+05
4.645950440577359397e-01 1.234890355606366441e+01 1.039885208755857748e+05
4.755724051544085174e-01 1.230880201863734769e+01 9.298074635027784097e+04
4.867668631072171737e-01 1.227275165814357649e+01 8.314010370630629768e+04
4.981287185072323931e-01 1.223783499352951587e+01 7.422956982393264479e+04
5.097114667337527827e-01 1.220616073468042373e+01 6.658079126691470447e+04
5.214970304423180991e-01 1.217349920862822721e+01 5.940314929648437101e+04
5.334842761270164324e-01 1.214613980360232937e+01 5.330489988603309757e+04
5.456707829152565026e-01 1.211690736479978625e+01 4.780733328305040777e+04
5.580581056146999286e-01 1.209024965458524470e+01 4.281258918839352555e+04
5.706232075683886906e-01 1.206438708755855416e+01 3.833946481914494507e+04
5.833710870728856523e-01 1.203867580094908263e+01 3.435438059314122074e+04
5.962159118916595668e-01 1.201360191856260684e+01 3.083775128226973175e+04
6.090572002565437515e-01 1.199350209401253586e+01 2.777845953627916970e+04
6.220509823626519941e-01 1.197123346470066885e+01 2.500036590641335351e+04
6.352150139807308804e-01 1.194893391772896329e+01 2.247677856434629939e+04
6.485777213325056856e-01 1.192858218498676237e+01 2.004247936270820355e+04
6.621949907009415659e-01 1.190726173539680133e+01 1.810330381611408302e+04
6.761206174637072186e-01 1.189076224288440287e+01 1.638168931598397830e+04
6.903476270389372615e-01 1.187284118348416584e+01 1.470844619408916333e+04
7.049478133046845896e-01 1.185588807863343241e+01 1.321002889264184159e+04
7.199057225835842067e-01 1.184013639570585674e+01 1.184587879424882522e+04
7.352472793008213436e-01 1.182138397281707576e+01 1.063655798723907537e+04
7.510152100558377120e-01 1.180897183504881021e+01 9.524428108379894184e+03
7.671987953509099567e-01 1.179365502909720043e+01 8.546765660666434997e+03
7.838310257023780592e-01 1.178159708315780207e+01 7.627730141336059205e+03
8.009333865324338442e-01 1.176873987371401853e+01 6.820671295830923555e+03
8.185007192502934403e-01 1.175613130355384506e+01 6.092709784080117970e+03
8.365572974036639131e-01 1.174577178486178397e+01 5.435537633001603353e+03
8.550997221282492511e-01 1.173620504280354027e+01 4.850618241202338140e+03
8.741763360665002480e-01 1.172656553763747134e+01 4.322505854612994881e+03
8.936930525147359639e-01 1.172182514565038680e+01 3.851161502954672869e+03
9.137587953292936049e-01 1.171492254563580282e+01 3.431168833109530169e+03
9.343419539578107225e-01 1.170964487756579331e+01 3.051887135966529968e+03
9.554505472271588307e-01 1.170534145392736391e+01 2.714357784077795259e+03
9.770667177181655561e-01 1.170384198737341386e+01 2.412228376127289721e+03
9.992047138748535451e-01 1.170021215718528573e+01 2.145401900854003543e+03
1.021867030778254248e+00 1.169935331608009932e+01 1.906493771164568443e+03
1.045036808938862638e+00 1.169945694658688851e+01 1.693678457450666201e+03
1.068721619738169926e+00 1.169944976758383248e+01 1.502972520024152118e+03
1.092908879904999297e+00 1.170141727616709559e+01 1.335990654882513581e+03
1.117601781130024730e+00 1.170358349459636749e+01 1.186451512576646337e+03
1.142793803658063378e+00 1.170803224195628722e+01 1.054379006621132703e+03
1.168429427879766891e+00 1.171473842170899538e+01 9.348565442478970908e+02
1.194552790433829559e+00 1.171741534783475558e+01 8.304451623510767604e+02
1.221135539738757325e+00 1.172305586749967254e+01 7.378617155969529904e+02
1.248025318647406845e+00 1.172979934012639269e+01 6.562563869284124394e+02
1.275038926059556932e+00 1.173744270076441865e+01 5.835098856510492169e+02
1.302180174498225096e+00 1.174512636863343396e+01 5.199772579406352406e+02
1.329423631203389355e+00 1.175008802671428754e+01 4.640105096567937153e+02
1.356754497020965955e+00 1.176132454098829960e+01 4.144200219721528811e+02
1.384183823273775316e+00 1.176954198257356765e+01 3.704533178143475425e+02
1.411673535383380251e+00 1.177627616499474428e+01 3.315520182025339864e+02
1.439215719120180870e+00 1.178241825236050211e+01 2.968055468971643904e+02
1.466844003314055955e+00 1.178749818126663307e+01 2.661880703235158876e+02
1.494468438722967862e+00 1.179505578247972331e+01 2.387539165644650438e+02
1.522150991769102291e+00 1.180109300786212501e+01 2.145157417626730307e+02
1.549830496592107476e+00 1.181011193338707521e+01 1.927996186388328397e+02
1.577680351996682440e+00 1.181436074444097706e+01 1.724462352142880377e+02
1.605151494375809618e+00 1.181804140187366770e+01 1.562217277425254736e+02
1.632753769559099455e+00 1.182421826146365618e+01 1.407323793612935390e+02
1.660300616928665374e+00 1.183063129973273853e+01 1.268094584721496858e+02
1.687822300164332434e+00 1.183354039116376200e+01 1.145680646566744230e+02
1.715158811940304506e+00 1.183695233989094220e+01 1.028437875293914061e+02
1.742433591209114230e+00 1.184041420230865604e+01 9.348432200109202483e+01
1.769570430223481594e+00 1.184321711575024416e+01 8.457506562199561984e+01
1.796564119010442218e+00 1.184641403653111524e+01 7.655552173096478441e+01
1.823395606713969164e+00 1.184944590195611092e+01 6.935620172704798847e+01
1.850032655111941482e+00 1.184938595046669185e+01 6.295464852973098147e+01
1.876477126155139619e+00 1.185039299322620643e+01 5.712607076721398869e+01
