2.191799393465098389e-01 1.550982308316407554e+01 3.683535669800713658e+06
2.254374271891791959e-01 1.528638474540779058e+01 3.224822417304486502e+06
2.319034768044095918e-01 1.504177101102897751e+01 2.808768465538823977e+06
2.385815145424156902e-01 1.483463949099354195e+01 2.440046322762745433e+06
2.454798295373095407e-01 1.463982857669254400e+01 2.142179234726042952e+06
2.525888131394360969e-01 1.444655065681864414e+01 1.857413715364118572e+06
2.599240386557118976e-01 1.428208125828921737e+01 1.620475226552446838e+06
2.674852776676586719e-01 1.410888085110856416e+01 1.416447625890719006e+06
2.752833212212260072e-01 1.395998862996074408e+01 1.233326788743013050e+06
2.833157122429023622e-01 1.381415888502523792e+01 1.077411513228447409e+06
2.915907050557290381e-01 1.368395485732210837e+01 9.394441257441946073e+05
3.000994168406885265e-01 1.354440259258539037e+01 8.212248909635116579e+05
3.088577434413989908e-01 1.344048466876868630e+01 7.175168886671095388e+05
3.178693123754252059e-01 1.333114062481816475e+01 6.264557251705450471e+05
3.271292253977884923e-01 1.322802820978591143e+01 5.470821823502808111e+05
3.366398584160092966e-01 1.312290244237075498e+01 4.790711867808195530e+05
3.464170584360545257e-01 1.304877350670603597e+01 4.173665731208098005e+05
3.564671755679550413e-01 1.295022128805638495e+01 3.645608780184509815e+05
3.667642401248651929e-01 1.286462543241463585e+01 3.193048974513823632e+05
3.773430331388218373e-01 1.278778888914584400e+01 2.792189999726050883e+05
3.881858031861639691e-01 1.271562380175337204e+01 2.441536838756732468e+05
3.993047953953519635e-01 1.264911486644682270e+01 2.141313649127229583e+05
4.107146759363951016e-01 1.258499304056593893e+01 1.873446873825494840e+05
4.223562573998969061e-01 1.252737221069363649e+01 1.637368207427496673e+05
4.343096087356570489e-01 1.246974885894994678e+01 1.433877326292808575e+05
4.465325018296836257e-01 1.241822462351362155e+01 1.256622444473821670e+05
4.590487316294927789e-01 1.237676022234630402e+01 1.099730261759339337e+05
4.718137313207918515e-01 1.232453007945288981e+01 9.646971445287832466e+04
4.848534324329408229e-01 1.227915187521837126e+01 8.449089231105329236e+04
4.981852161103210164e-01 1.223882045887820524e+01 7.439749670936181792e+04
5.117893370418826748e-01 1.219985879813389928e+01 6.533852916696811735e+04
5.256714149006833647e-01 1.216259303559413851e+01 5.724972201509664592e+04
5.398289194057046547e-01 1.212973224962721908e+01 5.036732249646155105e+04
5.542628812548179296e-01 1.209771240065615316e+01 4.426242574601303932e+04
5.689718358129790543e-01 1.206675108200097135e+01 3.889646241831812222e+04
5.838961038249274038e-01 1.204340597655839318e+01 3.425412653387046885e+04
5.991246444949160921e-01 1.201084721040997039e+01 3.014265272320211443e+04
6.147021704006596643e-01 1.198452556620988396e+01 2.653492607051620871e+04
6.307306960378019633e-01 1.196029524146674383e+01 2.331370286354533528e+04
6.472040059304052795e-01 1.193481959836280915e+01 2.051363332760100093e+04
6.642080777364357536e-01 1.191344775268531109e+01 1.801006564888274079e+04
6.818227416571429611e-01 1.189458189475070782e+01 1.579510560862957755e+04
7.000457752087012597e-01 1.187530545742398047e+01 1.369660923054884370e+04
7.189562015836971076e-01 1.185939825908228329e+01 1.207349265742110583e+04
7.385688590457960556e-01 1.184235527192903348e+01 1.055457219143789007e+04
7.589134986561023588e-01 1.182991774858494871e+01 9.208117293197885374e+03
7.800045076135065925e-01 1.181730247472383155e+01 8.017721801771698665e+03
8.018928846092248097e-01 1.180717192418497952e+01 6.969151644450824278e+03
8.245196431102752577e-01 1.180048315027157457e+01 6.055135560394531240e+03
8.471274174563179216e-01 1.179290509776568463e+01 5.281482046799690579e+03
8.695242859200308372e-01 1.178889285613819560e+01 4.623191729650212437e+03
8.917404225157063991e-01 1.178347059427028221e+01 4.062519917145211821e+03
9.138415320792923069e-01 1.177884884493661488e+01 3.578394969816923549e+03
9.358654021489994923e-01 1.177283638804409804e+01 3.160762695716507096e+03
9.578543778579136081e-01 1.176684751170830623e+01 2.793419024251244082e+03
9.798388812833414008e-01 1.175977501235573364e+01 2.472733147333751731e+03
1.001855574619138878e+00 1.175292733293075109e+01 2.192395151452903065e+03
1.023900834380732539e+00 1.174896274470504132e+01 1.931459414896961562e+03
1.046008532523844403e+00 1.174246196885938076e+01 1.727086801605262508e+03
1.068211304483157598e+00 1.173519145925944329e+01 1.537828831568125906e+03
1.090501794370283051e+00 1.172911181950380488e+01 1.368114908374350989e+03
1.112876413399602304e+00 1.171854204144962353e+01 1.217902756885440112e+03
1.135364054244118570e+00 1.171011105503499294e+01 1.085040649116199347e+03
1.157978896967403637e+00 1.170126525078250168e+01 9.666465167750843648e+02
1.180713601803378365e+00 1.169250493198115848e+01 8.625543520461092157e+02
1.203560671814974947e+00 1.168302031836156729e+01 7.687047705390518786e+02
1.226516470916378942e+00 1.167229615281026689e+01 6.868214851375174703e+02
1.249600346042458066e+00 1.166224365574788990e+01 6.122204719259583499e+02
1.272801050782645937e+00 1.165055964419181933e+01 5.448404838816715028e+02
1.296214498200211285e+00 1.164325322811391494e+01 4.884322244577690526e+02
1.319461592903532265e+00 1.162790572589307558e+01 4.366240465032768157e+02
1.343072185608572111e+00 1.161686538734808316e+01 3.898324836303170855e+02
1.366473576105091681e+00 1.160338526709188400e+01 3.488946693077701866e+02
1.390178565956201151e+00 1.159045461976504399e+01 3.116596187505573425e+02
1.413724708158638155e+00 1.157675448533925433e+01 2.793134382505560893e+02
1.437409634434817285e+00 1.156494478178524510e+01 2.498195265011163997e+02
1.461219680752445793e+00 1.155119695589122131e+01 2.238733428738028692e+02
1.484784161872884756e+00 1.153339486965971084e+01 2.007433486378314171e+02
1.508456004691647756e+00 1.151957810020105732e+01 1.800097273689485178e+02
1.532081020903428570e+00 1.150290515824735671e+01 1.614204193299987367e+02
1.555650432805231409e+00 1.148529599678209046e+01 1.450161681450591402e+02
1.579148916781607737e+00 1.147100667353998560e+01 1.297892834564821953e+02
1.602535181553402133e+00 1.145470236124773500e+01 1.170056298673551112e+02
1.625796138713304195e+00 1.143489469857655294e+01 1.052379075763436305e+02
1.648911476289026234e+00 1.141583511421906394e+01 9.481530181871188745e+01
1.671870831956345338e+00 1.139744212087270547e+01 8.496820297820414680e+01
1.694633160213160572e+00 1.137836017878827022e+01 7.686772099502586286e+01
1.717185941570847474e+00 1.135882932414840596e+01 6.928671897602757213e+01
1.739507574541416801e+00 1.133813563278722825e+01 6.253859342607827188e+01
1.761572903484640795e+00 1.131743982886809441e+01 5.652744408000376808e+01
1.783382313208996539e+00 1.129661246134222630e+01 5.109206987116777299e+01
1.804856391258680803e+00 1.127429074052829705e+01 4.625519689105602339e+01
1.826033878176936964e+00 1.125185665548569069e+01 4.169340937142025183e+01
1.846870380666367106e+00 1.122931961785051946e+01 3.797032640993679564e+01
1.867344093366327229e+00 1.120587289723020952e+01 3.444916583665489185e+01
1.887449499664811015e+00 1.118234790175517901e+01 3.128084768840503926e+01
1.907155518115349890e+00 1.115738689390781424e+01 2.843902191119259015e+01
1.926448399159227609e+00 1.113295747519101297e+01 2.587841415983619697e+01
1.945312492242838198e+00 1.110689290778283400e+01 2.357735209824168621e+01
1.963732568778575827e+00 1.108171164127432462e+01 2.142178706960660861e+01
