2.191799393465098389e-01 1.550982308316407554e+01 3.683535669800713658e+06
2.259331758666822676e-01 1.524695619959066306e+01 3.174724150339226238e+06
2.329107079807621328e-01 1.501019450940012590e+01 2.748727759394844063e+06
2.401423446573601184e-01 1.479011287778427075e+01 2.365423620517199859e+06
2.476208074062703213e-01 1.457200896583598393e+01 2.046002325678349705e+06
2.553546501089018483e-01 1.438818296721175827e+01 1.762645928645080188e+06
2.633506063922739227e-01 1.419795881102136903e+01 1.522244282425408484e+06
2.716125780422395386e-01 1.402650267846844123e+01 1.318723667549056467e+06
2.801469278369374538e-01 1.387117323845540895e+01 1.135161245444231667e+06
2.889574990672877930e-01 1.372307479065506541e+01 9.813603615513464902e+05
2.980459809781094149e-01 1.358379939863979402e+01 8.478480521454465343e+05
3.074104451758755685e-01 1.346186127739459160e+01 7.323270670539485291e+05
3.170807314575949665e-01 1.333235204820981501e+01 6.339091583914320217e+05
3.270317130724423871e-01 1.322820629902810019e+01 5.481011365920089884e+05
3.372761506299518652e-01 1.311507168546965119e+01 4.745581972747971304e+05
3.478271153783217828e-01 1.301952966045587878e+01 4.102977439219193766e+05
3.586841207057912539e-01 1.292899046238977334e+01 3.550894061482357210e+05
3.698478155456288441e-01 1.284269567691580960e+01 3.071060536670630099e+05
3.813431792530867503e-01 1.275986160304859318e+01 2.653942606636456912e+05
3.931169949876808789e-01 1.268456799816073222e+01 2.301948891915489512e+05
4.052282872875402342e-01 1.261845476527458310e+01 1.994263250964576146e+05
4.176475954301772653e-01 1.254816102456191018e+01 1.727015769385643362e+05
4.303910761903794180e-01 1.248974080746390314e+01 1.496581813205491926e+05
4.434602449809020852e-01 1.243021724101371994e+01 1.299960850435593165e+05
4.568470930123939566e-01 1.238072267485069489e+01 1.125326923287678510e+05
4.705673684966144021e-01 1.232808671023604141e+01 9.784464993623450573e+04
4.845817014059712879e-01 1.228016989017662475e+01 8.487261217310602660e+04
4.989346379281620614e-01 1.223568068282497556e+01 7.372819660941652546e+04
5.136013838556480193e-01 1.219552028677506428e+01 6.422727845132340735e+04
5.285920837960345064e-01 1.215678333392120969e+01 5.577707703233982465e+04
5.439008890306996635e-01 1.211967194991734331e+01 4.849539259508938267e+04
5.595285996599970169e-01 1.208648608708776351e+01 4.226054527320562192e+04
5.754367250140043355e-01 1.205427810285451606e+01 3.682265055791810300e+04
5.915558977938553120e-01 1.202349875298740223e+01 3.212660805140400771e+04
6.076575079071044883e-01 1.199443265272911496e+01 2.809499196327930622e+04
6.237826776446205868e-01 1.196818315812811129e+01 2.463135100639920711e+04
6.401114270427641362e-01 1.194284186635592881e+01 2.159918464466413934e+04
6.567114816049669512e-01 1.191615771512123345e+01 1.893063818147053462e+04
6.736915239045769832e-01 1.189286589522623672e+01 1.662786651990997416e+04
6.911022096334815679e-01 1.186780266705417120e+01 1.458021651997752815e+04
7.090373814022759014e-01 1.184545559017548655e+01 1.276546475535440186e+04
7.273925564729916138e-01 1.183099706434897769e+01 1.116916353893235464e+04
7.463901790087115184e-01 1.180196545007185627e+01 9.678993347730523965e+03
7.660266007571737701e-01 1.178227805295756347e+01 8.512911169271659674e+03
7.862412156066354019e-01 1.176068795615198148e+01 7.419441622818460019e+03
8.071728345644655356e-01 1.174329978152379894e+01 6.468433271110518945e+03
8.287991799373065627e-01 1.173038292899369672e+01 5.624859301641314232e+03
8.511471866382757101e-01 1.171374347945641503e+01 4.886009551658166856e+03
8.742271924259596982e-01 1.170125021238062679e+01 4.243278642946526816e+03
8.980628688473275556e-01 1.168803632191924002e+01 3.676585586428670467e+03
9.226753427556791953e-01 1.167967850424201082e+01 3.157829354074371622e+03
9.480180117477700064e-01 1.166808413454547022e+01 2.757212142994337682e+03
9.741642720089683793e-01 1.166071565537221488e+01 2.385211991506279901e+03
1.001074530896068238e+00 1.165641442193373223e+01 2.062347080994085900e+03
1.028750286144898496e+00 1.165220270148318527e+01 1.780549903270719142e+03
1.057188573018078559e+00 1.165148996799246461e+01 1.538432793168140734e+03
1.086380646990773746e+00 1.164738829829172495e+01 1.327960026554285378e+03
1.116310603671510027e+00 1.164738763834414392e+01 1.146482556492358299e+03
1.146966466230447734e+00 1.164796618735308620e+01 9.894992773053345445e+02
1.178326303786221274e+00 1.164943690771128360e+01 8.545723623114281509e+02
1.210372952164932236e+00 1.165700063075330029e+01 7.376706194894594546e+02
1.243061175364732929e+00 1.165736554193794916e+01 6.368252977378857622e+02
1.276385251134200871e+00 1.166176880866629162e+01 5.505001968346159629e+02
1.310308163961384498e+00 1.167114595416872547e+01 4.753868356251678620e+02
1.344787689420926524e+00 1.167784518882871581e+01 4.113231572175409951e+02
1.379790845357654394e+00 1.168178603134160198e+01 3.558256543666199718e+02
1.415280310540973030e+00 1.168988411256447435e+01 3.080024311549476010e+02
1.451202368978000035e+00 1.170178266865438843e+01 2.669143351889123892e+02
1.487247268301688408e+00 1.170636680226166959e+01 2.316657156422718344e+02
1.522405203939142027e+00 1.171554247570411178e+01 2.020277651541350110e+02
1.556599393521000740e+00 1.172523433166709950e+01 1.762235639051226030e+02
1.589855202618724705e+00 1.173045912697670801e+01 1.556383690511046325e+02
1.622213503797224732e+00 1.173127566735500515e+01 1.374753788423907679e+02
1.653698088566409652e+00 1.173375032069838042e+01 1.216982150727293828e+02
1.684327531477973316e+00 1.173341146458889916e+01 1.081039939096734344e+02
1.714123944466457550e+00 1.173132600410072968e+01 9.623526919612253039e+01
1.743118235239291325e+00 1.172809950574947635e+01 8.588551301569530949e+01
1.771290983975628786e+00 1.172376705738184910e+01 7.676633610099450777e+01
1.798703853737348535e+00 1.171480203815388244e+01 6.884252025126728824e+01
1.825305256700047174e+00 1.170569591945269750e+01 6.178369938073903000e+01
1.851145981735262014e+00 1.169487740999220193e+01 5.556384263003558033e+01
1.876228475890139080e+00 1.168231776571195901e+01 5.008547787783401617e+01
1.900553909915982942e+00 1.166809274679239827e+01 4.524409492314439518e+01
1.924134432912808723e+00 1.165223331383748651e+01 4.089730653721775866e+01
1.946963588218395325e+00 1.163423418246923902e+01 3.701706950856205935e+01
1.969047406093595187e+00 1.161526141530346479e+01 3.360751949671101357e+01
1.990393082828189941e+00 1.159494916934896480e+01 3.050370722062416462e+01
2.011003388953211957e+00 1.157289668539950256e+01 2.773417783251874624e+01
2.030873118588346848e+00 1.154975097694937602e+01 2.523994367423787821e+01
2.050008837731015277e+00 1.152514735495470077e+01 2.304061920806326924e+01
2.068414970209507597e+00 1.149873431167449311e+01 2.102254902008284176e+01
2.086089073661449245e+00 1.147127687276641161e+01 1.921516008230997485e+01
2.103036434095861384e+00 1.144351512149011008e+01 1.759246125306083641e+01
2.119414506762169914e+00 1.141363809162258214e+01 1.611348926718247654e+01
2.134753301068791576e+00 1.138213452437457640e+01 1.474275386800851884e+01
2.149530876762719700e+00 1.134975839646338613e+01 1.360108750552389623e+01
2.163592176440687354e+00 1.131688875257269977e+01 1.252318306467285502e+01
2.176939708726421951e+00 1.128322724518394971e+01 1.150398350976791484e+01
2.189582770091261121e+00 1.124796994285139462e+01 1.063572450764911537e+01
2.201511417478586807e+00 1.121214564252005630e+01 9.824139018113655197e+00
