2.191799393465098389e-01 1.550982308316407554e+01 3.683535669800713658e+06
2.246726116060117628e-01 1.530051505309461746e+01 3.280086812563472427e+06
2.302968370625019801e-01 1.509547248650300233e+01 2.902331804270077031e+06
2.361007359786652104e-01 1.490454132310166280e+01 2.567194678267310373e+06
2.420723826914800703e-01 1.472832362426848185e+01 2.277675836631940212e+06
2.481960065194755427e-01 1.455757224569820885e+01 2.019864050929533318e+06
2.545019648900680442e-01 1.439981116320780252e+01 1.776236294151562732e+06
2.609702096802948845e-01 1.424961486516305875e+01 1.589683633727358188e+06
2.676183502875059683e-01 1.410954922578040893e+01 1.411325627787189791e+06
2.744497443784718604e-01 1.397382981048270700e+01 1.251918709275443340e+06
2.814599369057186329e-01 1.384730375930099910e+01 1.113266412578233983e+06
2.886551836301244345e-01 1.373349472735252341e+01 9.862080401623753132e+05
2.960273303465564276e-01 1.361197311509519636e+01 8.772157757206513779e+05
3.035926490833128488e-01 1.350806753923045989e+01 7.780810075094483327e+05
3.113663558336409731e-01 1.340598754390328828e+01 6.849693067697082879e+05
3.193004420537029486e-01 1.331477819407416696e+01 6.141625365580181824e+05
3.274558654346129694e-01 1.321663598985687749e+01 5.452483608828054275e+05
3.357969395201151341e-01 1.313060320379852719e+01 4.785455550219730358e+05
3.443325875088323329e-01 1.305113877028600911e+01 4.301549330657771206e+05
3.530790293185814277e-01 1.297800203835973498e+01 3.793586325388290570e+05
3.620259952682945426e-01 1.290178228216424650e+01 3.404423403831208707e+05
3.711777832150197631e-01 1.283213458870272383e+01 3.024540692805139115e+05
3.805381308341168056e-01 1.276562937696747646e+01 2.683750571944175754e+05
3.901089123250989221e-01 1.270553342667670194e+01 2.385903720949625131e+05
3.998898199543193255e-01 1.264475246771168848e+01 2.122447840298446245e+05
4.098898349609987335e-01 1.259272580090943272e+01 1.888491270591621578e+05
4.200752574150782848e-01 1.253826322330344389e+01 1.679919481655032141e+05
4.304942345095514322e-01 1.248751034377215952e+01 1.503647336124224239e+05
4.411151370523869741e-01 1.244352580638197026e+01 1.332789675747534202e+05
4.519664958148462142e-01 1.239717880781904036e+01 1.185456576930774754e+05
4.630387386874915689e-01 1.235405456705595739e+01 1.057830983359815582e+05
4.743015084918120738e-01 1.231341077385543414e+01 9.407077911339835555e+04
4.857722244933823652e-01 1.227607686152925659e+01 8.397075043187628035e+04
4.974666159058279136e-01 1.223911235238429285e+01 7.495223390017380007e+04
5.093705631171633330e-01 1.220515041098320452e+01 6.681940649627661332e+04
5.214900557108629320e-01 1.217420366864309145e+01 5.940832134109821345e+04
5.338222045093624635e-01 1.214372624502576947e+01 5.323654093160675257e+04
5.463655943049527952e-01 1.211439162082878163e+01 4.751388852554212644e+04
5.591214309138334837e-01 1.208585191397108183e+01 4.239606408002799435e+04
5.720582400837754822e-01 1.205956404804333459e+01 3.788260573939411552e+04
5.852012093502132473e-01 1.203448972862877042e+01 3.387004301991008106e+04
5.984738411662368085e-01 1.201159971235037993e+01 3.030146234250768248e+04
6.118472751983310420e-01 1.198880154301920520e+01 2.711878424491849364e+04
6.254598921030699588e-01 1.196653797547622666e+01 2.430548406535083632e+04
6.393136587934035164e-01 1.194515743580220501e+01 2.179783199202403921e+04
6.534857426309965689e-01 1.192527712937239670e+01 1.949974937783018686e+04
6.679775537249170725e-01 1.190736790679696711e+01 1.744260128312332745e+04
6.828472255346176301e-01 1.188703951949984194e+01 1.559700320643013401e+04
6.981147613877661806e-01 1.186930196080002453e+01 1.394115689181923517e+04
7.137751159444838400e-01 1.185392157688078640e+01 1.245178584851171763e+04
7.299444961007391930e-01 1.183727386513744761e+01 1.110234566404354518e+04
7.465638752670816780e-01 1.182298234134003856e+01 9.888311983741072254e+03
7.636588311366114823e-01 1.180891654364541843e+01 8.811675436445912055e+03
7.812206605514098179e-01 1.179678599002899908e+01 7.835717949278494416e+03
7.989644579599732843e-01 1.178653532195669307e+01 6.978557670407604746e+03
8.168550824049101156e-01 1.177460897426449193e+01 6.225778471842397266e+03
8.349277593487842708e-01 1.176278914689034316e+01 5.530652851300883412e+03
8.531915381625202466e-01 1.175560875352948109e+01 4.962343068386649975e+03
8.716818618904185190e-01 1.174688311797745044e+01 4.438271494871667528e+03
8.903961467888493742e-01 1.173627152309741639e+01 3.964087623001864358e+03
9.093516973714355078e-01 1.172911633864884884e+01 3.547303640096179606e+03
9.285686218685579307e-01 1.172165526634498534e+01 3.173277300722045311e+03
9.480618284239300531e-01 1.171526750676752293e+01 2.841434081332445658e+03
9.678081831712738170e-01 1.170805159291278486e+01 2.542325234148897835e+03
9.878376650621645272e-01 1.170032863920999588e+01 2.259225181883265577e+03
1.008205188422080401e+00 1.169736791499674133e+01 2.020405153674528037e+03
1.028782255422149294e+00 1.169021674977792813e+01 1.822853563175235877e+03
1.049676731357270798e+00 1.168412799057286655e+01 1.633062978698802226e+03
1.070865074902833891e+00 1.167962341157824824e+01 1.461210163994635650e+03
1.092340010343977763e+00 1.167378062357319202e+01 1.308913697630653360e+03
1.114127463985477240e+00 1.166942911212816369e+01 1.171421307131173990e+03
1.136194140760727667e+00 1.166450710082512110e+01 1.050313538848305598e+03
1.158499156619356540e+00 1.165937632965118631e+01 9.405037777209945489e+02
1.181109259044221593e+00 1.165695379739246285e+01 8.421625951482487835e+02
1.204013215124851932e+00 1.165226570436675679e+01 7.550884961106468154e+02
1.227127759872456592e+00 1.164842136502886305e+01 6.757272496631245531e+02
1.250516048517696044e+00 1.164850656349281621e+01 6.058741381960729768e+02
1.274139851132697787e+00 1.164130808130179418e+01 5.434473422628168464e+02
1.298083007128363331e+00 1.164152851448712411e+01 4.867347632638051778e+02
1.322092428213347493e+00 1.163648645647792179e+01 4.368602372526954696e+02
1.346358476751748690e+00 1.163437312647541688e+01 3.927709244102093180e+02
1.370823958431820255e+00 1.162893489856275409e+01 3.521994205522570951e+02
1.395464012912384755e+00 1.162417130685107125e+01 3.162622206319446718e+02
1.420270211827456830e+00 1.162475369956123039e+01 2.839824307990912189e+02
1.445213011386625501e+00 1.161915501710972976e+01 2.550997752775104459e+02
1.470276304801499734e+00 1.161503777906010981e+01 2.289342794723170869e+02
1.495458990865091264e+00 1.161451682057243850e+01 2.063464723792056645e+02
1.520699695263760809e+00 1.160895525900818193e+01 1.856683174994608407e+02
1.546103589977189996e+00 1.160474871305269318e+01 1.658807491456148568e+02
1.571399004160298540e+00 1.160096122370366878e+01 1.506121533570194515e+02
1.596790097801096708e+00 1.159753161264784893e+01 1.350484438139949077e+02
1.622199556528438391e+00 1.159277475237017185e+01 1.223601955771930392e+02
1.647580101913120210e+00 1.158967802352693610e+01 1.104607255046062591e+02
1.672927530620004433e+00 1.158395284523917113e+01 9.972017924621167140e+01
1.698220090030033713e+00 1.157909688633408152e+01 9.003989624804562197e+01
1.723431863945356968e+00 1.157401798905456225e+01 8.148390534859007062e+01
1.748549636681087094e+00 1.156841981307147194e+01 7.373718479936613335e+01
1.773570828450791170e+00 1.156302676177002908e+01 6.640359951379470260e+01
1.798375035111496212e+00 1.155707074142930502e+01 6.048363702833935918e+01
1.823045633482399674e+00 1.155048854859780150e+01 5.484660991439085365e+01
