2.191799393465098389e-01 1.550982308316407554e+01 3.683535669800713658e+06
2.246649442201884284e-01 1.532311303819345127e+01 3.261762420730795246e+06
2.302788948443278416e-01 1.511051570157685475e+01 2.905338486403651070e+06
2.360736366944791720e-01 1.491127224981987531e+01 2.574586285636848770e+06
2.420360346576226618e-01 1.474086346071640286e+01 2.290616001602680422e+06
2.481487265733149927e-01 1.455784482541304037e+01 2.027202248378369724e+06
2.544385214850575228e-01 1.440120130521603059e+01 1.794210392834993312e+06
2.609007000679217092e-01 1.425195486762368802e+01 1.593268900635042693e+06
2.675365633787618047e-01 1.410821947224152417e+01 1.415744901901365258e+06
2.743554553469192969e-01 1.397762403174780843e+01 1.254629092705776915e+06
2.813517944151003314e-01 1.385848134641562091e+01 1.112861129168577259e+06
2.885338392384845241e-01 1.372957379696786795e+01 9.889951618087084498e+05
2.958897188449870486e-01 1.361839780888237605e+01 8.787939281992146280e+05
3.034439661774367969e-01 1.351102607694323332e+01 7.789871915978714824e+05
3.111996986189781156e-01 1.340823896750151967e+01 6.846935516466166591e+05
3.191215605735988614e-01 1.331177885870275368e+01 6.144803020924426382e+05
3.272556793282145882e-01 1.321873566676597811e+01 5.468106748571791686e+05
3.355731544772567743e-01 1.313476838446568173e+01 4.857933902879799134e+05
3.440968607897442189e-01 1.305154262360896844e+01 4.316304086455830256e+05
3.528224161259454483e-01 1.298046030954860619e+01 3.827823494670593645e+05
3.617549576827941427e-01 1.290109803627000673e+01 3.409326108233365812e+05
3.708831015294153932e-01 1.283578047426018998e+01 3.028352066578511731e+05
3.802227956122177233e-01 1.276965601479878565e+01 2.695432843821322895e+05
3.897713573558977962e-01 1.270497047951055336e+01 2.396809232553377806e+05
3.995252948714391183e-01 1.264768170130489189e+01 2.129953639966337360e+05
4.095041418579314363e-01 1.259442166945026642e+01 1.893960583474957384e+05
4.196681558321129768e-01 1.254012290520699580e+01 1.690397379847950651e+05
4.300631660104481946e-01 1.249151139309548775e+01 1.501866620493872033e+05
4.406601263748147757e-01 1.244094490202870240e+01 1.338722627756391303e+05
4.514882347671601015e-01 1.239935308252885093e+01 1.191484505872144655e+05
4.625344004155825250e-01 1.235601805707238121e+01 1.051673468897831190e+05
4.737661524996970575e-01 1.231789775202656401e+01 9.455321864551119506e+04
4.852076879779043117e-01 1.227851409465298360e+01 8.432180654876769404e+04
4.968759191077397608e-01 1.224305922337469177e+01 7.521565723131083359e+04
5.087505855060651117e-01 1.220911227386577202e+01 6.720012334418417595e+04
5.208406598619516048e-01 1.217630831713128536e+01 5.998692251836421929e+04
5.331424759108313038e-01 1.214457352243416466e+01 5.349979756092900789e+04
5.456550854747141965e-01 1.211501477908891822e+01 4.779557808018172364e+04
5.583795397566136964e-01 1.208983555285732869e+01 4.269335194031171704e+04
5.712857602703517168e-01 1.206260840772713294e+01 3.809857104312180309e+04
5.843858778375210505e-01 1.203524787653837436e+01 3.410262824949983769e+04
5.973943030997015402e-01 1.201229294893292732e+01 3.060698483556662541e+04
6.102884968826524092e-01 1.199082413830667626e+01 2.748617630238063066e+04
6.231626803241878676e-01 1.196644600975490391e+01 2.472885132460228851e+04
6.360460234688807279e-01 1.194487444883499272e+01 2.233188983823464514e+04
6.490193673734154789e-01 1.192571521981508909e+01 2.009062697853385180e+04
6.621453054911368152e-01 1.190351728973728740e+01 1.813927877073316631e+04
6.754690706436105030e-01 1.188387662187659544e+01 1.633658442393313817e+04
6.890078311969086711e-01 1.185960048168635872e+01 1.476379003444344744e+04
7.028104998784198143e-01 1.184456556968287266e+01 1.328592983632190953e+04
7.169675437646886307e-01 1.182281290513683736e+01 1.194432966223879703e+04
7.312883315582983101e-01 1.180224333181066498e+01 1.075032722090985953e+04
7.460208254929053817e-01 1.178609584564101098e+01 9.664542497317679590e+03
7.611012849412774894e-01 1.176799340383769277e+01 8.698095207026331991e+03
7.765435202617828603e-01 1.174929602422671771e+01 7.809220489553590596e+03
7.923820544256804377e-01 1.173397884436765892e+01 7.005148464731682907e+03
8.086127615707647820e-01 1.171447101635520838e+01 6.251091721730947938e+03
8.252743229595652652e-01 1.170064069212631175e+01 5.631569474944220929e+03
8.423594831241452141e-01 1.168616190284218526e+01 5.038543516789642126e+03
8.598783512446328547e-01 1.167294891203039064e+01 4.507113150101732572e+03
8.778390699229620120e-01 1.165819519456197462e+01 4.026556287860063094e+03
8.962530964436179470e-01 1.164371426025192058e+01 3.599097932172147011e+03
9.151241641517451342e-01 1.163070311839813442e+01 3.217341852457647292e+03
9.344661086297856301e-01 1.162197944968290031e+01 2.866258670492439251e+03
9.542594872044404264e-01 1.161194978987672499e+01 2.558145816523346639e+03
9.745107078722841099e-01 1.160251937573944936e+01 2.281264694335008699e+03
9.952309040606327484e-01 1.159732970469517888e+01 2.029522601212867357e+03
1.016421033712265665e+00 1.158601448754477126e+01 1.811573474643812233e+03
1.038069972270244445e+00 1.157941365238476195e+01 1.612160273655671062e+03
1.060202845003312966e+00 1.157323032857891931e+01 1.435272611087010773e+03
1.082726777037102073e+00 1.156758500292686520e+01 1.279258455123672775e+03
1.105721881390079986e+00 1.156335399474483339e+01 1.138183032088571281e+03
1.129153214523777926e+00 1.155807424407676720e+01 1.012542291908983998e+03
1.153009177750314862e+00 1.155477963117968621e+01 9.016779510546796246e+02
1.177281184330675412e+00 1.155334026494157129e+01 7.983448283551753093e+02
1.201954738947292434e+00 1.155083653119902998e+01 7.102108069943602686e+02
1.227020855345170691e+00 1.155347715520943197e+01 6.313640645942907668e+02
1.252463248177516641e+00 1.154944800817987982e+01 5.645045532426499904e+02
1.278253118775117381e+00 1.154844210235681423e+01 5.039724675047938263e+02
1.304399473959076294e+00 1.155075789502326877e+01 4.489003291727030955e+02
1.330860418862160666e+00 1.155264955389702486e+01 3.995262832193511713e+02
1.357632930665013005e+00 1.155001885176430676e+01 3.561829718548341930e+02
1.384681388489806153e+00 1.155153481969973051e+01 3.177326869016196724e+02
1.411998730633948762e+00 1.155603673534895925e+01 2.833822136615205523e+02
1.439565321035918055e+00 1.155618015733266191e+01 2.529140265616686634e+02
1.467342535241373147e+00 1.155863084967521992e+01 2.259882796672199277e+02
1.495317235811440604e+00 1.156120378801404058e+01 2.017971978912109989e+02
1.523465729729975182e+00 1.156347739074679382e+01 1.804268541158027119e+02
1.551762515855878988e+00 1.156626118977822237e+01 1.611014228487917137e+02
1.580177005777976484e+00 1.157047568711752383e+01 1.442787867568971478e+02
1.608533661054183828e+00 1.157195504919545392e+01 1.287374039711685327e+02
1.636570108616864694e+00 1.157522899764510349e+01 1.161791543011551795e+02
1.664284394631682096e+00 1.157601104426157157e+01 1.044189091654074986e+02
1.691661140505209548e+00 1.157788109462387105e+01 9.405498418216483003e+01
1.718701894023706878e+00 1.157882686484676960e+01 8.489378166972061024e+01
1.745359592352144329e+00 1.158120719682210975e+01 7.631709242124426851e+01
1.771651239430013902e+00 1.157821516994261835e+01 6.940916267596468003e+01
1.797589068699158465e+00 1.157740161020176295e+01 6.286792548046059181e+01
1.823076117110897343e+00 1.157532569265845979e+01 5.709976050081170484e+01
1.848191705729587797e+00 1.157265643998957394e+01 5.182192765013259361e+01
