2.191799393465098389e-01 1.550982308316407554e+01 3.683535669800713658e+06
2.250660967710713667e-01 1.528952844098567887e+01 3.255439544496549293e+06
2.311205024478982795e-01 1.506804074490600343e+01 2.848560887145347893e+06
2.373828398103305370e-01 1.487162225045702968e+01 2.501780382066644263e+06
2.438225947046136211e-01 1.468102098452605375e+01 2.195738901111821644e+06
2.504542210035300975e-01 1.449906711527535386e+01 1.920150552076859400e+06
2.572798603793975958e-01 1.433852835220348965e+01 1.705284522484604036e+06
2.643096692766415678e-01 1.417815184472741663e+01 1.498684184608761221e+06
2.715435836770581091e-01 1.403309569709698401e+01 1.316532667282139650e+06
2.789845401572411121e-01 1.389755436091514618e+01 1.160347960796768311e+06
2.866433926997639658e-01 1.376156525762149663e+01 1.009939012792058405e+06
2.944983423915034648e-01 1.363852129927646040e+01 8.996233807987904875e+05
3.025723436520534881e-01 1.352032439822200871e+01 7.907390824681859231e+05
3.108711575260733051e-01 1.340685533335020807e+01 6.973813810766686220e+05
3.193877514369999338e-01 1.332258220950543048e+01 6.119877320794791449e+05
3.281404815272475073e-01 1.321046080282514978e+01 5.396236575585602550e+05
3.371041371536545594e-01 1.311939936186445621e+01 4.752994337130013155e+05
3.463038849981637801e-01 1.305072468770833360e+01 4.179467791799677070e+05
3.557587934928562179e-01 1.295485893573095915e+01 3.688726011634324095e+05
3.654129833926256232e-01 1.287512423873419110e+01 3.230553751459320192e+05
3.753095292578551567e-01 1.280094639261476175e+01 2.866731327271364280e+05
3.854592409147677423e-01 1.273350096587761726e+01 2.524974271167424449e+05
3.958462738147484061e-01 1.266939287071212128e+01 2.227974142930961680e+05
4.064677716124922013e-01 1.260945144892338377e+01 1.962233962661325349e+05
4.173399340927068657e-01 1.254801091482352859e+01 1.731629555098065175e+05
4.284499708485984826e-01 1.249816426891100463e+01 1.528859341683504463e+05
4.398011034020523069e-01 1.244861654541743512e+01 1.352180267072260031e+05
4.514185070397316313e-01 1.239891049190565830e+01 1.192673850926861778e+05
4.632813989067681160e-01 1.235365762520518729e+01 1.056187964247396594e+05
4.753701367240412701e-01 1.231098238435910552e+01 9.345221962181504932e+04
4.877183152392179366e-01 1.226994069749711613e+01 8.235623796393090743e+04
5.002843250261557184e-01 1.223198124293164568e+01 7.286983138840562606e+04
5.131119660881209299e-01 1.220228740521687882e+01 6.437564211115432408e+04
5.261854707561504085e-01 1.216073323478601687e+01 5.713285850271601521e+04
5.395022650329530656e-01 1.213180828382352416e+01 5.058374271451152890e+04
5.530637636344967190e-01 1.210028484420736028e+01 4.475241474676043435e+04
5.668689797756250037e-01 1.207233197453718532e+01 3.957779704048286658e+04
5.808651457851999877e-01 1.204241789918630090e+01 3.516711564096635266e+04
5.950730037545053364e-01 1.201188741527593073e+01 3.122722642976078350e+04
6.094802117989102097e-01 1.199308506089123227e+01 2.765442126191463467e+04
6.241661010112631303e-01 1.196717442361543959e+01 2.460152186949486349e+04
6.391802971182943827e-01 1.194568017448707664e+01 2.180222695652737821e+04
6.545689451299059325e-01 1.192429372975866819e+01 1.935819676133473695e+04
6.703645091516754473e-01 1.190432134817091381e+01 1.714952292988506815e+04
6.866782384510454751e-01 1.188286447222973230e+01 1.519796893850541892e+04
7.034356635818996839e-01 1.186504264955315158e+01 1.344661773673077550e+04
7.207746817991820265e-01 1.185006676105831858e+01 1.186882001402657261e+04
7.386610852262704974e-01 1.183540969162555712e+01 1.047311800389018754e+04
7.571559539643512027e-01 1.181693576263222667e+01 9.244822886706469944e+03
7.762451699568216901e-01 1.180949539489477651e+01 8.135277320390003297e+03
7.959697907553452412e-01 1.179653954407401351e+01 7.159731088696340521e+03
8.163312771074276997e-01 1.178419556126764611e+01 6.303351232810543479e+03
8.373749062983755209e-01 1.177889632839062273e+01 5.527927604358337703e+03
8.590693209760532634e-01 1.177018845103329880e+01 4.827812399886296589e+03
8.814787254895911639e-01 1.176557495855703372e+01 4.253828243226409541e+03
9.045415136255778865e-01 1.176119906025356698e+01 3.726479353235613871e+03
9.283228183316457605e-01 1.175865525498055675e+01 3.266519683974440795e+03
9.528081780443927729e-01 1.175864144764649666e+01 2.856160428809566838e+03
9.779947348644383309e-01 1.175695260173960932e+01 2.497511686159625242e+03
1.003887018544088905e+00 1.176149972677760225e+01 2.185199355007691793e+03
1.030487742775479054e+00 1.176552452232885670e+01 1.909785332793211865e+03
1.057774863414431721e+00 1.177035552050482359e+01 1.668593950943648906e+03
1.085393382622859670e+00 1.177987837204857868e+01 1.460700466918124903e+03
1.112930319623376629e+00 1.178744697589708501e+01 1.282611974132791147e+03
1.140386541669011100e+00 1.179056350957795196e+01 1.128719314728373320e+03
1.167787364118074933e+00 1.179718776396864399e+01 9.948907308355526311e+02
1.195116218850487577e+00 1.180461579285455542e+01 8.793597774176336088e+02
1.222389800981893426e+00 1.181095333055579211e+01 7.788279922394419827e+02
1.249646882698873140e+00 1.181627198291770497e+01 6.911993314474395902e+02
1.276875507756192629e+00 1.182232661505416083e+01 6.134653165812993620e+02
1.304074593979285046e+00 1.182729992981826150e+01 5.454072217722402911e+02
1.331235148034018545e+00 1.183605179976970412e+01 4.855635511912846027e+02
1.358389736397554337e+00 1.183615992375822579e+01 4.325676398186864162e+02
1.385505217744592343e+00 1.184051558765682266e+01 3.835204898002954224e+02
1.412581753141699537e+00 1.184216253140280095e+01 3.447548717846032673e+02
1.439576885946315610e+00 1.184779000042527386e+01 3.081232933667945986e+02
1.466558653047256078e+00 1.184768015070085845e+01 2.757216530917789896e+02
1.493450771917393949e+00 1.185003362574128438e+01 2.455374679134803273e+02
1.520284261401667836e+00 1.184836346063107371e+01 2.214867789495180261e+02
1.547034045449956041e+00 1.184801358257791826e+01 1.985691024488170910e+02
1.573666474883114397e+00 1.184664422755558455e+01 1.783344634535893647e+02
1.600210713185845623e+00 1.184421802072123775e+01 1.602453024754715614e+02
1.626616540919217035e+00 1.184152057650979373e+01 1.441422300413951234e+02
1.652884049265208599e+00 1.183857778055276633e+01 1.290691496275023553e+02
1.678994468255309735e+00 1.183652352292001808e+01 1.168331113774281533e+02
1.704956777588863881e+00 1.182994407291568351e+01 1.052962561657899698e+02
1.730853374239910591e+00 1.182516987227450045e+01 9.492088498264638474e+01
1.756224204287138990e+00 1.181868247233180469e+01 8.578601894101316816e+01
1.781538193780752621e+00 1.181100274378984416e+01 7.755990898286449919e+01
1.806608192293561732e+00 1.180441770709223270e+01 7.011495574757580584e+01
1.831601825311846010e+00 1.179624031732769751e+01 6.338319441901573015e+01
1.855952806066944127e+00 1.178606584924278167e+01 5.722771339156263792e+01
1.880185888962965235e+00 1.177576862103584432e+01 5.215001610888521100e+01
1.904107400439171593e+00 1.176508844571442225e+01 4.728882846538118656e+01
1.927694214763437053e+00 1.175346089982214615e+01 4.297157752120184426e+01
1.950935488203987100e+00 1.174108056900704611e+01 3.903619564874696124e+01
1.973801390834452718e+00 1.172812204878434272e+01 3.555259896523699581e+01
1.996292768820317143e+00 1.171454763116193476e+01 3.236443017755740925e+01
2.018517769548110685e+00 1.170035573647647631e+01 2.945216635966257002e+01
2.040064026298484379e+00 1.168432739555408872e+01 2.690610813309965010e+01
